2268.9662106782775,0.0,8.63136295140125 2280.0,0.0,0.0
2221.708061226923,0.0,45.599826679738754 2268.9662106782775,0.0,8.63136295140125
2174.449911775568,0.0,82.56829040807631 2221.708061226923,0.0,45.599826679738754
2127.1917623242134,0.0,119.53675413641389 2174.449911775568,0.0,82.56829040807631
2079.9336128728587,0.0,156.5052178647515 2127.1917623242134,0.0,119.53675413641389
2032.675463421504,0.0,193.4736815930891 2079.9336128728587,0.0,156.5052178647515
1985.4173139701493,0.0,230.44214532142672 2032.675463421504,0.0,193.4736815930891
1954.776138358277,0.0,178.85611662060114 1985.4173139701493,0.0,230.44214532142672
1902.2020229409177,0.0,207.7691307851983 1954.776138358277,0.0,178.85611662060114
1849.6279075235586,0.0,236.68214494979551 1902.2020229409177,0.0,207.7691307851983
1863.1157287116494,0.0,178.21780813154285 1849.6279075235586,0.0,236.68214494979551
1803.4751068330775,0.0,184.77495857492895 1863.1157287116494,0.0,178.21780813154285
1747.533428296069,0.0,206.46662984438126 1803.4751068330775,0.0,184.77495857492895
1691.5917497590603,0.0,228.1583011138336 1747.533428296069,0.0,206.46662984438126
1635.6500712220518,0.0,249.84997238328594 1691.5917497590603,0.0,228.1583011138336
1579.7083926850432,0.0,271.5416436527383 1635.6500712220518,0.0,249.84997238328594
1523.7667141480345,0.0,293.23331492219063 1579.7083926850432,0.0,271.5416436527383
1467.8250356110257,0.0,314.924986191643 1523.7667141480345,0.0,293.23331492219063
1411.883357074017,0.0,336.6166574610953 1467.8250356110257,0.0,314.924986191643
1355.9416785370086,0.0,358.30832873054766 1411.883357074017,0.0,336.6166574610953
1300.0,0.0,380.0 1355.9416785370086,0.0,358.30832873054766
