起始树
1200.0,0.0,280.0 1165.7402803595414,24.248857579633384,237.12501293014964
1165.7402803595414,24.248857579633384,237.12501293014964 1178.8413182826534,81.9338919009345,247.16491435832586
1178.8413182826534,81.9338919009345,247.16491435832586 1187.6779948409062,24.18143825996765,260.8238764657776
1187.6779948409062,24.18143825996765,260.8238764657776 1151.829490319383,71.67415600882347,268.526245218171
1151.829490319383,71.67415600882347,268.526245218171 1210.5181812657777,67.23906974479874,256.86573215787894
1210.5181812657777,67.23906974479874,256.86573215787894 1178.7979569364088,116.79054854757506,245.0980511224104
1151.829490319383,71.67415600882347,268.526245218171 1169.1996249176618,106.01217442561904,314.5607856768906
1151.829490319383,71.67415600882347,268.526245218171 1130.7832191815057,111.6943250934052,229.08717147610088
1130.7832191815057,111.6943250934052,229.08717147610088 1077.748054250908,104.08423416716947,256.093796531422
1151.829490319383,71.67415600882347,268.526245218171 1139.4869823059862,40.92795275194187,318.5495745878337
1187.6779948409062,24.18143825996765,260.8238764657776 1185.3466069393273,68.53726584311579,301.16151633062844
1178.8413182826534,81.9338919009345,247.16491435832586 1127.6578109113955,106.97153836997627,228.36691360112692
1127.6578109113955,106.97153836997627,228.36691360112692 1124.2482284659886,158.90323427390416,258.2244705690025
1124.2482284659886,158.90323427390416,258.2244705690025 1143.4147431919403,125.52716625900709,212.19531896781777
1143.4147431919403,125.52716625900709,212.19531896781777 1147.9973755734725,178.6658890824966,239.6775972056948
1124.2482284659886,158.90323427390416,258.2244705690025 1094.3859887349965,121.52781377970643,222.0122546587512
1094.3859887349965,121.52781377970643,222.0122546587512 1095.9260767850988,180.95719589506834,213.90197290136234
1095.9260767850988,180.95719589506834,213.90197290136234 1142.8113050868426,186.68577354361918,250.90141567038083
1094.3859887349965,121.52781377970643,222.0122546587512 1058.06940482314,78.17498173301152,242.05315500040612
1127.6578109113955,106.97153836997627,228.36691360112692 1151.5156352308143,67.36472439784565,266.60438874947835
1151.5156352308143,67.36472439784565,266.60438874947835 1141.4838235375169,106.6744325711819,310.8097006189513
1141.4838235375169,106.6744325711819,310.8097006189513 1198.8642440855542,112.5875403408316,327.3179559548394
1127.6578109113955,106.97153836997627,228.36691360112692 1171.1561204794061,72.66036048518775,251.40254115680514
1171.1561204794061,72.66036048518775,251.40254115680514 1194.264633942046,120.89211630870244,278.59986337293236
1171.1561204794061,72.66036048518775,251.40254115680514 1132.72426602758,84.62151482439818,206.90621152988842
1178.8413182826534,81.9338919009345,247.16491435832586 1150.903912960169,96.08183122634895,298.34437505000966
1165.7402803595414,24.248857579633384,237.12501293014964 1121.1535683851382,24.38576545812272,196.97521378314983
1121.1535683851382,24.38576545812272,196.97521378314983 1177.7830998496963,4.585956398947893,198.0065853577204
1177.7830998496963,4.585956398947893,198.0065853577204 1214.2522833741218,42.466108572809084,226.90455629595226
1165.7402803595414,24.248857579633384,237.12501293014964 1205.439055383875,-17.023559478281935,255.03017564275447
1205.439055383875,-17.023559478281935,255.03017564275447 1200.474456727181,-70.01453382061275,282.73052579267835
1200.474456727181,-70.01453382061275,282.73052579267835 1236.4562904277022,-35.996111789924186,316.613480299185
1205.439055383875,-17.023559478281935,255.03017564275447 1226.976938965303,38.573333048217364,248.3141416769571
1226.976938965303,38.573333048217364,248.3141416769571 1193.2022223411984,80.99608033955086,273.9964123946546
1205.439055383875,-17.023559478281935,255.03017564275447 1201.5267956528473,-22.48270982491057,195.40726141265426
1165.7402803595414,24.248857579633384,237.12501293014964 1133.8864796376422,-20.56845857974078,213.10952726276753
1165.7402803595414,24.248857579633384,237.12501293014964 1132.182107231008,-14.220720355055018,205.59818959188232
1132.182107231008,-14.220720355055018,205.59818959188232 1093.0970687912807,26.811758583059177,225.31355016069358
1200.0,0.0,280.0 1211.1019883965944,53.822687511939556,304.08036882263207
1211.1019883965944,53.822687511939556,304.08036882263207 1167.1331296913586,27.97141418601367,335.67864617421054
1211.1019883965944,53.822687511939556,304.08036882263207 1207.1511757291792,14.308393715414873,349.05827078602874
1207.1511757291792,14.308393715414873,349.05827078602874 1230.55837809808,51.43256244966153,389.97158124915916
1207.1511757291792,14.308393715414873,349.05827078602874 1178.057787756545,63.55298608248205,367.18407832321657
1211.1019883965944,53.822687511939556,304.08036882263207 1194.3722597437575,109.43476360379402,289.00014428994564
1194.3722597437575,109.43476360379402,289.00014428994564 1221.7370439286235,153.1967918631026,319.5951352058976
1200.0,0.0,280.0 1216.4464447073956,47.931751704845915,247.87428389916292
1216.4464447073956,47.931751704845915,247.87428389916292 1221.9602331391832,38.78252578914959,306.91570835922346
1221.9602331391832,38.78252578914959,306.91570835922346 1181.2379231023183,17.452840989457115,345.47395017089354
1181.2379231023183,17.452840989457115,345.47395017089354 1207.2247024239273,61.17590104494297,377.3013176378138
1216.4464447073956,47.931751704845915,247.87428389916292 1211.1341447441478,14.423072319586964,297.36112937305023
1216.4464447073956,47.931751704845915,247.87428389916292 1172.235800189551,51.66619887010368,207.48278955088858
1172.235800189551,51.66619887010368,207.48278955088858 1114.031761443724,37.09975965906609,207.81252032808638
1114.031761443724,37.09975965906609,207.81252032808638 1109.72169626037,-22.22919508134276,215.65461619116778
1172.235800189551,51.66619887010368,207.48278955088858 1138.1918106292937,42.61126853559667,256.05248186470016
1138.1918106292937,42.61126853559667,256.05248186470016 1179.6629611794456,51.07877800294513,213.52666669947368
1138.1918106292937,42.61126853559667,256.05248186470016 1096.615495735074,-0.6485205753802106,256.0786713758483
1172.235800189551,51.66619887010368,207.48278955088858 1140.7959489253324,4.620986397188496,187.525742277755
1172.235800189551,51.66619887010368,207.48278955088858 1157.7486064965426,0.6059253323887077,179.50119407895417
1216.4464447073956,47.931751704845915,247.87428389916292 1243.2327944642675,31.66127746779701,299.0383644127816
1243.2327944642675,31.66127746779701,299.0383644127816 1235.838423483245,-13.785204594323442,260.56836901412873
1243.2327944642675,31.66127746779701,299.0383644127816 1193.3064527463707,60.869736907679226,314.9828399393258
1216.4464447073956,47.931751704845915,247.87428389916292 1248.4634311830575,27.184566449979748,201.5658950153166
1248.4634311830575,27.184566449979748,201.5658950153166 1202.8405161087721,-1.5732349371259318,175.2687757908781
1248.4634311830575,27.184566449979748,201.5658950153166 1202.6299518295498,-8.575208109593284,216.4161708982788
1248.4634311830575,27.184566449979748,201.5658950153166 1214.657838546921,62.043964072858365,236.80797645057865
1248.4634311830575,27.184566449979748,201.5658950153166 1209.1645315457192,-18.14596048741482,200.70577009848594
1248.4634311830575,27.184566449979748,201.5658950153166 1223.1621667005966,17.730322386258592,255.14259969908898
1223.1621667005966,17.730322386258592,255.14259969908898 1181.2013983983134,-24.00303144864381,245.26226057672383
1181.2013983983134,-24.00303144864381,245.26226057672383 1226.9583986533944,-53.98771545927647,220.62051444462048
1248.4634311830575,27.184566449979748,201.5658950153166 1201.2372145876986,33.66192415254231,165.1278887130872
1248.4634311830575,27.184566449979748,201.5658950153166 1223.4959093858106,81.09754250594054,209.93332401671216
1248.4634311830575,27.184566449979748,201.5658950153166 1195.1729913391434,41.44920413178432,225.15930793182793
1248.4634311830575,27.184566449979748,201.5658950153166 1219.5945111189612,-3.5369304543843363,158.8719249224808
1219.5945111189612,-3.5369304543843363,158.8719249224808 1224.8779686372397,-59.53937360644481,179.7480222026905
1248.4634311830575,27.184566449979748,201.5658950153166 1230.497310568103,-8.503909688416911,156.8048496637165
1248.4634311830575,27.184566449979748,201.5658950153166 1220.353832570531,61.52816451285355,161.18808256914247
1248.4634311830575,27.184566449979748,201.5658950153166 1227.2239729757214,63.446515322281506,244.39061310010254
1227.2239729757214,63.446515322281506,244.39061310010254 1192.8573805123876,75.1973629475966,196.63231641203208
1248.4634311830575,27.184566449979748,201.5658950153166 1213.0433830381974,-19.0450988619179,187.13543297954973
1248.4634311830575,27.184566449979748,201.5658950153166 1206.2118602572623,6.156449657430983,238.61482291426435
1206.2118602572623,6.156449657430983,238.61482291426435 1167.7504424284275,51.379334169214815,229.91941866663717
1167.7504424284275,51.379334169214815,229.91941866663717 1198.5038308693906,51.338924032467695,178.4002235407417
1198.5038308693906,51.338924032467695,178.4002235407417 1202.9857787216176,11.132467460700596,222.7099628019078
1248.4634311830575,27.184566449979748,201.5658950153166 1194.5264684280896,48.62347421383642,186.3613798089038
1248.4634311830575,27.184566449979748,201.5658950153166 1203.7424091875293,-6.4506692858527686,223.21540098359344
1248.4634311830575,27.184566449979748,201.5658950153166 1198.321370440774,-4.295170181621433,211.30242037717787
1198.321370440774,-4.295170181621433,211.30242037717787 1219.7688355385374,30.992011902373807,254.83196231654574
1248.4634311830575,27.184566449979748,201.5658950153166 1207.6802271859876,64.41557896941126,225.03037835740872
1207.6802271859876,64.41557896941126,225.03037835740872 1172.2993339746242,16.792329149500468,233.98685490549803
1207.6802271859876,64.41557896941126,225.03037835740872 1176.4997378597423,28.882372037223064,261.9785622165674
1248.4634311830575,27.184566449979748,201.5658950153166 1243.7399156412587,51.853048319350954,147.0759472892737
1243.7399156412587,51.853048319350954,147.0759472892737 1243.8137483507078,-8.129540222458061,148.51942245534255
1243.8137483507078,-8.129540222458061,148.51942245534255 1203.6684566341053,8.362414276715146,189.94853045667517
1243.8137483507078,-8.129540222458061,148.51942245534255 1200.3705671450311,-48.71562435597462,156.6101443908601
1243.8137483507078,-8.129540222458061,148.51942245534255 1195.3751908852805,-42.11795873798332,158.44381450130652
1195.3751908852805,-42.11795873798332,158.44381450130652 1162.0879013064762,-81.54844097557672,189.05742949541747
1243.8137483507078,-8.129540222458061,148.51942245534255 1236.2306848505734,-45.25354208432306,195.04152079272598
1243.8137483507078,-8.129540222458061,148.51942245534255 1200.8902475800774,-28.948434172298903,184.90824953590365
1200.8902475800774,-28.948434172298903,184.90824953590365 1169.0374598904389,-55.90413143732279,228.02193995269812
1200.8902475800774,-28.948434172298903,184.90824953590365 1234.5944645735403,12.852989474903609,158.13761753132334
1243.8137483507078,-8.129540222458061,148.51942245534255 1202.3244246715828,13.345720680488917,186.1684488677102
1243.8137483507078,-8.129540222458061,148.51942245534255 1200.6807961659879,-39.949309795966805,175.48330014605068
1243.8137483507078,-8.129540222458061,148.51942245534255 1198.2442319227114,27.79494266488117,163.77886876888374
1243.8137483507078,-8.129540222458061,148.51942245534255 1233.1190036428204,-61.251864945190206,174.28065401918118
1243.8137483507078,-8.129540222458061,148.51942245534255 1240.895362176579,14.36499771377012,204.0665086541185
1243.8137483507078,-8.129540222458061,148.51942245534255 1208.1948886314149,32.710790625044474,174.27528020778146
1243.8137483507078,-8.129540222458061,148.51942245534255 1207.5437505361012,34.445043669319915,170.2424992394999
1207.5437505361012,34.445043669319915,170.2424992394999 1190.7411106662275,83.38060881891727,200.62311406034985
1243.8137483507078,-8.129540222458061,148.51942245534255 1211.024068097183,37.07575087994666,170.45839520290906
1243.8137483507078,-8.129540222458061,148.51942245534255 1237.6946043288776,40.68550959871724,182.86541184852024
1243.8137483507078,-8.129540222458061,148.51942245534255 1235.8957209199,-67.59290974784493,149.70791994893196
1243.8137483507078,-8.129540222458061,148.51942245534255 1219.5368523030415,-60.76600160305955,164.01249353951596
1243.8137483507078,-8.129540222458061,148.51942245534255 1221.5988037762652,-51.12281454996449,183.9887697872885
1243.8137483507078,-8.129540222458061,148.51942245534255 1189.7059683672646,-29.84180045809607,162.69425581320732
1243.8137483507078,-8.129540222458061,148.51942245534255 1197.1490702509889,-4.729428126298757,186.08066651864743
1243.8137483507078,-8.129540222458061,148.51942245534255 1194.3875377878885,-39.32884274289536,162.07129434221028
1243.8137483507078,-8.129540222458061,148.51942245534255 1205.792933253967,-47.302199001811296,173.41762366618931
1243.8137483507078,-8.129540222458061,148.51942245534255 1214.0987755518631,-54.09804850013427,173.09413788175468
1243.8137483507078,-8.129540222458061,148.51942245534255 1237.479086306926,51.474501036993,145.83049658564528
1243.8137483507078,-8.129540222458061,148.51942245534255 1210.5128050827977,17.94414964268171,191.07773391484412
1243.8137483507078,-8.129540222458061,148.51942245534255 1197.8636977638726,9.174606618000944,183.00361235725427
1197.8636977638726,9.174606618000944,183.00361235725427 1177.228086364119,-37.66893715201467,214.30623124489676
1243.8137483507078,-8.129540222458061,148.51942245534255 1246.8714547975255,18.86403856642284,202.01705918308565
1243.7399156412587,51.853048319350954,147.0759472892737 1204.7200480751615,13.536064690404366,171.75911363201183
1243.7399156412587,51.853048319350954,147.0759472892737 1194.451569746924,54.2300139468846,181.20817536489068
1243.7399156412587,51.853048319350954,147.0759472892737 1222.937617474241,97.62786186378852,179.81630214291675
1243.7399156412587,51.853048319350954,147.0759472892737 1238.7408049754201,104.5895647903505,175.25162337796218
1243.7399156412587,51.853048319350954,147.0759472892737 1222.5060439445513,31.207299537040633,199.2571292420189
1222.5060439445513,31.207299537040633,199.2571292420189 1185.5905216711587,64.93701195462373,232.4166032352806
1243.7399156412587,51.853048319350954,147.0759472892737 1206.8246465194088,97.87349969879182,158.0021067469204
1206.8246465194088,97.87349969879182,158.0021067469204 1199.0244987208423,63.85074540088284,206.80384733375433
1243.7399156412587,51.853048319350954,147.0759472892737 1239.9939311020544,78.21224538845888,200.8454584429375
1243.7399156412587,51.853048319350954,147.0759472892737 1192.6923878874513,29.594617481162054,169.40781167283615
1192.6923878874513,29.594617481162054,169.40781167283615 1213.0738425655868,80.16101900752942,194.46046306699606
1243.7399156412587,51.853048319350954,147.0759472892737 1237.2461306772955,102.84261210375605,178.02582841857514
1243.7399156412587,51.853048319350954,147.0759472892737 1229.0958433964884,12.27270596740729,189.72506975847446
1243.7399156412587,51.853048319350954,147.0759472892737 1200.9596999399266,91.4949378386307,161.16046857644267
1200.9596999399266,91.4949378386307,161.16046857644267 1218.265361199817,136.71069089194455,196.60126095160928
1218.265361199817,136.71069089194455,196.60126095160928 1194.900298144633,163.06817204492725,245.1744738955503
1243.7399156412587,51.853048319350954,147.0759472892737 1235.9201482489595,110.19239661439204,158.710880827555
1235.9201482489595,110.19239661439204,158.710880827555 1231.3629332964074,76.3948200359309,208.07641140608004
1235.9201482489595,110.19239661439204,158.710880827555 1192.0080102842248,70.94154317904284,170.16053776402424
1235.9201482489595,110.19239661439204,158.710880827555 1187.5795385097667,130.9239176017089,187.57936689100308
1235.9201482489595,110.19239661439204,158.710880827555 1191.4499681986185,150.46943174915225,159.11526559920858
1235.9201482489595,110.19239661439204,158.710880827555 1206.0450281694746,103.05886330735473,210.25299858375257
1235.9201482489595,110.19239661439204,158.710880827555 1194.4415297067537,83.24372156903034,192.67105039617863
1235.9201482489595,110.19239661439204,158.710880827555 1207.1098639793586,58.21262906552669,166.96141328738503
1235.9201482489595,110.19239661439204,158.710880827555 1178.340255166759,101.6632155004014,173.2645395485472
1235.9201482489595,110.19239661439204,158.710880827555 1192.5100280459308,131.98878875571953,193.93131173888915
1243.7399156412587,51.853048319350954,147.0759472892737 1223.557873382057,87.51507672174165,190.90407639005647
1243.7399156412587,51.853048319350954,147.0759472892737 1210.4559460277112,5.14219206031467,164.690522910392
1248.4634311830575,27.184566449979748,201.5658950153166 1217.7256129174636,64.09073616870228,237.5258889664308
1248.4634311830575,27.184566449979748,201.5658950153166 1219.3014935026104,34.43994547867602,149.63381566284247
1248.4634311830575,27.184566449979748,201.5658950153166 1235.6679853269786,-23.05671566086015,171.36506494057943
1248.4634311830575,27.184566449979748,201.5658950153166 1195.7899005302156,37.86361015251367,174.8927400807482
1248.4634311830575,27.184566449979748,201.5658950153166 1227.733822885813,28.262232721869296,257.8608501645059
1248.4634311830575,27.184566449979748,201.5658950153166 1214.73846758477,-12.454510155895882,171.7100675083173
1248.4634311830575,27.184566449979748,201.5658950153166 1237.3963954475178,-27.322231978387514,179.05968153730956
1248.4634311830575,27.184566449979748,201.5658950153166 1239.2824324540761,-24.41117177404368,230.78214151373746
1216.4464447073956,47.931751704845915,247.87428389916292 1229.4254971581377,57.90297689280297,190.14977553631985
1216.4464447073956,47.931751704845915,247.87428389916292 1241.9892399354883,3.399762811442237,216.81840559676263
1216.4464447073956,47.931751704845915,247.87428389916292 1163.9308168068783,20.2107943345309,256.45666985457035
1216.4464447073956,47.931751704845915,247.87428389916292 1226.2951291337881,82.32805996648301,296.03959707202387
1216.4464447073956,47.931751704845915,247.87428389916292 1215.8680272921372,44.95916872464657,187.95075610148103
1215.8680272921372,44.95916872464657,187.95075610148103 1192.8709227872212,83.94689848978987,227.33463747635483
1200.0,0.0,280.0 1241.4157675723845,-43.302660587837465,276.8993899947307
1241.4157675723845,-43.302660587837465,276.8993899947307 1200.0466232169888,-53.167716403161364,234.5759382325816
1200.0466232169888,-53.167716403161364,234.5759382325816 1181.8260952478563,-104.42189771397406,209.25754059994293
1181.8260952478563,-104.42189771397406,209.25754059994293 1186.9707577984732,-164.10788677378014,205.92360040956925
1186.9707577984732,-164.10788677378014,205.92360040956925 1228.7573303219388,-144.48264062268515,244.24764077916078
1228.7573303219388,-144.48264062268515,244.24764077916078 1187.826202624708,-160.30127416917978,285.16724021701816
1181.8260952478563,-104.42189771397406,209.25754059994293 1147.9129828194143,-74.20777384439387,248.46222812847097
1147.9129828194143,-74.20777384439387,248.46222812847097 1105.1837246197786,-112.45914425966303,230.82581253281415
1105.1837246197786,-112.45914425966303,230.82581253281415 1060.4250223765262,-132.48820719620537,265.4017465243046
1147.9129828194143,-74.20777384439387,248.46222812847097 1149.0931578158145,-130.9532418530315,229.0056341958589
1181.8260952478563,-104.42189771397406,209.25754059994293 1145.5485249356673,-118.0773985250398,255.05563215235549
1241.4157675723845,-43.302660587837465,276.8993899947307 1198.1964988899465,-84.61500976786053,281.9377051677891
1198.1964988899465,-84.61500976786053,281.9377051677891 1173.156771944027,-138.15566073382092,271.6221456281909
1173.156771944027,-138.15566073382092,271.6221456281909 1135.2284132421244,-149.12023315131822,316.8019835858603
1173.156771944027,-138.15566073382092,271.6221456281909 1154.059229742103,-184.77461999229715,239.03447127879502
1154.059229742103,-184.77461999229715,239.03447127879502 1192.625775818119,-206.08562783948548,279.75869586691476
1198.1964988899465,-84.61500976786053,281.9377051677891 1174.321027456564,-40.7340488206108,248.70484296514869
1241.4157675723845,-43.302660587837465,276.8993899947307 1205.5672309689787,-74.63611010472428,313.4109958861041
1205.5672309689787,-74.63611010472428,313.4109958861041 1155.759625964122,-82.3009824365002,280.8464105852325
1155.759625964122,-82.3009824365002,280.8464105852325 1183.4689366670605,-83.78901079827543,334.04396571667235
1183.4689366670605,-83.78901079827543,334.04396571667235 1233.0880595015713,-64.24707269538328,306.5475058660579
1183.4689366670605,-83.78901079827543,334.04396571667235 1215.2284963566183,-127.91454560817137,359.42639164616304
1155.759625964122,-82.3009824365002,280.8464105852325 1214.5334556802193,-91.14657892375521,272.63712539784433
1205.5672309689787,-74.63611010472428,313.4109958861041 1222.8476438863206,-63.225771570891766,369.7243291558503
1241.4157675723845,-43.302660587837465,276.8993899947307 1188.5444198528407,-36.20156462133263,249.4367785676728
1188.5444198528407,-36.20156462133263,249.4367785676728 1215.3967213818285,6.890777378046515,281.4055752857989
1215.3967213818285,6.890777378046515,281.4055752857989 1220.6217108809542,-49.79648897749648,300.3595542313857
1215.3967213818285,6.890777378046515,281.4055752857989 1201.3620981834404,64.42114151316697,291.0640717609088
1201.3620981834404,64.42114151316697,291.0640717609088 1228.566641343856,104.83717131300861,256.04325842581625
1188.5444198528407,-36.20156462133263,249.4367785676728 1149.2931800177175,1.6185398887323572,274.5162495799052
1241.4157675723845,-43.302660587837465,276.8993899947307 1212.3309359520385,2.061302811661861,303.28467745393823
1212.3309359520385,2.061302811661861,303.28467745393823 1229.2670456066987,39.067221885459794,347.3724324803494
1212.3309359520385,2.061302811661861,303.28467745393823 1238.227883891555,-39.08541585796128,268.1236815900429
1212.3309359520385,2.061302811661861,303.28467745393823 1202.973071816389,-45.05986185915551,339.2294436777494
1241.4157675723845,-43.302660587837465,276.8993899947307 1204.6546412242565,-2.443411020023916,252.83403493040456
1241.4157675723845,-43.302660587837465,276.8993899947307 1194.4605442526376,-74.27251164115242,297.78180673054425
1194.4605442526376,-74.27251164115242,297.78180673054425 1239.0110177955717,-39.338203177657086,277.91098894974584
1239.0110177955717,-39.338203177657086,277.91098894974584 1242.219518502845,14.004510788365877,250.62985279396074
1200.0,0.0,280.0 1228.1433820860786,-35.05764801792319,240.26448238403842
1228.1433820860786,-35.05764801792319,240.26448238403842 1192.0177637237512,-38.962477080987355,192.51836203978732
1192.0177637237512,-38.962477080987355,192.51836203978732 1234.302198676264,-65.82025011943219,225.54390651920664
1234.302198676264,-65.82025011943219,225.54390651920664 1206.098230166638,-56.50933648426557,173.41097021607402
1206.098230166638,-56.50933648426557,173.41097021607402 1162.2382665104465,-96.92962157336464,179.93049024392312
1234.302198676264,-65.82025011943219,225.54390651920664 1196.6646742214366,-27.740931184962314,198.46287584459606
1196.6646742214366,-27.740931184962314,198.46287584459606 1162.4414344378208,-56.20520792896548,238.6941423938105
1162.4414344378208,-56.20520792896548,238.6941423938105 1129.9417778379127,-47.94582468568162,288.44909098516786
1129.9417778379127,-47.94582468568162,288.44909098516786 1169.959090656006,-69.6097144247521,249.34294624815425
1129.9417778379127,-47.94582468568162,288.44909098516786 1162.496432944059,-90.06805280866824,260.77396986754786
1129.9417778379127,-47.94582468568162,288.44909098516786 1166.0948580176898,-94.99587949282989,279.54700492857677
1196.6646742214366,-27.740931184962314,198.46287584459606 1240.189201826376,-29.883325879074587,157.21938373079078
1234.302198676264,-65.82025011943219,225.54390651920664 1197.406809418522,-27.003729560893596,198.4882604679987
1197.406809418522,-27.003729560893596,198.4882604679987 1218.8982142154857,-74.03544689529284,228.92076093099408
1197.406809418522,-27.003729560893596,198.4882604679987 1185.1445035364275,27.84364896464203,177.4787168430038
1185.1445035364275,27.84364896464203,177.4787168430038 1173.8249916519958,81.38132143378735,202.0873794902248
1234.302198676264,-65.82025011943219,225.54390651920664 1232.526426800731,-109.86134876179736,184.83483793959496
1232.526426800731,-109.86134876179736,184.83483793959496 1235.140245905802,-92.34508181485295,242.1615188301659
1234.302198676264,-65.82025011943219,225.54390651920664 1201.5651293851681,-16.61373341190953,215.1996807027287
1192.0177637237512,-38.962477080987355,192.51836203978732 1145.2470466929947,-1.382794112641463,193.03552393660902
1192.0177637237512,-38.962477080987355,192.51836203978732 1149.6639157224424,-77.19885862376047,211.0691217546214
1149.6639157224424,-77.19885862376047,211.0691217546214 1205.4048543928607,-76.88675198611618,233.26935476212424
1205.4048543928607,-76.88675198611618,233.26935476212424 1225.619293459704,-30.663018896568488,200.79254838466267
1225.619293459704,-30.663018896568488,200.79254838466267 1194.7894902138294,20.763895194030823,198.60263082028507
1225.619293459704,-30.663018896568488,200.79254838466267 1175.3150314439642,-22.617710363148973,169.0946898820148
1192.0177637237512,-38.962477080987355,192.51836203978732 1206.6003535363432,13.287908558948502,166.8815667089416
1206.6003535363432,13.287908558948502,166.8815667089416 1168.2583194274519,10.603430065348206,212.9541398475239
1228.1433820860786,-35.05764801792319,240.26448238403842 1222.961020242421,-64.29303913041427,292.4030960232701
1222.961020242421,-64.29303913041427,292.4030960232701 1220.769503894075,-118.73589817144166,317.526239845924
1222.961020242421,-64.29303913041427,292.4030960232701 1209.1479071630781,-122.6798105774608,291.9755132270287
1209.1479071630781,-122.6798105774608,291.9755132270287 1215.777145110236,-158.14159918530925,339.91834118880246
1222.961020242421,-64.29303913041427,292.4030960232701 1181.6780451095954,-20.7588752798492,293.10490939921556
1222.961020242421,-64.29303913041427,292.4030960232701 1179.9384466187475,-106.02686611226824,289.6927742260906
1228.1433820860786,-35.05764801792319,240.26448238403842 1244.266572119014,18.044029323350927,263.0735728241474
1228.1433820860786,-35.05764801792319,240.26448238403842 1206.3075279907791,-5.465927434257324,192.85640766224614
1228.1433820860786,-35.05764801792319,240.26448238403842 1221.6896625544073,-78.12914675759679,198.99469318509995
1221.6896625544073,-78.12914675759679,198.99469318509995 1222.712109337805,-99.22805953326122,255.15331213410923
1200.0,0.0,280.0 1173.2337244656876,-19.968768654145176,329.8479164304638
1173.2337244656876,-19.968768654145176,329.8479164304638 1203.286369882095,11.115691157691643,371.4483354389545
1203.286369882095,11.115691157691643,371.4483354389545 1225.9387020711924,-29.193307991803913,333.2114888906217
1200.0,0.0,280.0 1228.7236039429474,-16.733520229620698,230.05058681772556
1228.7236039429474,-16.733520229620698,230.05058681772556 1195.645915387915,-59.89312223394681,204.69086925848526
1195.645915387915,-59.89312223394681,204.69086925848526 1175.5994368702784,-5.483916580185827,189.27084853318544
1200.0,0.0,280.0 1217.267479367686,-45.28261306738463,244.62601082608776
1217.267479367686,-45.28261306738463,244.62601082608776 1200.3448643055708,-12.918910413579496,197.02122272661651
1200.3448643055708,-12.918910413579496,197.02122272661651 1232.4187871023844,26.815948615562334,165.5187711655352
1217.267479367686,-45.28261306738463,244.62601082608776 1171.4660406326193,-15.661717185099874,269.62262533543236
1171.4660406326193,-15.661717185099874,269.62262533543236 1133.6513006557448,16.441520312584778,235.8672171369137
1133.6513006557448,16.441520312584778,235.8672171369137 1093.4809493564842,56.40229476845185,255.60244911886215
1200.0,0.0,280.0 1154.6500377796374,-39.285301744398424,280.21446086645153
1154.6500377796374,-39.285301744398424,280.21446086645153 1149.3291296606724,-86.20700540057602,243.20038701890832
1200.0,0.0,280.0 1236.0493717831,36.39491494900009,311.2386452955132
1200.0,0.0,280.0 1231.3825557880382,-44.01186837745443,306.0401734659411
1231.3825557880382,-44.01186837745443,306.0401734659411 1204.7733627833052,-91.12213082445615,331.9742055437242
1200.0,0.0,280.0 1248.590857687775,7.289048711676555,245.5645775683643
1248.590857687775,7.289048711676555,245.5645775683643 1202.085750825669,38.32951505397604,267.3307091722271
1248.590857687775,7.289048711676555,245.5645775683643 1231.5400244627858,51.5934211474952,208.87136744166816
1248.590857687775,7.289048711676555,245.5645775683643 1211.6254756802807,-39.960706299582085,244.55404087132771
1248.590857687775,7.289048711676555,245.5645775683643 1214.5116706388794,48.134663937441694,217.81129439474464
1248.590857687775,7.289048711676555,245.5645775683643 1223.6357333783208,-38.242371582415664,215.49579746836002
1223.6357333783208,-38.242371582415664,215.49579746836002 1208.7838006636057,-96.37352059048541,215.9312393579051
1248.590857687775,7.289048711676555,245.5645775683643 1225.0723340238012,-47.58431802367674,239.58188020057753
1225.0723340238012,-47.58431802367674,239.58188020057753 1194.649169831063,-64.2184748020636,288.5485618195492
1194.649169831063,-64.2184748020636,288.5485618195492 1202.085162787894,-52.95916197678537,230.0854633432583
1194.649169831063,-64.2184748020636,288.5485618195492 1159.0481082865751,-110.26617110331617,303.11475838053224
1194.649169831063,-64.2184748020636,288.5485618195492 1233.6461593225984,-101.14276826452436,261.7935368168479
1248.590857687775,7.289048711676555,245.5645775683643 1230.1546122313384,61.62069343324058,263.1195550767453
1248.590857687775,7.289048711676555,245.5645775683643 1197.342092449851,12.773377755501965,276.28079798245824
1197.342092449851,12.773377755501965,276.28079798245824 1142.0060427550507,-0.3356997381610398,257.1477456530537
1142.0060427550507,-0.3356997381610398,257.1477456530537 1148.6697033362664,46.698213938001395,293.8002570535246
1142.0060427550507,-0.3356997381610398,257.1477456530537 1104.7121983371248,-14.32669297234867,212.27658256524802
1197.342092449851,12.773377755501965,276.28079798245824 1232.6984910920141,-32.860728537723986,259.92679486777706
1248.590857687775,7.289048711676555,245.5645775683643 1206.7510274735344,16.518457140260992,287.56751350981835
1248.590857687775,7.289048711676555,245.5645775683643 1210.8099451037367,-27.076966973444392,277.053934663219
1210.8099451037367,-27.076966973444392,277.053934663219 1193.6210691867916,25.597871598139783,254.03429248160793
1210.8099451037367,-27.076966973444392,277.053934663219 1177.8286832676306,11.860315547809364,245.49249620489962
1248.590857687775,7.289048711676555,245.5645775683643 1215.6835768254227,-33.384230110395734,216.1912009135052
1215.6835768254227,-33.384230110395734,216.1912009135052 1174.3865482005374,-60.95776133694294,182.51248653106424
1248.590857687775,7.289048711676555,245.5645775683643 1203.4135879381943,11.037118910526226,284.87063648754514
1248.590857687775,7.289048711676555,245.5645775683643 1210.3187013956897,9.70415689874446,199.41905443557334
1210.3187013956897,9.70415689874446,199.41905443557334 1242.3712859472207,-24.076709266055794,161.58408509869128
1248.590857687775,7.289048711676555,245.5645775683643 1229.9559403680369,27.338637504592185,192.17212636295972
1229.9559403680369,27.338637504592185,192.17212636295972 1214.3543931377749,61.470052448252105,238.9870624193682
1248.590857687775,7.289048711676555,245.5645775683643 1215.5710075076097,46.339993751549784,276.9447175548626
1248.590857687775,7.289048711676555,245.5645775683643 1210.8368530220403,-23.880092550299416,210.87856072164846
1248.590857687775,7.289048711676555,245.5645775683643 1208.494570050984,-4.413433143304099,288.6382311884321
1208.494570050984,-4.413433143304099,288.6382311884321 1238.4720418749127,29.454377125665104,249.2133328292649
1248.590857687775,7.289048711676555,245.5645775683643 1193.33202102129,15.868656014340813,223.81943308048338
1193.33202102129,15.868656014340813,223.81943308048338 1174.4972965857503,-5.03229081463517,276.8138061505519
1174.4972965857503,-5.03229081463517,276.8138061505519 1119.3282105143103,-11.5823930935355,299.4736407081558
1174.4972965857503,-5.03229081463517,276.8138061505519 1139.9450856772762,40.08696466223188,296.05952012924166
1193.33202102129,15.868656014340813,223.81943308048338 1236.784823888741,-9.897995925095836,256.19123517419416
1248.590857687775,7.289048711676555,245.5645775683643 1218.674831232667,24.32789857816504,294.70426576807256
1218.674831232667,24.32789857816504,294.70426576807256 1248.7770741507993,-6.253316867666225,252.76807336636068
1218.674831232667,24.32789857816504,294.70426576807256 1212.7839008873382,-34.932347928556744,302.02001068086537
1218.674831232667,24.32789857816504,294.70426576807256 1231.4148217264558,43.093067428144366,350.2520927305194
1248.590857687775,7.289048711676555,245.5645775683643 1237.2057317005313,-49.41673396623025,229.60108430590483
1248.590857687775,7.289048711676555,245.5645775683643 1198.6315615760216,25.58287019749691,217.82643005518165
1198.6315615760216,25.58287019749691,217.82643005518165 1231.3527673886751,74.33642284269814,205.48083186645235
1248.590857687775,7.289048711676555,245.5645775683643 1201.195631179395,22.39253472161659,279.11420073415985
1248.590857687775,7.289048711676555,245.5645775683643 1238.119617306752,-50.51282606225099,233.34588706970484
1248.590857687775,7.289048711676555,245.5645775683643 1207.003624127806,23.982544087354285,285.462312052553
1200.0,0.0,280.0 1215.9281404358137,46.51500405217177,245.61033963117052
1200.0,0.0,280.0 1230.3055241297536,16.08780974927256,329.22151546521224
1200.0,0.0,280.0 1160.4113447879377,-29.725302867603546,313.8990375664219
1200.0,0.0,280.0 1215.7081713633258,-51.44381266035537,306.58547519580287
1200.0,0.0,280.0 1212.7647884549192,47.03835034971789,314.9921958739139
1212.7647884549192,47.03835034971789,314.9921958739139 1228.9610899247218,78.30325002429055,363.5739400484305
1228.9610899247218,78.30325002429055,363.5739400484305 1202.8848489753227,28.90375075603331,385.47643145909734
1212.7647884549192,47.03835034971789,314.9921958739139 1205.6078180974262,36.74036897419635,373.6669720123141
1205.6078180974262,36.74036897419635,373.6669720123141 1163.9834393124813,3.39015789815317,346.1865332976429
1200.0,0.0,280.0 1169.3287905707482,-37.49568684103762,244.59731111249016
1169.3287905707482,-37.49568684103762,244.59731111249016 1159.2953624233683,7.90760840398066,282.5165819454725
1200.0,0.0,280.0 1184.5869975963883,-34.0391831092573,326.944364626233
1200.0,0.0,280.0 1194.5924159724689,55.365815776324276,302.4807579589148
1200.0,0.0,280.0 1214.0230463732362,-32.9522907008585,328.1404269609253
1200.0,0.0,280.0 1240.0475860870372,-44.638785500857125,278.11064095264794
1240.0475860870372,-44.638785500857125,278.11064095264794 1231.8067017972135,-25.71549334701056,334.4488769933859
1231.8067017972135,-25.71549334701056,334.4488769933859 1173.5213339798229,-11.644849204883412,332.250497631878
1200.0,0.0,280.0 1144.2684275184922,21.81441849280722,284.25710870886616
1200.0,0.0,280.0 1224.0733987682893,-54.764216368381625,284.6208308019243
1224.0733987682893,-54.764216368381625,284.6208308019243 1176.064483785961,-67.49880836964788,250.96114796353638
1200.0,0.0,280.0 1153.4258858634823,2.6890983004558553,317.7308977196292
1200.0,0.0,280.0 1242.1833227812278,19.308241198552377,318.0494297060188
1200.0,0.0,280.0 1180.4618913008858,-16.004190254696102,225.5745629071012
1180.4618913008858,-16.004190254696102,225.5745629071012 1221.4588262096204,-19.422548185048853,181.89886992863802
1200.0,0.0,280.0 1246.2395277075902,-27.090917227261205,306.9812579611234
1246.2395277075902,-27.090917227261205,306.9812579611234 1204.8470328886312,-70.16658316549398,301.40018488865576
1200.0,0.0,280.0 1238.4951038992137,41.76097975541309,299.3428939317963
1200.0,0.0,280.0 1206.692580849021,10.559209504764256,338.68315308684265
1206.692580849021,10.559209504764256,338.68315308684265 1238.1626583442257,-1.551140001269836,289.05479771123595
1200.0,0.0,280.0 1156.5351976217569,29.792338243889127,308.6919420078527
1200.0,0.0,280.0 1157.7256816954643,-25.65228753723392,313.98296861655666
1200.0,0.0,280.0 1149.4372225016057,-31.692041892886667,273.75339994017713
1200.0,0.0,280.0 1163.3082509235855,-16.84316291146067,324.3849457907907
目标树
2480.0,0.0,0.0 2489.6051147083717,35.30616916280268,-47.552246955181644
2489.6051147083717,35.30616916280268,-47.552246955181644 2487.345124388679,69.79374481564021,-96.59813943706745
2487.345124388679,69.79374481564021,-96.59813943706745 2484.2816617658927,66.10236587495054,-156.40607301008956
2484.2816617658927,66.10236587495054,-156.40607301008956 2471.203685064561,89.93552800287324,-209.89389319733937
2471.203685064561,89.93552800287324,-209.89389319733937 2480.8667982927113,113.80456431826661,-155.70078156759092
2480.8667982927113,113.80456431826661,-155.70078156759092 2477.1276713086954,148.4252396670864,-204.56209313194645
2477.1276713086954,148.4252396670864,-204.56209313194645 2456.31002356296,134.90978095921722,-259.18770908499874
2456.31002356296,134.90978095921722,-259.18770908499874 2451.5703115908054,92.80807059169231,-301.67277839823
2451.5703115908054,92.80807059169231,-301.67277839823 2430.7942499223727,117.58329867086775,-352.21526879170307
2456.31002356296,134.90978095921722,-259.18770908499874 2453.5348891609224,170.5076918746897,-307.40686884027355
2453.5348891609224,170.5076918746897,-307.40686884027355 2445.9744633427094,229.26778137284907,-297.91519651051004
2453.5348891609224,170.5076918746897,-307.40686884027355 2430.018055203198,200.06079824415397,-354.0284563778076
2430.018055203198,200.06079824415397,-354.0284563778076 2429.598312717133,143.0331612683741,-372.67443281252554
2477.1276713086954,148.4252396670864,-204.56209313194645 2481.39040184445,119.72085757345695,-152.04649947632382
2480.8667982927113,113.80456431826661,-155.70078156759092 2485.1465862332634,53.965916713072176,-154.69099546882467
2485.1465862332634,53.965916713072176,-154.69099546882467 2479.2300908379893,110.59529753674869,-173.6147453552695
2471.203685064561,89.93552800287324,-209.89389319733937 2468.7188925778564,48.40696679404092,-253.12818988668408
2468.7188925778564,48.40696679404092,-253.12818988668408 2470.796182605803,-6.755632564512169,-229.61707553309478
2470.796182605803,-6.755632564512169,-229.61707553309478 2465.906357899422,-32.57895655468474,-283.5544980933121
2465.906357899422,-32.57895655468474,-283.5544980933121 2464.9240626771516,27.251585418928393,-287.9523774959358
2464.9240626771516,27.251585418928393,-287.9523774959358 2440.9255882877333,-21.726795010890186,-312.95620675171955
2440.9255882877333,-21.726795010890186,-312.95620675171955 2461.3356716275293,-74.3429472713911,-292.5854183682927
2461.3356716275293,-74.3429472713911,-292.5854183682927 2440.4845234133354,-130.19205433754632,-299.3756214626666
2440.4845234133354,-130.19205433754632,-299.3756214626666 2466.4650976963726,-179.94552723351086,-278.17180825102696
2466.4650976963726,-179.94552723351086,-278.17180825102696 2468.7065185729575,-228.37856034577962,-242.82753946526924
2440.9255882877333,-21.726795010890186,-312.95620675171955 2466.0803024169936,-63.71679470693714,-278.25634677215805
2440.9255882877333,-21.726795010890186,-312.95620675171955 2435.0775398058013,26.720632162129483,-347.86533348482374
2465.906357899422,-32.57895655468474,-283.5544980933121 2456.962441748449,26.743797847260858,-284.4584748910256
2470.796182605803,-6.755632564512169,-229.61707553309478 2476.0104902923335,-51.224832673280616,-189.67585325539653
2476.0104902923335,-51.224832673280616,-189.67585325539653 2462.0914595511435,-39.71258403779093,-246.89236061630135
2462.0914595511435,-39.71258403779093,-246.89236061630135 2461.468457523024,8.146124883874478,-283.07461937421004
2476.0104902923335,-51.224832673280616,-189.67585325539653 2475.068770645972,-93.83753032932538,-231.9046486748988
2470.796182605803,-6.755632564512169,-229.61707553309478 2461.104529424064,-60.7407113998201,-253.94161297474977
2470.796182605803,-6.755632564512169,-229.61707553309478 2452.514138253241,24.463035169652905,-277.48315579035784
2452.514138253241,24.463035169652905,-277.48315579035784 2430.59047209525,22.70027104109989,-333.3064979047462
2471.203685064561,89.93552800287324,-209.89389319733937 2468.8671843891398,141.96332244348042,-239.68733828580946
2468.8671843891398,141.96332244348042,-239.68733828580946 2455.7054450337937,115.1734331026935,-291.7360697424965
2471.203685064561,89.93552800287324,-209.89389319733937 2459.497098059418,93.74678835017873,-268.6172285526823
2459.497098059418,93.74678835017873,-268.6172285526823 2454.9695511815235,35.27580255413822,-281.29181490915545
2454.9695511815235,35.27580255413822,-281.29181490915545 2439.2248118385673,82.12857600407116,-315.305353435331
2439.2248118385673,82.12857600407116,-315.305353435331 2448.3328126906313,141.43260721000883,-315.5814027134915
2448.3328126906313,141.43260721000883,-315.5814027134915 2442.0200106337747,196.3268088940111,-338.9646264362169
2442.0200106337747,196.3268088940111,-338.9646264362169 2441.543561778848,144.34461806450378,-309.00423870419104
2441.543561778848,144.34461806450378,-309.00423870419104 2443.6569409350254,203.43355937790284,-319.20378001759894
2443.6569409350254,203.43355937790284,-319.20378001759894 2409.0821147418155,212.74421209880256,-367.3482827112621
2409.0821147418155,212.74421209880256,-367.3482827112621 2395.9421582898462,188.32925772778626,-420.55778888733505
2443.6569409350254,203.43355937790284,-319.20378001759894 2440.245950801851,263.32799856025923,-320.2143745665644
2442.0200106337747,196.3268088940111,-338.9646264362169 2420.466245438329,234.01534748139372,-380.3772967805327
2420.466245438329,234.01534748139372,-380.3772967805327 2388.037678685312,275.3073125455843,-409.417986846073
2388.037678685312,275.3073125455843,-409.417986846073 2365.1878099872642,235.72226483640972,-448.28838044254115
2365.1878099872642,235.72226483640972,-448.28838044254115 2380.9474925145378,189.64553799514476,-413.2374510649198
2365.1878099872642,235.72226483640972,-448.28838044254115 2369.896393596364,280.37074687845427,-488.09217789626837
2388.037678685312,275.3073125455843,-409.417986846073 2427.5788951341688,300.3484867962206,-446.96038679458366
2427.5788951341688,300.3484867962206,-446.96038679458366 2394.234379878008,269.4216584588819,-486.0970012537373
2394.234379878008,269.4216584588819,-486.0970012537373 2391.725551438265,312.30936550684294,-527.9819671010221
2391.725551438265,312.30936550684294,-527.9819671010221 2396.9934463582335,355.2141927815673,-486.3715708082897
2396.9934463582335,355.2141927815673,-486.3715708082897 2399.661918525477,298.9779618189965,-507.1168252877373
2396.9934463582335,355.2141927815673,-486.3715708082897 2409.3919892323333,376.38227840694947,-431.61585616994716
2391.725551438265,312.30936550684294,-527.9819671010221 2342.7338506507795,281.37657826995536,-543.5696522308585
2391.725551438265,312.30936550684294,-527.9819671010221 2411.7833689590593,359.14737048110754,-496.29781891406145
2411.7833689590593,359.14737048110754,-496.29781891406145 2355.461587867061,347.3566603749438,-479.30263930873065
2411.7833689590593,359.14737048110754,-496.29781891406145 2387.0718710506017,326.9339458206041,-540.4751563481166
2394.234379878008,269.4216584588819,-486.0970012537373 2398.345075769551,309.23013244260983,-441.3936727605019
2427.5788951341688,300.3484867962206,-446.96038679458366 2402.71384248603,345.5026363998897,-477.6659551881952
2388.037678685312,275.3073125455843,-409.417986846073 2429.8883231864224,317.03463907598666,-419.77915355001403
2429.8883231864224,317.03463907598666,-419.77915355001403 2420.930813979637,324.3543554285359,-360.90484012447524
2429.8883231864224,317.03463907598666,-419.77915355001403 2383.6992505613625,354.90383162776993,-425.4794891114453
2388.037678685312,275.3073125455843,-409.417986846073 2373.711226623966,251.1759728506314,-462.4503469280148
2373.711226623966,251.1759728506314,-462.4503469280148 2322.955715455976,234.74657462762454,-489.9085508041959
2322.955715455976,234.74657462762454,-489.9085508041959 2326.550052550722,174.93647704093524,-493.0443070957528
2388.037678685312,275.3073125455843,-409.417986846073 2416.7682216310045,228.9083082432774,-384.48430878205204
2420.466245438329,234.01534748139372,-380.3772967805327 2404.099648724908,176.35697406883202,-377.61206850101695
2420.466245438329,234.01534748139372,-380.3772967805327 2407.365482743249,176.14206898692777,-371.48608465230325
2407.365482743249,176.14206898692777,-371.48608465230325 2432.0605018250985,170.41896538030528,-317.1040828717973
2442.0200106337747,196.3268088940111,-338.9646264362169 2436.189652665457,139.8894942887544,-319.4495951498328
2442.0200106337747,196.3268088940111,-338.9646264362169 2414.2015125735597,217.9386304426679,-387.5347853305713
2448.3328126906313,141.43260721000883,-315.5814027134915 2425.165477098695,186.10230571653165,-348.2600287082753
2425.165477098695,186.10230571653165,-348.2600287082753 2411.809315943336,173.52539732060671,-405.3865053578341
2411.809315943336,173.52539732060671,-405.3865053578341 2378.868170692113,167.79542489870093,-455.20666559023414
2378.868170692113,167.79542489870093,-455.20666559023414 2361.3297703546923,212.04479264452004,-491.7360779547881
2361.3297703546923,212.04479264452004,-491.7360779547881 2399.914469351084,257.87293691791024,-488.4191221493559
2399.914469351084,257.87293691791024,-488.4191221493559 2356.080684618281,286.64365821847906,-517.5883681430954
2356.080684618281,286.64365821847906,-517.5883681430954 2328.6622198350433,322.7168028477505,-478.257006286607
2399.914469351084,257.87293691791024,-488.4191221493559 2394.346612261804,311.2142499639893,-515.3208561074774
2394.346612261804,311.2142499639893,-515.3208561074774 2420.4889551409324,350.32623720871186,-478.080684752357
2420.4889551409324,350.32623720871186,-478.080684752357 2375.5087465474144,358.72785312983694,-516.8903959700087
2361.3297703546923,212.04479264452004,-491.7360779547881 2305.4845564516268,210.75054670593133,-513.6366946486468
2411.809315943336,173.52539732060671,-405.3865053578341 2418.1583076595584,119.6759815374791,-379.69738851814526
2418.1583076595584,119.6759815374791,-379.69738851814526 2384.201272422117,103.2818472025382,-426.36806579297263
2384.201272422117,103.2818472025382,-426.36806579297263 2367.963869159988,93.16335702553607,-483.23600836030056
2384.201272422117,103.2818472025382,-426.36806579297263 2397.9209288315615,159.99108697074632,-440.36210569997155
2411.809315943336,173.52539732060671,-405.3865053578341 2383.7848087298166,161.2822759288287,-457.0075570133902
2383.7848087298166,161.2822759288287,-457.0075570133902 2412.5921773265627,128.65376243512614,-415.7096681845109
2412.5921773265627,128.65376243512614,-415.7096681845109 2374.5866530879825,165.76507882572585,-443.60824024667045
2374.5866530879825,165.76507882572585,-443.60824024667045 2395.772456568969,110.20234782118308,-451.6047803848699
2411.809315943336,173.52539732060671,-405.3865053578341 2404.1411423593368,228.9341236173029,-427.09070228062916
2425.165477098695,186.10230571653165,-348.2600287082753 2433.63525054872,232.99066526806857,-311.79436436123433
2433.63525054872,232.99066526806857,-311.79436436123433 2420.4788156259906,280.1629733767347,-346.4596433565786
2433.63525054872,232.99066526806857,-311.79436436123433 2428.0382100068496,276.26734865707067,-352.9744786401036
2425.165477098695,186.10230571653165,-348.2600287082753 2442.1714209629067,238.29755768985817,-324.0432257663459
2442.1714209629067,238.29755768985817,-324.0432257663459 2408.6442326586957,274.61327769109073,-358.0593414353353
2408.6442326586957,274.61327769109073,-358.0593414353353 2387.3165817096515,308.3692356581954,-402.8440107622244
2387.3165817096515,308.3692356581954,-402.8440107622244 2440.5025323102545,296.4115317265686,-377.7787364690166
2440.5025323102545,296.4115317265686,-377.7787364690166 2415.2641320831076,348.34145510794247,-394.0976277174743
2415.2641320831076,348.34145510794247,-394.0976277174743 2364.812625927657,316.2579604100284,-389.0682247096156
2387.3165817096515,308.3692356581954,-402.8440107622244 2346.207351344693,341.7761107039969,-374.6657943801504
2346.207351344693,341.7761107039969,-374.6657943801504 2363.86414198314,320.9728980842589,-428.1023370176379
2346.207351344693,341.7761107039969,-374.6657943801504 2365.244506649577,395.17612941771296,-394.31330616338914
2346.207351344693,341.7761107039969,-374.6657943801504 2296.5947447432436,375.5145667591164,-375.2188307501697
2296.5947447432436,375.5145667591164,-375.2188307501697 2244.2915607055247,362.4312004371238,-348.89009236032143
2244.2915607055247,362.4312004371238,-348.89009236032143 2191.988376667806,349.34783411513115,-322.5613539704732
2191.988376667806,349.34783411513115,-322.5613539704732 2139.685192630087,336.2644677931385,-296.23261558062495
2139.685192630087,336.2644677931385,-296.23261558062495 2087.382008592368,323.1811014711459,-269.9038771907767
2087.382008592368,323.1811014711459,-269.9038771907767 2035.0788245546491,310.0977351491532,-243.57513880092847
2035.0788245546491,310.0977351491532,-243.57513880092847 1982.7756405169305,297.0143688271606,-217.24640041108023
1982.7756405169305,297.0143688271606,-217.24640041108023 1930.4724564792118,283.93100250516795,-190.917662021232
1930.4724564792118,283.93100250516795,-190.917662021232 1899.4482510113867,314.35555366845426,-149.54320901454258
1899.4482510113867,314.35555366845426,-149.54320901454258 1847.035985623005,298.2286503383648,-125.19413457957064
1847.035985623005,298.2286503383648,-125.19413457957064 1794.6237202346233,282.1017470082753,-100.8450601445987
1794.6237202346233,282.1017470082753,-100.8450601445987 1742.2114548462416,265.97484367818583,-76.49598570962675
1742.2114548462416,265.97484367818583,-76.49598570962675 1689.79918945786,249.84794034809633,-52.14691127465481
1689.79918945786,249.84794034809633,-52.14691127465481 1713.5510742514075,256.64289256529605,2.531023883140051
1713.5510742514075,256.64289256529605,2.531023883140051 1658.8001776128615,239.85525271629967,20.433941678171447
1658.8001776128615,239.85525271629967,20.433941678171447 1621.1032273886249,284.5752208003996,33.81543630128815
1621.1032273886249,284.5752208003996,33.81543630128815 1619.8675260499613,334.5412199989289,67.00989316224903
1621.1032273886249,284.5752208003996,33.81543630128815 1591.0506904095496,335.65209496862127,24.434714243527296
1621.1032273886249,284.5752208003996,33.81543630128815 1576.2209688986195,288.5123585032409,73.43969426967409
1576.2209688986195,288.5123585032409,73.43969426967409 1549.0282554837459,340.6628746099888,85.30898266183884
1549.0282554837459,340.6628746099888,85.30898266183884 1501.546006600542,305.7124650116451,96.44024089716348
1501.546006600542,305.7124650116451,96.44024089716348 1454.063757717338,270.7620554133014,107.57149913248811
1454.063757717338,270.7620554133014,107.57149913248811 1463.3712877808312,326.4063806422399,87.1489881719503
1454.063757717338,270.7620554133014,107.57149913248811 1490.7077675849541,318.16617588223204,104.39881834344467
1454.063757717338,270.7620554133014,107.57149913248811 1407.5162715441968,299.2533286650864,82.64001543308996
1407.5162715441968,299.2533286650864,82.64001543308996 1368.870424248325,256.67416213534267,99.772238418345
1368.870424248325,256.67416213534267,99.772238418345 1345.038261946973,298.8136390328581,135.2164555326472
1345.038261946973,298.8136390328581,135.2164555326472 1309.6183104833797,253.52258296790188,152.36717793252524
1309.6183104833797,253.52258296790188,152.36717793252524 1361.0280428737206,267.45263555940613,179.98950676902015
1309.6183104833797,253.52258296790188,152.36717793252524 1281.7523096210507,295.6487365310776,184.75348957668172
1281.7523096210507,295.6487365310776,184.75348957668172 1251.030320864661,248.75127794354387,206.12608382452237
1251.030320864661,248.75127794354387,206.12608382452237 1220.3083321082715,201.85381935601015,227.49867807236302
1501.546006600542,305.7124650116451,96.44024089716348 1444.934850988065,312.2190056774114,77.65615218398283
1501.546006600542,305.7124650116451,96.44024089716348 1453.33269100037,284.943042785075,125.49376562674966
1501.546006600542,305.7124650116451,96.44024089716348 1539.4496421131323,344.72930309585655,71.1222480691543
1549.0282554837459,340.6628746099888,85.30898266183884 1493.1949661675706,323.36200765223043,71.76927045491921
1621.1032273886249,284.5752208003996,33.81543630128815 1661.710930983877,255.1089584274085,0.9102119366650214
1661.710930983877,255.1089584274085,0.9102119366650214 1644.5306819578675,312.04547025940036,8.85204194049589
1658.8001776128615,239.85525271629967,20.433941678171447 1693.6820274880336,273.26610352259127,56.0284861714739
1713.5510742514075,256.64289256529605,2.531023883140051 1755.815261944288,278.11731568627084,39.30856581136454
1713.5510742514075,256.64289256529605,2.531023883140051 1711.6556139899787,286.47708941050143,54.55340300019774
1689.79918945786,249.84794034809633,-52.14691127465481 1722.217743189423,299.3905598735339,-42.422394602269804
1742.2114548462416,265.97484367818583,-76.49598570962675 1767.4847432531685,293.5120834296505,-29.560270950281172
2408.6442326586957,274.61327769109073,-358.0593414353353 2427.4415273631735,288.3310071386157,-302.7557646016664
2442.1714209629067,238.29755768985817,-324.0432257663459 2408.8096170765184,283.9322665833526,-344.15450085402165
2408.8096170765184,283.9322665833526,-344.15450085402165 2444.140801723052,316.2123872169595,-307.9647066662627
2408.8096170765184,283.9322665833526,-344.15450085402165 2431.9492086012797,268.189106991492,-397.22720787121085
2408.8096170765184,283.9322665833526,-344.15450085402165 2438.3585748224427,318.84756255592816,-305.32434242945396
2442.1714209629067,238.29755768985817,-324.0432257663459 2423.2742235898554,273.55550790118394,-368.76204594688755
2423.2742235898554,273.55550790118394,-368.76204594688755 2427.986335353401,314.42230496497325,-325.08481045201086
2448.3328126906313,141.43260721000883,-315.5814027134915 2429.456944630916,122.2453035890341,-369.20554825212685
2448.3328126906313,141.43260721000883,-315.5814027134915 2420.080681390438,180.49555323853212,-351.30119169060214
2420.080681390438,180.49555323853212,-351.30119169060214 2431.8351134570858,121.98485396167735,-357.49242718313684
2431.8351134570858,121.98485396167735,-357.49242718313684 2450.520062184774,82.6734230790224,-316.1949200791734
2450.520062184774,82.6734230790224,-316.1949200791734 2431.9008626080204,128.52827622969434,-350.11626807201304
2450.520062184774,82.6734230790224,-316.1949200791734 2447.5936129993042,25.632586063623265,-334.57367976930317
2431.8351134570858,121.98485396167735,-357.49242718313684 2398.811798191296,89.41360556917596,-395.5525694189489
2439.2248118385673,82.12857600407116,-315.305353435331 2420.2901446708015,43.74582267724602,-357.3558305586412
2420.2901446708015,43.74582267724602,-357.3558305586412 2448.9113054259005,15.240311971814513,-312.9906976674472
2448.9113054259005,15.240311971814513,-312.9906976674472 2454.521025248263,-44.39293012817068,-316.51312299087846
2454.521025248263,-44.39293012817068,-316.51312299087846 2438.9476432059278,-102.23842105702757,-319.88491049352535
2438.9476432059278,-102.23842105702757,-319.88491049352535 2460.523623607541,-144.56256029391528,-283.23597725440175
2460.523623607541,-144.56256029391528,-283.23597725440175 2434.722359939788,-115.73901638221085,-329.0998858265801
2460.523623607541,-144.56256029391528,-283.23597725440175 2458.4865568132327,-127.73683022675674,-340.79242925226765
2460.523623607541,-144.56256029391528,-283.23597725440175 2437.1207969200477,-193.9030398584472,-308.0920585903073
2420.2901446708015,43.74582267724602,-357.3558305586412 2434.1281088893115,100.93071717900565,-369.1201234447374
2434.1281088893115,100.93071717900565,-369.1201234447374 2395.113729431461,134.39915085312037,-400.06753275343766
2395.113729431461,134.39915085312037,-400.06753275343766 2368.594048985406,169.45097208293853,-440.909623511772
2368.594048985406,169.45097208293853,-440.909623511772 2390.508609785525,207.14757746548653,-399.69411711466057
2390.508609785525,207.14757746548653,-399.69411711466057 2401.5652833772237,265.56114137388784,-407.79384060412326
2401.5652833772237,265.56114137388784,-407.79384060412326 2410.596019893524,236.2327831514113,-356.23520212377497
2390.508609785525,207.14757746548653,-399.69411711466057 2387.6794624251665,170.6008084492574,-447.1949549987208
2387.6794624251665,170.6008084492574,-447.1949549987208 2383.124978725799,227.96564917404987,-464.18117667546187
2390.508609785525,207.14757746548653,-399.69411711466057 2417.1961544599594,236.75013099953046,-354.8447717067939
2395.113729431461,134.39915085312037,-400.06753275343766 2386.2257914769657,191.95262104070522,-414.5106151212643
2386.2257914769657,191.95262104070522,-414.5106151212643 2400.6773531204117,140.96561191721764,-386.37740935464274
2400.6773531204117,140.96561191721764,-386.37740935464274 2403.2720640123407,97.49811447875668,-427.65505635425615
2403.2720640123407,97.49811447875668,-427.65505635425615 2378.53614389771,50.478676510307224,-455.5352771068569
2378.53614389771,50.478676510307224,-455.5352771068569 2397.927904824716,79.8085802987961,-406.91721100064643
2400.6773531204117,140.96561191721764,-386.37740935464274 2389.652698807516,89.24621388055763,-414.7245584883155
2389.652698807516,89.24621388055763,-414.7245584883155 2403.5669115340975,140.39052501786028,-386.605985934037
2386.2257914769657,191.95262104070522,-414.5106151212643 2376.019417435754,144.1319836625762,-449.281530692764
2376.019417435754,144.1319836625762,-449.281530692764 2380.419085288542,84.49077688091691,-454.13636090735434
2376.019417435754,144.1319836625762,-449.281530692764 2395.8989405646885,91.64237261054419,-428.076689458448
2395.8989405646885,91.64237261054419,-428.076689458448 2402.806888250156,132.5488182155242,-384.7299137220492
2386.2257914769657,191.95262104070522,-414.5106151212643 2396.6288391674043,141.45489998421772,-445.19867088978185
2386.2257914769657,191.95262104070522,-414.5106151212643 2371.2282807976435,153.44328277732404,-458.00895462911336
2395.113729431461,134.39915085312037,-400.06753275343766 2432.161447965675,96.86205102441502,-371.45927017320685
2395.113729431461,134.39915085312037,-400.06753275343766 2439.1378630753325,129.3178000304279,-359.6193494725625
2439.1378630753325,129.3178000304279,-359.6193494725625 2434.968621996125,71.00492951423345,-373.1184813329819
2395.113729431461,134.39915085312037,-400.06753275343766 2406.9688602159504,190.43596306459497,-382.19768241107096
2434.1281088893115,100.93071717900565,-369.1201234447374 2404.683233474637,55.50012982030945,-394.98633778039476
2420.2901446708015,43.74582267724602,-357.3558305586412 2452.4494975416396,86.45641011611563,-330.12383203566134
2452.4494975416396,86.45641011611563,-330.12383203566134 2460.2588414779566,70.66104471422165,-272.7694897492663
2460.2588414779566,70.66104471422165,-272.7694897492663 2434.201908651313,87.44599838491672,-324.143623142837
2434.201908651313,87.44599838491672,-324.143623142837 2461.61645759887,49.35244559328112,-286.76282938838517
2461.61645759887,49.35244559328112,-286.76282938838517 2445.986491197374,13.929903230041297,-332.59892480250824
2445.986491197374,13.929903230041297,-332.59892480250824 2429.189643655865,67.53827540179302,-353.67043034345744
2434.201908651313,87.44599838491672,-324.143623142837 2410.902076045253,104.5335811399398,-376.7281485863534
2410.902076045253,104.5335811399398,-376.7281485863534 2410.3699677976833,51.539767223276726,-404.85949315747115
2452.4494975416396,86.45641011611563,-330.12383203566134 2427.5750314774414,53.890916399993365,-373.95018891193223
2452.4494975416396,86.45641011611563,-330.12383203566134 2432.503423564089,140.2124879877748,-347.7997542107048
2452.4494975416396,86.45641011611563,-330.12383203566134 2447.028521542914,137.61261025867336,-299.2425074818826
2420.2901446708015,43.74582267724602,-357.3558305586412 2419.271463449588,10.468725274938414,-407.27173060108134
2419.271463449588,10.468725274938414,-407.27173060108134 2414.4051541588674,69.55776159487766,-416.4806838894823
2414.4051541588674,69.55776159487766,-416.4806838894823 2441.062074226496,71.94102177503898,-362.7803237098549
2441.062074226496,71.94102177503898,-362.7803237098549 2408.9739197793397,119.75168442080006,-379.6471811986896
2414.4051541588674,69.55776159487766,-416.4806838894823 2366.7975549472058,75.91970258244955,-452.4395799261025
2366.7975549472058,75.91970258244955,-452.4395799261025 2397.8713087160013,124.04386877529814,-434.59339111842286
2414.4051541588674,69.55776159487766,-416.4806838894823 2426.012192920405,21.75955015504855,-382.12071249337146
2419.271463449588,10.468725274938414,-407.27173060108134 2406.4085124637836,-47.90264171733816,-402.0441109334156
2406.4085124637836,-47.90264171733816,-402.0441109334156 2394.704532097644,-73.52879227181994,-455.0187959381238
2394.704532097644,-73.52879227181994,-455.0187959381238 2381.522585995183,-129.15905551766159,-473.22621497955237
2381.522585995183,-129.15905551766159,-473.22621497955237 2376.954850660583,-78.47237257404467,-441.4457812807134
2381.522585995183,-129.15905551766159,-473.22621497955237 2342.4153308167074,-88.68747894918599,-494.0270342535044
2394.704532097644,-73.52879227181994,-455.0187959381238 2356.853973083371,-114.3814066402434,-477.3436493883016
2356.853973083371,-114.3814066402434,-477.3436493883016 2381.826292392158,-165.78466434314407,-459.06556508306966
2381.826292392158,-165.78466434314407,-459.06556508306966 2350.0504603016434,-121.87870986336343,-484.8058769726884
2356.853973083371,-114.3814066402434,-477.3436493883016 2391.5467078155707,-73.18149922124064,-450.9053857261997
2391.5467078155707,-73.18149922124064,-450.9053857261997 2418.3607720547357,-109.2027527112106,-411.1124811326763
2419.271463449588,10.468725274938414,-407.27173060108134 2381.589598996905,34.040070893305106,-447.5764295468512
2381.589598996905,34.040070893305106,-447.5764295468512 2362.0541287199617,71.27573549023253,-490.37678799259083
2362.0541287199617,71.27573549023253,-490.37678799259083 2386.9828004493943,95.07344852149089,-441.262328000771
2386.9828004493943,95.07344852149089,-441.262328000771 2344.655620616533,74.93118146639993,-478.71495040932894
2344.655620616533,74.93118146639993,-478.71495040932894 2381.328815772899,51.841104834428904,-437.218864833063
2386.9828004493943,95.07344852149089,-441.262328000771 2413.9163135213125,129.7836362601016,-400.3992794023709
2413.9163135213125,129.7836362601016,-400.3992794023709 2401.009091480974,71.27992953763686,-403.673408131244
2381.589598996905,34.040070893305106,-447.5764295468512 2403.1684475214106,42.89109503800156,-392.2952151250747
2419.271463449588,10.468725274938414,-407.27173060108134 2431.2450136221178,-40.094119172557775,-377.271182978676
2431.2450136221178,-40.094119172557775,-377.271182978676 2422.8436406226997,-95.09450338854458,-399.7294702646309
2419.271463449588,10.468725274938414,-407.27173060108134 2375.534244787228,0.458520616367986,-447.1070353742906
2420.2901446708015,43.74582267724602,-357.3558305586412 2444.3967256691594,1.772905607534284,-321.8995619277106
2444.3967256691594,1.772905607534284,-321.8995619277106 2415.6692164564874,-9.386438771412305,-373.3796478587569
2420.2901446708015,43.74582267724602,-357.3558305586412 2449.5519707303642,-0.6048289671183511,-329.4853222320938
2449.5519707303642,-0.6048289671183511,-329.4853222320938 2459.682689749664,-38.672811865067764,-284.2283094027716
2420.2901446708015,43.74582267724602,-357.3558305586412 2447.5011352937004,85.41613745057485,-323.8424473213103
2420.2901446708015,43.74582267724602,-357.3558305586412 2448.1047350726844,93.50146946605548,-338.62819927749115
2448.1047350726844,93.50146946605548,-338.62819927749115 2420.175808253371,67.68189915461514,-385.03213052963855
2420.2901446708015,43.74582267724602,-357.3558305586412 2458.4439011630243,28.844203019550427,-313.5125574473698
2439.2248118385673,82.12857600407116,-315.305353435331 2443.9452845055694,23.910241508224146,-301.58155416800867
2443.9452845055694,23.910241508224146,-301.58155416800867 2457.6766001197047,82.24003641227137,-304.595853084305
2457.6766001197047,82.24003641227137,-304.595853084305 2422.1880115942913,67.98362648173385,-350.82695582224943
2422.1880115942913,67.98362648173385,-350.82695582224943 2435.9090064775637,9.803805298114327,-356.00795055832737
2439.2248118385673,82.12857600407116,-315.305353435331 2432.259303296379,129.32798493239278,-351.6880070983856
2454.9695511815235,35.27580255413822,-281.29181490915545 2435.885768281617,43.38088578891815,-337.5956056872774
2435.885768281617,43.38088578891815,-337.5956056872774 2450.1425306639153,86.5854958796028,-298.47903128093924
2435.885768281617,43.38088578891815,-337.5956056872774 2453.7265160089723,-1.5069678385471548,-302.00363584507693
2454.9695511815235,35.27580255413822,-281.29181490915545 2453.5797896443382,70.16171928861976,-330.0877304806926
2453.5797896443382,70.16171928861976,-330.0877304806926 2437.353024223247,30.639164351611278,-372.21444095302854
2437.353024223247,30.639164351611278,-372.21444095302854 2399.6928863902954,68.00612821150364,-400.2398585288045
2399.6928863902954,68.00612821150364,-400.2398585288045 2436.533588787074,106.60174627326589,-372.79644559705446
2436.533588787074,106.60174627326589,-372.79644559705446 2413.6314758335657,161.36131612491477,-381.56472546981877
2399.6928863902954,68.00612821150364,-400.2398585288045 2419.2009200397283,108.7145835031059,-360.71444530004493
2437.353024223247,30.639164351611278,-372.21444095302854 2399.054406469846,65.99662600519179,-401.9308637457284
2453.5797896443382,70.16171928861976,-330.0877304806926 2429.995037073326,118.8107099821869,-356.10762960927013
2454.9695511815235,35.27580255413822,-281.29181490915545 2431.219432326935,12.543790185670531,-331.48332283701865
2431.219432326935,12.543790185670531,-331.48332283701865 2412.424788776557,-24.994581723976935,-374.350933082835
2412.424788776557,-24.994581723976935,-374.350933082835 2400.0706523643307,6.7268280713930935,-423.7587004286918
2400.0706523643307,6.7268280713930935,-423.7587004286918 2362.3703238249705,-26.98106930829251,-456.04589420989385
2362.3703238249705,-26.98106930829251,-456.04589420989385 2349.432963249895,15.844106631561893,-496.0287531255716
2400.0706523643307,6.7268280713930935,-423.7587004286918 2373.5451664686084,-9.328150933884178,-475.1263580269893
2373.5451664686084,-9.328150933884178,-475.1263580269893 2389.9688060382987,34.38865370279855,-437.45534721438935
2400.0706523643307,6.7268280713930935,-423.7587004286918 2376.1602628207042,-18.190607165504083,-472.8241128195712
2412.424788776557,-24.994581723976935,-374.350933082835 2434.659381384528,-80.2676040252914,-367.24347944345385
2434.659381384528,-80.2676040252914,-367.24347944345385 2404.2420576000795,-37.70939267926756,-396.6302972504094
2434.659381384528,-80.2676040252914,-367.24347944345385 2445.061531344647,-117.00365374135797,-320.9589471733112
2431.219432326935,12.543790185670531,-331.48332283701865 2445.775148969241,56.86267858802217,-293.74783232995355
2445.775148969241,56.86267858802217,-293.74783232995355 2465.3775526588347,11.951246674264802,-259.12545440690883
2431.219432326935,12.543790185670531,-331.48332283701865 2430.5431756144135,5.0958201510326795,-391.0154185436365
2431.219432326935,12.543790185670531,-331.48332283701865 2442.969849333979,-43.317079291609815,-313.00384878057355
2454.9695511815235,35.27580255413822,-281.29181490915545 2447.349337144288,83.29861565441834,-316.44493368917665
2459.497098059418,93.74678835017873,-268.6172285526823 2476.908093449995,99.29909928525697,-211.46804585695583
2459.497098059418,93.74678835017873,-268.6172285526823 2471.5357928493286,143.91627088129513,-237.98892709283342
2471.203685064561,89.93552800287324,-209.89389319733937 2464.9448700185053,65.97895107093804,-264.54652036130597
2464.9448700185053,65.97895107093804,-264.54652036130597 2454.832421837621,37.650036868545534,-316.4619420768465
2454.832421837621,37.650036868545534,-316.4619420768465 2457.5015363114535,77.49654347106221,-271.6832446918045
2457.5015363114535,77.49654347106221,-271.6832446918045 2435.0453273763933,110.85433965062005,-316.2138646550164
2464.9448700185053,65.97895107093804,-264.54652036130597 2464.1892865922255,6.847568790309893,-274.69091404787724
2487.345124388679,69.79374481564021,-96.59813943706745 2484.1976593848644,32.497897251004886,-143.49284295980283
2484.1976593848644,32.497897251004886,-143.49284295980283 2477.361671569707,-3.2649781016150214,-191.18231786888515
2484.1976593848644,32.497897251004886,-143.49284295980283 2481.0470040209607,-13.669931502126161,-181.68453000030252
2481.0470040209607,-13.669931502126161,-181.68453000030252 2479.8363523504913,-71.3698958322955,-198.09332151064768
2481.0470040209607,-13.669931502126161,-181.68453000030252 2481.663329721525,37.66886574696368,-212.73204261641507
2481.663329721525,37.66886574696368,-212.73204261641507 2482.3131683354254,-9.319995819623522,-175.427557652111
2481.663329721525,37.66886574696368,-212.73204261641507 2482.9511479548332,93.1568936697146,-189.94124882940596
2484.1976593848644,32.497897251004886,-143.49284295980283 2477.15815969696,10.820161094249602,-198.99528614262223
2477.15815969696,10.820161094249602,-198.99528614262223 2470.4932726273005,-32.75611062579897,-239.6977163320984
2470.4932726273005,-32.75611062579897,-239.6977163320984 2459.779395263594,-31.3685264989774,-298.7170982513158
2459.779395263594,-31.3685264989774,-298.7170982513158 2431.9191391506065,11.029994968605433,-330.7510100742835
2431.9191391506065,11.029994968605433,-330.7510100742835 2464.200224256647,-18.785107605738556,-289.8977213100001
2464.200224256647,-18.785107605738556,-289.8977213100001 2432.3938934320977,14.921519787803515,-328.00573344960475
2459.779395263594,-31.3685264989774,-298.7170982513158 2430.0450146557605,-38.23718063068557,-350.3764459077417
2459.779395263594,-31.3685264989774,-298.7170982513158 2469.394034728407,14.918406267942341,-261.7701286463224
2470.4932726273005,-32.75611062579897,-239.6977163320984 2463.5566126858685,-75.12385116297702,-281.61259806438164
2470.4932726273005,-32.75611062579897,-239.6977163320984 2465.8745779001024,12.718740737476224,-278.5655121598139
2477.15815969696,10.820161094249602,-198.99528614262223 2478.054982689168,68.57769283314225,-215.22067476513158
2478.054982689168,68.57769283314225,-215.22067476513158 2478.3358743138433,8.856147459851492,-220.98765994988455
2478.3358743138433,8.856147459851492,-220.98765994988455 2482.6876963070094,23.948611228911815,-163.08015454065975
2478.3358743138433,8.856147459851492,-220.98765994988455 2467.0865004160296,61.50074220136079,-247.48290917327245
2467.0865004160296,61.50074220136079,-247.48290917327245 2468.932434856768,121.46047117325696,-248.67598404822763
2478.054982689168,68.57769283314225,-215.22067476513158 2478.008175512082,109.92397950406917,-171.74099689588206
2478.008175512082,109.92397950406917,-171.74099689588206 2476.705607610902,78.26411995937917,-222.69152790855472
2476.705607610902,78.26411995937917,-222.69152790855472 2484.9103312349384,33.44400037568871,-183.65514243606424
2478.054982689168,68.57769283314225,-215.22067476513158 2469.4027251708903,96.95239330716312,-267.3744360182474
2469.4027251708903,96.95239330716312,-267.3744360182474 2444.966975850758,49.85248152657121,-295.38322866313155
2444.966975850758,49.85248152657121,-295.38322866313155 2476.135296826618,58.1847316695578,-244.79558812613405
2476.135296826618,58.1847316695578,-244.79558812613405 2456.318100310735,50.21038486395173,-300.8641935597884
2469.4027251708903,96.95239330716312,-267.3744360182474 2450.799139334777,54.85378818798795,-305.8661759251174
2450.799139334777,54.85378818798795,-305.8661759251174 2458.274684097054,99.73762387135031,-266.7566179519554
2458.274684097054,99.73762387135031,-266.7566179519554 2466.733651597021,147.05494245093917,-230.8467692851592
2450.799139334777,54.85378818798795,-305.8661759251174 2423.606775723639,20.53821531416672,-346.8907639130685
2450.799139334777,54.85378818798795,-305.8661759251174 2424.0062833731627,92.61466576820166,-344.0271375717045
2450.799139334777,54.85378818798795,-305.8661759251174 2446.1613288067774,-3.4827613069139147,-319.107690435748
2478.054982689168,68.57769283314225,-215.22067476513158 2467.1977231643236,107.53447397122301,-259.5432324414419
2478.054982689168,68.57769283314225,-215.22067476513158 2461.491148090465,35.19236737966265,-262.24257846704535
2477.15815969696,10.820161094249602,-198.99528614262223 2476.302170446447,59.76926431756273,-233.68321741614218
2476.302170446447,59.76926431756273,-233.68321741614218 2462.7467733714184,3.5847676931011634,-249.79388311294625
2462.7467733714184,3.5847676931011634,-249.79388311294625 2455.929823448853,54.773329907725575,-280.343192305672
2462.7467733714184,3.5847676931011634,-249.79388311294625 2479.416425842221,-16.47700435822712,-195.76011599771346
2476.302170446447,59.76926431756273,-233.68321741614218 2461.1040389185378,10.826757369089698,-264.8865475534696
2461.1040389185378,10.826757369089698,-264.8865475534696 2478.4087353260247,45.86430649754204,-219.3572423389598
2461.1040389185378,10.826757369089698,-264.8865475534696 2450.2414709623185,47.444439500327526,-311.15910932318525
2476.302170446447,59.76926431756273,-233.68321741614218 2464.4939354665853,87.80175939149,-285.40115247343755
2464.4939354665853,87.80175939149,-285.40115247343755 2452.223241686181,46.015103247164646,-326.6722736409497
2477.15815969696,10.820161094249602,-198.99528614262223 2468.6586550414127,56.54006438072683,-236.90898899641238
2477.15815969696,10.820161094249602,-198.99528614262223 2464.412270664401,-16.536855734325687,-250.8521655609862
2464.412270664401,-16.536855734325687,-250.8521655609862 2443.8487468127782,-25.81893973781428,-306.4487877907216
2477.15815969696,10.820161094249602,-198.99528614262223 2480.536762135705,70.68313628639675,-196.75715149401833
2480.536762135705,70.68313628639675,-196.75715149401833 2475.0973479146865,27.00284074199891,-237.53023764268065
2480.536762135705,70.68313628639675,-196.75715149401833 2485.2349496231645,21.16229762566018,-163.20698647698788
2477.15815969696,10.820161094249602,-198.99528614262223 2475.294365153705,-47.26117325447066,-213.93131205893272
2477.15815969696,10.820161094249602,-198.99528614262223 2487.070488516812,-26.83415190549292,-153.34554956195237
2484.1976593848644,32.497897251004886,-143.49284295980283 2479.9700811614193,21.69034729644557,-202.35984939247575
2479.9700811614193,21.69034729644557,-202.35984939247575 2488.2601836614317,29.886536369502018,-143.50327214559536
2488.2601836614317,29.886536369502018,-143.50327214559536 2487.503680285135,82.4091043122014,-114.50659027773024
2484.1976593848644,32.497897251004886,-143.49284295980283 2485.659025578821,-12.131678697048088,-183.56858823726625
2485.659025578821,-12.131678697048088,-183.56858823726625 2488.0300646916703,37.09974885988522,-149.35390258575447
