起始树
1200.0,0.0,280.0 1258.6140010437757,0.0,267.17818727167406
1258.6140010437757,0.0,267.17818727167406 1317.2280020875514,0.0,254.35637454334812
1317.2280020875514,0.0,254.35637454334812 1375.8420031313271,0.0,241.5345618150222
1375.8420031313271,0.0,241.5345618150222 1434.4560041751029,0.0,228.71274908669625
1434.4560041751029,0.0,228.71274908669625 1493.0700052188786,0.0,215.8909363583703
1493.0700052188786,0.0,215.8909363583703 1551.6840062626543,0.0,203.06912363004437
1551.6840062626543,0.0,203.06912363004437 1611.4565481502318,0.0,197.84961826096918
1611.4565481502318,0.0,197.84961826096918 1653.5761780440573,0.0,240.58059973351635
1653.5761780440573,0.0,240.58059973351635 1711.184783801759,0.0,223.81013335199614
1711.184783801759,0.0,223.81013335199614 1768.7933895594608,0.0,207.03966697047593
1768.7933895594608,0.0,207.03966697047593 1723.8299873802482,39.43971400986042,211.8147505604049
1723.8299873802482,39.43971400986042,211.8147505604049 1743.6781508172917,-17.1813970704414,212.13127577036147
1743.6781508172917,-17.1813970704414,212.13127577036147 1702.2097429139337,-25.88418451123392,169.6503078350483
1702.2097429139337,-25.88418451123392,169.6503078350483 1642.4743829236547,-29.770548117598757,173.72252403153163
1642.4743829236547,-29.770548117598757,173.72252403153163 1685.1911447865607,-63.50757612071631,198.96318958267454
1685.1911447865607,-63.50757612071631,198.96318958267454 1642.4250726033579,-22.860851427703956,188.0587482053481
1642.4743829236547,-29.770548117598757,173.72252403153163 1615.2697101824915,-67.05299062582215,212.06212838091463
1615.2697101824915,-67.05299062582215,212.06212838091463 1641.2083193120327,-83.76989798863532,160.60599595096994
1768.7933895594608,0.0,207.03966697047593 1724.4988565660321,-14.82573336685678,244.69855671816933
1724.4988565660321,-14.82573336685678,244.69855671816933 1767.8977888590439,-47.66945092462717,269.95371248510094
1724.4988565660321,-14.82573336685678,244.69855671816933 1673.3333423271972,-42.92290443277274,230.81910677344032
1673.3333423271972,-42.92290443277274,230.81910677344032 1701.8763680152347,-84.0138968056435,197.70074282857254
1724.4988565660321,-14.82573336685678,244.69855671816933 1685.1996925505377,26.400062100263625,225.8303428178973
1768.7933895594608,0.0,207.03966697047593 1755.261521911543,-52.78618341314612,181.92976058608386
1755.261521911543,-52.78618341314612,181.92976058608386 1712.435299044462,-70.13693004769917,220.20333144330397
1712.435299044462,-70.13693004769917,220.20333144330397 1769.8876704400786,-64.88716680476676,203.72106803947193
1769.8876704400786,-64.88716680476676,203.72106803947193 1733.420500841244,-85.11581165897142,246.85976840019543
1733.420500841244,-85.11581165897142,246.85976840019543 1790.0562894706618,-78.65889565261082,228.13289781243566
1790.0562894706618,-78.65889565261082,228.13289781243566 1843.898360023249,-104.04585819646394,220.61401681808536
1843.898360023249,-104.04585819646394,220.61401681808536 1854.1603611036815,-54.72650347524743,253.20684706812693
1854.1603611036815,-54.72650347524743,253.20684706812693 1900.4354972067786,-19.04138447203865,266.8150820883882
1854.1603611036815,-54.72650347524743,253.20684706812693 1818.9073871656788,-66.54265153082025,300.2983162919183
1854.1603611036815,-54.72650347524743,253.20684706812693 1908.416529531197,-38.45715722971998,272.99514058495674
1908.416529531197,-38.45715722971998,272.99514058495674 1866.1300065327546,4.022599581176621,275.7007336787678
1866.1300065327546,4.022599581176621,275.7007336787678 1845.5509522824416,-44.99392019522527,303.51949201145175
1908.416529531197,-38.45715722971998,272.99514058495674 1863.2417909612632,-28.101689217002548,311.1003538421438
1863.2417909612632,-28.101689217002548,311.1003538421438 1827.4292266328403,-72.9710654779406,293.6590433931855
1908.416529531197,-38.45715722971998,272.99514058495674 1938.1201644053367,-69.00716198976257,315.2371964585192
1938.1201644053367,-69.00716198976257,315.2371964585192 1886.9398952147162,-90.44284283552395,338.0646280322699
1938.1201644053367,-69.00716198976257,315.2371964585192 1975.4541252378679,-32.295766642470646,344.5364937232978
1975.4541252378679,-32.295766642470646,344.5364937232978 1955.4706343379821,19.602588802899632,367.058056580262
1955.4706343379821,19.602588802899632,367.058056580262 1998.841415932514,44.39742141996268,400.2874348376299
1975.4541252378679,-32.295766642470646,344.5364937232978 1936.8628061858842,-74.87533117837069,361.79021151863486
1936.8628061858842,-74.87533117837069,361.79021151863486 1898.6609359303845,-103.52596443727751,398.1186896431805
1975.4541252378679,-32.295766642470646,344.5364937232978 1929.4211692512758,-55.87696296748621,374.9485660469254
1975.4541252378679,-32.295766642470646,344.5364937232978 1929.0612491035672,-51.409357542989454,311.63707599478727
1929.0612491035672,-51.409357542989454,311.63707599478727 1902.764142175123,-78.1645896471997,358.46249347550827
1929.0612491035672,-51.409357542989454,311.63707599478727 1899.542500250809,-12.082890399828585,346.0183564858579
1938.1201644053367,-69.00716198976257,315.2371964585192 1899.1760806673262,-84.8887049206398,272.44543398089354
1899.1760806673262,-84.8887049206398,272.44543398089354 1844.857302522373,-65.22250377896026,256.23707584398306
1844.857302522373,-65.22250377896026,256.23707584398306 1831.2639400206847,-106.39251234760309,214.76116849579387
1938.1201644053367,-69.00716198976257,315.2371964585192 1984.783089199759,-47.247396453246836,346.0444042746449
1984.783089199759,-47.247396453246836,346.0444042746449 1945.393608883581,-62.159462984315816,388.77728520016177
1945.393608883581,-62.159462984315816,388.77728520016177 1897.9210813636762,-64.76385571158266,352.1770629413551
1984.783089199759,-47.247396453246836,346.0444042746449 1951.3567139237398,-29.781760666091042,299.3793316564954
1951.3567139237398,-29.781760666091042,299.3793316564954 1909.1350606127144,5.745848123791827,322.9403376909714
1909.1350606127144,5.745848123791827,322.9403376909714 1943.7571318917635,-33.90621663469588,294.14752711719905
1984.783089199759,-47.247396453246836,346.0444042746449 1925.5375096281298,-54.762704184419995,340.2580884409276
1984.783089199759,-47.247396453246836,346.0444042746449 1957.432041532866,-0.4753441859348797,371.8183313760236
1984.783089199759,-47.247396453246836,346.0444042746449 1955.0026562045887,1.0744624565235483,365.48980892778644
1955.0026562045887,1.0744624565235483,365.48980892778644 1920.167268041224,32.46064191630316,402.92513276004695
1920.167268041224,32.46064191630316,402.92513276004695 1948.578673176663,50.142295891970896,353.1240165987127
1955.0026562045887,1.0744624565235483,365.48980892778644 1924.9999386256284,-36.14202105323783,401.7495702762125
1984.783089199759,-47.247396453246836,346.0444042746449 1965.3342296342335,-12.922102583777544,391.2496701446189
1965.3342296342335,-12.922102583777544,391.2496701446189 1929.1037550431113,-48.187550422922484,358.94331009575853
1984.783089199759,-47.247396453246836,346.0444042746449 2013.7838465761954,-23.294009249880563,392.7904341924751
1984.783089199759,-47.247396453246836,346.0444042746449 1963.0271357991742,-101.4928847154733,359.612952274495
1984.783089199759,-47.247396453246836,346.0444042746449 1952.2602722128083,-76.20645100386474,387.31957277542335
1952.2602722128083,-76.20645100386474,387.31957277542335 1944.4990063985902,-102.98278497744879,440.4495143516771
1984.783089199759,-47.247396453246836,346.0444042746449 1943.2481302131446,-50.38690717531619,302.85886671394894
1984.783089199759,-47.247396453246836,346.0444042746449 1943.261250088052,-62.7511735884784,305.60222615176673
1943.261250088052,-62.7511735884784,305.60222615176673 1908.666427690486,-66.26276415148332,354.49871881738306
1908.666427690486,-66.26276415148332,354.49871881738306 1962.5078507648193,-66.0474523870027,380.9761583116907
1984.783089199759,-47.247396453246836,346.0444042746449 1930.2244276235335,-22.280401855542163,346.0040586541613
1930.2244276235335,-22.280401855542163,346.0040586541613 1973.4474497556112,-23.657774862100155,387.5958030437723
1973.4474497556112,-23.657774862100155,387.5958030437723 1933.0457776440337,-46.564637506850914,425.58238665381964
1930.2244276235335,-22.280401855542163,346.0040586541613 1890.5958999097586,-47.18649865600155,383.5442522259147
1984.783089199759,-47.247396453246836,346.0444042746449 1951.5376721123728,0.013604386667203983,362.2042323150471
1951.5376721123728,0.013604386667203983,362.2042323150471 1946.743924484081,-44.42096858193899,322.17188653349365
1951.5376721123728,0.013604386667203983,362.2042323150471 1983.367393436765,-33.84533476495588,400.15737553057295
1984.783089199759,-47.247396453246836,346.0444042746449 1957.5603712752377,-34.65030069568593,398.0082071308331
1957.5603712752377,-34.65030069568593,398.0082071308331 1921.2169012502875,-6.469297890859618,436.54368776180377
1921.2169012502875,-6.469297890859618,436.54368776180377 1951.3061187043143,-55.917627501602524,452.3393103108397
1951.3061187043143,-55.917627501602524,452.3393103108397 1961.5462780034106,-35.634387321016234,396.80797406448437
1984.783089199759,-47.247396453246836,346.0444042746449 2014.6699234516402,-14.97919513686658,386.85543614356635
2014.6699234516402,-14.97919513686658,386.85543614356635 2047.0836662044223,-41.72601841454885,429.6801571036485
2014.6699234516402,-14.97919513686658,386.85543614356635 1955.579480295379,-17.099022849282694,397.044933582907
1955.579480295379,-17.099022849282694,397.044933582907 1920.6481201508163,-63.10583533313819,413.2675500033927
1955.579480295379,-17.099022849282694,397.044933582907 1949.7248038924163,36.440952589419666,423.4872064473893
2014.6699234516402,-14.97919513686658,386.85543614356635 2047.612098286477,-36.786994648256325,432.0133036488204
2014.6699234516402,-14.97919513686658,386.85543614356635 2057.7146261743196,-8.677090496260062,428.1765813916716
2057.7146261743196,-8.677090496260062,428.1765813916716 2002.547306952723,14.9092472785662,428.6781392390406
2002.547306952723,14.9092472785662,428.6781392390406 2038.560866176111,47.6326315961526,393.5753805031939
2038.560866176111,47.6326315961526,393.5753805031939 2018.3974751724727,81.23562584532473,439.0096895738126
2038.560866176111,47.6326315961526,393.5753805031939 2062.4857940475113,19.969609448639577,441.13960058525254
2062.4857940475113,19.969609448639577,441.13960058525254 2012.0766673670698,32.055212635672376,410.9260582090136
2038.560866176111,47.6326315961526,393.5753805031939 2027.5744050612668,-10.738204538947116,402.069093534687
2038.560866176111,47.6326315961526,393.5753805031939 2028.1349212963732,100.64888969353511,419.6632330540728
2038.560866176111,47.6326315961526,393.5753805031939 2011.200184278252,75.1257753700551,439.35223198417384
2038.560866176111,47.6326315961526,393.5753805031939 1985.9049287572234,75.05424700549585,402.2591160404074
2038.560866176111,47.6326315961526,393.5753805031939 1984.6549116561864,34.91270652997515,416.648125758292
1984.6549116561864,34.91270652997515,416.648125758292 2023.936334139361,52.992406867990695,458.24252782618936
2023.936334139361,52.992406867990695,458.24252782618936 2021.3029750995618,90.65507870373924,504.87501189427456
2038.560866176111,47.6326315961526,393.5753805031939 2024.1214085473503,-5.727800401794191,370.2480068752065
2024.1214085473503,-5.727800401794191,370.2480068752065 1987.5606746740032,24.668791437831825,406.84527375645695
2024.1214085473503,-5.727800401794191,370.2480068752065 1979.7505415625938,34.0426470919159,363.2097067131581
2024.1214085473503,-5.727800401794191,370.2480068752065 1982.277019445508,29.330948202578256,345.3495883111887
2024.1214085473503,-5.727800401794191,370.2480068752065 2043.519471696657,-46.30701449243589,409.96000166067864
2024.1214085473503,-5.727800401794191,370.2480068752065 1975.159716043845,-23.515524665696006,340.4763839314771
2024.1214085473503,-5.727800401794191,370.2480068752065 1987.988662588974,36.92761688810808,348.45488765532997
2024.1214085473503,-5.727800401794191,370.2480068752065 2006.2758939440596,12.48184839318715,424.56141497401006
2006.2758939440596,12.48184839318715,424.56141497401006 2003.900692984796,-15.455054659365288,371.5153230516507
2024.1214085473503,-5.727800401794191,370.2480068752065 1987.8888450674688,-44.96084458630579,397.59703953986445
2024.1214085473503,-5.727800401794191,370.2480068752065 1975.4392357397146,-14.70392682103557,404.1519182311741
2024.1214085473503,-5.727800401794191,370.2480068752065 1970.5179012158872,12.419217440595112,390.1816403922996
1970.5179012158872,12.419217440595112,390.1816403922996 1989.2843968400018,-7.573248566013859,336.8138603657267
1970.5179012158872,12.419217440595112,390.1816403922996 2002.87248018575,44.9391248567228,351.5081760875674
2024.1214085473503,-5.727800401794191,370.2480068752065 1988.036330853351,-53.614280610059254,372.42795666395745
1988.036330853351,-53.614280610059254,372.42795666395745 1961.9696021397308,-12.873132963458396,336.9218368730201
2024.1214085473503,-5.727800401794191,370.2480068752065 1981.1041466076667,-42.13773398413691,349.6608285415432
2024.1214085473503,-5.727800401794191,370.2480068752065 1976.3545209858028,-15.324992974568884,405.26540751265475
2024.1214085473503,-5.727800401794191,370.2480068752065 1982.6819815182137,15.399737858661638,332.34812541695067
2024.1214085473503,-5.727800401794191,370.2480068752065 1971.4201610538896,-20.985532696673108,394.5333958539899
2024.1214085473503,-5.727800401794191,370.2480068752065 2004.2903685369686,25.86723660157764,417.24251175463047
2024.1214085473503,-5.727800401794191,370.2480068752065 1996.1953584612304,15.504208100435378,418.92384833222474
2024.1214085473503,-5.727800401794191,370.2480068752065 1983.9571905455855,13.85465068066133,330.20598892018893
2024.1214085473503,-5.727800401794191,370.2480068752065 2016.8496365289232,-22.24633806136039,427.4691502166456
2024.1214085473503,-5.727800401794191,370.2480068752065 1988.798934394341,-39.14784985286565,335.0994206390871
2024.1214085473503,-5.727800401794191,370.2480068752065 1999.6317581914582,42.95505698894448,395.3525168628394
2024.1214085473503,-5.727800401794191,370.2480068752065 1981.214214497704,12.206468423697498,332.33580962312146
2024.1214085473503,-5.727800401794191,370.2480068752065 1984.0205108471673,-21.785032563694553,411.89033268607227
2024.1214085473503,-5.727800401794191,370.2480068752065 1984.207892019042,-50.47724498880988,372.34524493944014
2024.1214085473503,-5.727800401794191,370.2480068752065 2027.880825125741,40.32360539437611,408.5250863247488
2024.1214085473503,-5.727800401794191,370.2480068752065 1978.4889335552778,20.749307997677292,341.67109387011584
2024.1214085473503,-5.727800401794191,370.2480068752065 1981.7591375610598,-12.602694474985256,412.17859032412235
2024.1214085473503,-5.727800401794191,370.2480068752065 1985.6519606411146,-49.31191463390612,355.3978700276341
2024.1214085473503,-5.727800401794191,370.2480068752065 2011.8793902726,37.976582620992396,409.4916037179813
2011.8793902726,37.976582620992396,409.4916037179813 1979.1690061490813,32.70698330353185,459.51421953848075
2024.1214085473503,-5.727800401794191,370.2480068752065 1993.2852799311795,-50.13584427761035,396.2683606600913
2024.1214085473503,-5.727800401794191,370.2480068752065 1974.2618698200033,-24.1443515245248,398.08426098095924
2024.1214085473503,-5.727800401794191,370.2480068752065 2000.8985131167576,-44.82112072245322,409.39400838399547
2024.1214085473503,-5.727800401794191,370.2480068752065 2003.4154939322334,30.697392644059853,413.19530494532677
2024.1214085473503,-5.727800401794191,370.2480068752065 1976.6277367650491,28.53223045424761,357.1865587786854
2024.1214085473503,-5.727800401794191,370.2480068752065 1991.9701021913615,-32.8385898619655,413.041681576611
2024.1214085473503,-5.727800401794191,370.2480068752065 1985.8758345447095,38.90145514635051,382.310577846062
2024.1214085473503,-5.727800401794191,370.2480068752065 2005.812627053283,-62.629313435397975,365.05124493250406
2024.1214085473503,-5.727800401794191,370.2480068752065 1964.86131329401,2.014942492212703,375.5669393848697
1964.86131329401,2.014942492212703,375.5669393848697 1916.0385307231606,34.20624258933489,362.1484409555899
2038.560866176111,47.6326315961526,393.5753805031939 2018.6320927911706,39.51649049449837,449.5840605893175
2038.560866176111,47.6326315961526,393.5753805031939 2013.8591622525194,-0.7974081950448451,368.1911911504837
2038.560866176111,47.6326315961526,393.5753805031939 1985.2177151407636,74.12332617769502,386.3123688546033
2038.560866176111,47.6326315961526,393.5753805031939 2054.7352999341165,13.142825132709056,439.9309728596949
2038.560866176111,47.6326315961526,393.5753805031939 2040.746284640257,71.68794098833557,448.4986545878925
2038.560866176111,47.6326315961526,393.5753805031939 1987.5566256414436,24.10295051494074,414.66854422270853
2038.560866176111,47.6326315961526,393.5753805031939 1985.6523222540786,20.441560614796966,385.74392859838946
2038.560866176111,47.6326315961526,393.5753805031939 2009.7443037354426,81.03842280414241,434.2405848291437
2038.560866176111,47.6326315961526,393.5753805031939 1991.0719472959313,22.88844745454588,420.6406337766804
2038.560866176111,47.6326315961526,393.5753805031939 2059.4524087583923,4.490252604566983,429.662477691512
2038.560866176111,47.6326315961526,393.5753805031939 2033.0159621812534,106.46671361231239,403.9582911261163
2038.560866176111,47.6326315961526,393.5753805031939 2041.7358836407436,39.4384119541036,452.92834191673364
2002.547306952723,14.9092472785662,428.6781392390406 1969.2774021018838,53.633950043004226,460.1981460128667
2002.547306952723,14.9092472785662,428.6781392390406 1976.5512623335383,66.85387772025598,413.6461389585179
1976.5512623335383,66.85387772025598,413.6461389585179 1999.3961098370783,85.94787869178089,361.5545650771366
1976.5512623335383,66.85387772025598,413.6461389585179 1934.985055019318,52.80917276737645,372.7194157535283
2002.547306952723,14.9092472785662,428.6781392390406 2005.0967528687163,61.874327070472866,465.9310801385356
2002.547306952723,14.9092472785662,428.6781392390406 2031.4507897055785,-7.729130748572031,476.1343561663912
2002.547306952723,14.9092472785662,428.6781392390406 1947.9331516703417,-6.643369601089903,416.31776916243217
2002.547306952723,14.9092472785662,428.6781392390406 2034.593833449345,-29.445385817283018,404.0674370460131
2057.7146261743196,-8.677090496260062,428.1765813916716 2018.9560584926205,-52.934393074377724,439.96914683656485
2018.9560584926205,-52.934393074377724,439.96914683656485 1984.468013141113,-16.82842634054021,406.6985307610039
2057.7146261743196,-8.677090496260062,428.1765813916716 2031.917943925514,40.05671658540663,404.52183065781156
2031.917943925514,40.05671658540663,404.52183065781156 2051.855912570542,93.19028297779786,423.9974956974254
2051.855912570542,93.19028297779786,423.9974956974254 2019.0403416216398,51.76489586791294,395.5884195756339
2057.7146261743196,-8.677090496260062,428.1765813916716 2063.0985932597196,-11.647002492584718,487.8606874933585
2063.0985932597196,-11.647002492584718,487.8606874933585 2070.397728964507,-67.57657015114336,467.40082240363216
2057.7146261743196,-8.677090496260062,428.1765813916716 2034.3384433623728,-54.125880835479066,396.7447259923453
2034.3384433623728,-54.125880835479066,396.7447259923453 2014.1112581925577,-80.8226641110432,446.52567358119273
2034.3384433623728,-54.125880835479066,396.7447259923453 2017.729432045199,-11.26419874949211,435.30658476271293
2034.3384433623728,-54.125880835479066,396.7447259923453 1981.3361837130728,-45.31040826970791,370.0417689367994
2034.3384433623728,-54.125880835479066,396.7447259923453 2001.0920734061647,-57.754260687203725,446.55952042518965
2034.3384433623728,-54.125880835479066,396.7447259923453 2036.9129831988848,-19.073083783967114,445.3726311857189
2057.7146261743196,-8.677090496260062,428.1765813916716 2039.338969402833,-39.56171646312685,476.22317458102543
2039.338969402833,-39.56171646312685,476.22317458102543 2064.632723964582,2.984311900865727,510.1357305245154
2039.338969402833,-39.56171646312685,476.22317458102543 2011.5370080081573,1.3313716077017332,442.2407336645695
2057.7146261743196,-8.677090496260062,428.1765813916716 2016.278778015867,25.66908409795576,454.6984738228932
2016.278778015867,25.66908409795576,454.6984738228932 2054.594171783204,61.52744229685903,425.6105253264269
2054.594171783204,61.52744229685903,425.6105253264269 2056.8141706528213,105.58377046444562,466.2812955847932
2016.278778015867,25.66908409795576,454.6984738228932 2035.195652708226,-28.663509078250584,471.7314175092454
2057.7146261743196,-8.677090496260062,428.1765813916716 2066.0639005493267,-67.41275628043564,437.14380963123773
2057.7146261743196,-8.677090496260062,428.1765813916716 2064.2026746938286,41.633491446306216,460.21953024175133
2057.7146261743196,-8.677090496260062,428.1765813916716 2029.9676865476272,28.97912933500149,390.59844347382915
2029.9676865476272,28.97912933500149,390.59844347382915 1983.6125342569885,-8.921732302942885,386.761186222472
1983.6125342569885,-8.921732302942885,386.761186222472 2004.8607386686504,36.24834942717491,420.0504866923635
2029.9676865476272,28.97912933500149,390.59844347382915 1993.4083916738898,59.502473915810164,427.09150300487346
2029.9676865476272,28.97912933500149,390.59844347382915 2030.303207724895,-4.842443866870127,440.1563753484549
2029.9676865476272,28.97912933500149,390.59844347382915 1995.3200773855292,-5.538113057816837,355.8406651077434
2029.9676865476272,28.97912933500149,390.59844347382915 2036.1079956609008,-29.790250769308052,401.0126917015523
2029.9676865476272,28.97912933500149,390.59844347382915 1987.6627293641773,30.89744717349699,433.10268625472065
2029.9676865476272,28.97912933500149,390.59844347382915 1990.136681903264,61.90603259697304,360.11385539070955
2029.9676865476272,28.97912933500149,390.59844347382915 1970.9730030103276,20.338932778326424,383.8921540530029
2029.9676865476272,28.97912933500149,390.59844347382915 1999.8917127499553,62.58575014833438,351.0253359684712
2029.9676865476272,28.97912933500149,390.59844347382915 1995.1844752241943,77.82377533303854,388.51787447573037
2029.9676865476272,28.97912933500149,390.59844347382915 2007.7787404951441,59.31218522367416,437.36976367686225
2057.7146261743196,-8.677090496260062,428.1765813916716 2020.2335614050255,10.434380416110843,385.399000074753
2057.7146261743196,-8.677090496260062,428.1765813916716 2018.6821539342548,18.686648048194336,391.7390742911673
2018.6821539342548,18.686648048194336,391.7390742911673 1998.695917620974,-17.608635520133213,435.13495829788366
2057.7146261743196,-8.677090496260062,428.1765813916716 2071.899904766846,-22.974559622994292,484.69525306592897
2057.7146261743196,-8.677090496260062,428.1765813916716 2017.4512043172338,17.061244183300204,464.4587393798797
2017.4512043172338,17.061244183300204,464.4587393798797 1998.7427263003465,28.551024319360423,408.61988370825406
2014.6699234516402,-14.97919513686658,386.85543614356635 1980.8504304820829,-50.32632689489248,421.59478230555993
2014.6699234516402,-14.97919513686658,386.85543614356635 1983.4816362403621,-20.77482682002602,437.78383091720895
2014.6699234516402,-14.97919513686658,386.85543614356635 1985.6817190692796,15.516577256258206,429.63033383874756
1984.783089199759,-47.247396453246836,346.0444042746449 1942.4096383594758,-14.329246486016643,372.89372580463987
1984.783089199759,-47.247396453246836,346.0444042746449 1945.8970458919823,-3.6020576792829715,359.5706764577576
1945.8970458919823,-3.6020576792829715,359.5706764577576 1910.477313123628,41.32598647388299,341.4899303672464
1910.477313123628,41.32598647388299,341.4899303672464 1899.1591800389394,-15.965359684153022,327.7203436313501
1984.783089199759,-47.247396453246836,346.0444042746449 1944.580996676308,-17.00954577902454,378.7470669084323
1984.783089199759,-47.247396453246836,346.0444042746449 1934.6595137011436,-16.7994211570075,333.3736513532825
1984.783089199759,-47.247396453246836,346.0444042746449 1934.3007181945095,-34.542061252722426,375.87902636259264
1934.3007181945095,-34.542061252722426,375.87902636259264 1910.6000256077764,-78.65187553934288,408.93354881427877
1934.3007181945095,-34.542061252722426,375.87902636259264 1881.554354211663,-6.111190755975706,378.9623183348659
1934.3007181945095,-34.542061252722426,375.87902636259264 1958.2666166205681,-63.140960827770336,422.86560589045536
1938.1201644053367,-69.00716198976257,315.2371964585192 1974.335112163187,-29.524561481089506,342.2483388995323
1938.1201644053367,-69.00716198976257,315.2371964585192 1960.6404819968368,-14.45432530322227,326.04567947093307
1938.1201644053367,-69.00716198976257,315.2371964585192 1905.7250679322303,-80.19162559762835,265.98818125717276
1908.416529531197,-38.45715722971998,272.99514058495674 1915.772868633008,-79.93852793034185,315.7172678706708
1915.772868633008,-79.93852793034185,315.7172678706708 1968.7750552761315,-97.05761048238278,338.02657587481826
1968.7750552761315,-97.05761048238278,338.02657587481826 1935.596101770007,-118.94896373294833,293.0829923828738
1968.7750552761315,-97.05761048238278,338.02657587481826 1934.0378620541371,-50.431923265050436,323.2153403230718
1908.416529531197,-38.45715722971998,272.99514058495674 1867.7081075720205,-58.699997299561815,233.84093509562976
1867.7081075720205,-58.699997299561815,233.84093509562976 1810.6470325802218,-40.37192358221755,230.992174910583
1810.6470325802218,-40.37192358221755,230.992174910583 1772.3928355379103,0.38642099311167755,252.79524249582738
1810.6470325802218,-40.37192358221755,230.992174910583 1827.8490162118944,-82.98482748794507,269.56978732836876
1908.416529531197,-38.45715722971998,272.99514058495674 1884.263040658477,-83.1427365348415,304.929573059029
1884.263040658477,-83.1427365348415,304.929573059029 1910.971653078117,-136.77379206798545,301.71089242586913
1854.1603611036815,-54.72650347524743,253.20684706812693 1818.158889912834,-15.511049017082286,225.5293796309831
1843.898360023249,-104.04585819646394,220.61401681808536 1848.341187746738,-142.14327133987192,266.7534619122766
1848.341187746738,-142.14327133987192,266.7534619122766 1840.5679545367473,-97.864657355654,227.01706563506337
1843.898360023249,-104.04585819646394,220.61401681808536 1808.4501130488586,-98.81479502901587,268.73945462992026
1843.898360023249,-104.04585819646394,220.61401681808536 1889.9380179322256,-73.79200809830948,244.38489088411018
1843.898360023249,-104.04585819646394,220.61401681808536 1800.9687288698262,-62.49494735757929,226.142902554844
1843.898360023249,-104.04585819646394,220.61401681808536 1892.7193623283429,-84.62420053907275,249.58484607382348
1843.898360023249,-104.04585819646394,220.61401681808536 1832.1048674987603,-160.5334083391738,237.0478299163795
1832.1048674987603,-160.5334083391738,237.0478299163795 1790.2386831133717,-166.31712005022348,194.45943614704237
1832.1048674987603,-160.5334083391738,237.0478299163795 1870.2686276928468,-132.20468586587404,273.6676454658742
1832.1048674987603,-160.5334083391738,237.0478299163795 1825.3760129981492,-206.4990615369556,275.0199413036971
1825.3760129981492,-206.4990615369556,275.0199413036971 1860.9172924199677,-230.19492108219703,232.88535103071095
1860.9172924199677,-230.19492108219703,232.88535103071095 1831.61308048969,-181.6142535034779,213.36147076188743
1860.9172924199677,-230.19492108219703,232.88535103071095 1903.0974862878961,-252.73763324137997,269.11596479548444
1860.9172924199677,-230.19492108219703,232.88535103071095 1882.5957847204736,-180.85563277030573,259.2610519778512
1825.3760129981492,-206.4990615369556,275.0199413036971 1870.9650764671558,-238.07315679940726,252.11330906810832
1790.0562894706618,-78.65889565261082,228.13289781243566 1839.0081187873693,-87.6361050835979,261.6460014792124
1790.0562894706618,-78.65889565261082,228.13289781243566 1842.6037750374408,-59.366062113519064,249.73262777931365
1790.0562894706618,-78.65889565261082,228.13289781243566 1751.7825838398662,-61.5692098717918,185.2019521298622
1733.420500841244,-85.11581165897142,246.85976840019543 1767.4424981565874,-132.84908926085444,259.66749685048427
1767.4424981565874,-132.84908926085444,259.66749685048427 1732.1600861840577,-95.79216566186918,228.33164168775306
1732.1600861840577,-95.79216566186918,228.33164168775306 1775.3631739802354,-63.91221072402133,255.11151618403397
1775.3631739802354,-63.91221072402133,255.11151618403397 1816.0313605306399,-20.7847686762453,264.3917287417949
1733.420500841244,-85.11581165897142,246.85976840019543 1773.2650878165507,-107.83289277746951,208.17717393934277
1733.420500841244,-85.11581165897142,246.85976840019543 1704.877006749165,-53.316520327178665,288.9795264219509
1733.420500841244,-85.11581165897142,246.85976840019543 1745.803512259194,-121.00533390757725,200.39899762538215
1769.8876704400786,-64.88716680476676,203.72106803947193 1749.1596363360788,-121.17762511490487,202.40466938479838
1749.1596363360788,-121.17762511490487,202.40466938479838 1782.1793709739488,-100.52924042515178,248.04830348801826
1769.8876704400786,-64.88716680476676,203.72106803947193 1782.1455244312435,-20.271674460029686,241.92058188936258
1769.8876704400786,-64.88716680476676,203.72106803947193 1802.5691215473742,-17.102517343750343,219.48653756655023
1711.184783801759,0.0,223.81013335199614 1691.6719233434796,21.39223997209879,171.25901209172378
1691.6719233434796,21.39223997209879,171.25901209172378 1649.774420958407,-5.139257836165012,137.48507364885148
1711.184783801759,0.0,223.81013335199614 1715.344299909178,-54.37755361136754,198.79453643737165
1715.344299909178,-54.37755361136754,198.79453643737165 1683.870675509346,-46.487938114397295,249.26398199057996
1683.870675509346,-46.487938114397295,249.26398199057996 1716.4296442734956,-56.37400930340016,199.8455729767205
1716.4296442734956,-56.37400930340016,199.8455729767205 1730.0699826374027,-22.51025296971072,247.46056196433477
1716.4296442734956,-56.37400930340016,199.8455729767205 1754.7167591141997,-102.03900989010398,192.8595470255034
1683.870675509346,-46.487938114397295,249.26398199057996 1681.638586068534,-40.08792803889517,308.87989972872845
1715.344299909178,-54.37755361136754,198.79453643737165 1721.29483987574,-35.99160433652874,255.5972471417861
1711.184783801759,0.0,223.81013335199614 1668.7434861329725,40.409467734863014,236.6869019518628
1711.184783801759,0.0,223.81013335199614 1681.0752037914397,42.006492415927184,254.2874656911762
1681.0752037914397,42.006492415927184,254.2874656911762 1686.2536155278117,87.62012205113179,292.92139952389624
1686.2536155278117,87.62012205113179,292.92139952389624 1647.6284232746448,123.42380261564946,321.6649376053482
1711.184783801759,0.0,223.81013335199614 1745.334729861265,-30.336186176935346,184.90644467892628
1653.5761780440573,0.0,240.58059973351635 1606.680766547538,-37.30887306882104,243.55858074533162
1653.5761780440573,0.0,240.58059973351635 1691.5850599222683,37.00182969209514,212.54152881799953
1691.5850599222683,37.00182969209514,212.54152881799953 1729.7548309115148,73.83383736297256,184.49742438300447
1653.5761780440573,0.0,240.58059973351635 1628.6684993611061,44.08459098045108,208.3912166901402
1628.6684993611061,44.08459098045108,208.3912166901402 1672.0903614259114,18.04065902212934,240.5821393699163
1672.0903614259114,18.04065902212934,240.5821393699163 1625.0702609539935,-19.229794501657338,240.7352593947842
1611.4565481502318,0.0,197.84961826096918 1588.9157909701248,-52.681755328422085,180.05785271441013
1588.9157909701248,-52.681755328422085,180.05785271441013 1567.452854174844,-23.834796127275098,228.09112544248006
1588.9157909701248,-52.681755328422085,180.05785271441013 1567.9473370615963,-3.137921863342207,206.62347911903956
1567.9473370615963,-3.137921863342207,206.62347911903956 1531.0647683068953,33.37161370688498,236.7354357891245
1588.9157909701248,-52.681755328422085,180.05785271441013 1557.3887245823598,-95.21880256297977,151.8329754330744
1551.6840062626543,0.0,203.06912363004437 1598.0343825224018,-6.481879268466193,165.52411248703268
1598.0343825224018,-6.481879268466193,165.52411248703268 1622.7844932401779,46.489513407705026,152.0532707388456
1493.0700052188786,0.0,215.8909363583703 1458.5946884050259,37.657666800557664,184.3734386511814
1458.5946884050259,37.657666800557664,184.3734386511814 1495.0611947445345,7.346672902055964,221.13534235971593
1495.0611947445345,7.346672902055964,221.13534235971593 1515.7827259456658,51.20386665330453,256.4505614719625
1515.7827259456658,51.20386665330453,256.4505614719625 1498.9272008233554,100.24739993409821,286.6270940127772
1493.0700052188786,0.0,215.8909363583703 1453.3150603659103,4.424201074326994,171.16990322415725
1493.0700052188786,0.0,215.8909363583703 1539.6030836570974,-2.1401915185489435,178.07437660835456
1434.4560041751029,0.0,228.71274908669625 1456.5670866812088,52.906548884870695,246.37618916786278
1434.4560041751029,0.0,228.71274908669625 1395.4817881316453,-22.545913138086732,268.3699336131821
1395.4817881316453,-22.545913138086732,268.3699336131821 1351.2231059206852,15.58810263845725,282.0434806915207
1375.8420031313271,0.0,241.5345618150222 1390.3635366755236,-55.59386807819727,224.25894617827066
1317.2280020875514,0.0,254.35637454334812 1308.559162497486,-40.761830925912825,297.5226155162312
1258.6140010437757,0.0,267.17818727167406 1242.9032237364331,53.03076619326871,290.4356444274758
1242.9032237364331,53.03076619326871,290.4356444274758 1289.1738164605902,20.592117915627526,270.2671951347148
1200.0,0.0,280.0 1158.2670963117296,4.280820938290729,237.10432047583535
目标树
2480.0,0.0,0.0 2489.927396981169,-8.488850452034322,-58.56096146052655
2489.927396981169,-8.488850452034322,-58.56096146052655 2489.146776228263,40.32624949167478,-93.4389867590698
2489.927396981169,-8.488850452034322,-58.56096146052655 2487.7812330091074,-55.283514400443416,-96.0530060321485
2487.7812330091074,-55.283514400443416,-96.0530060321485 2487.3633654899245,-112.39118408291638,-77.65356445980805
2487.3633654899245,-112.39118408291638,-77.65356445980805 2484.1987988493092,-148.3925642126383,-125.54809595070344
2484.1987988493092,-148.3925642126383,-125.54809595070344 2480.9763459535047,-171.00975237448426,-181.0285303126114
2480.9763459535047,-171.00975237448426,-181.0285303126114 2467.9577790241246,-221.1124278861144,-211.3639686921956
2467.9577790241246,-221.1124278861144,-211.3639686921956 2456.2179296555446,-183.24641440590688,-256.4010751702964
2456.2179296555446,-183.24641440590688,-256.4010751702964 2453.45643606341,-242.56747200094088,-264.96765435613565
2453.45643606341,-242.56747200094088,-264.96765435613565 2466.916835649479,-228.3008072269829,-208.2642160193746
2466.916835649479,-228.3008072269829,-208.2642160193746 2455.011176180772,-202.49550462988077,-261.1068279011428
2455.011176180772,-202.49550462988077,-261.1068279011428 2452.4705741646867,-261.92823364429046,-253.27764765697881
2453.45643606341,-242.56747200094088,-264.96765435613565 2437.9490898143245,-285.0403727571148,-304.4084316515589
2437.9490898143245,-285.0403727571148,-304.4084316515589 2442.88636241312,-336.584389143178,-274.096095646585
2442.88636241312,-336.584389143178,-274.096095646585 2455.61351589367,-301.060115171016,-320.74419874878305
2442.88636241312,-336.584389143178,-274.096095646585 2439.092237879473,-277.7867491901238,-285.4293279734274
2439.092237879473,-277.7867491901238,-285.4293279734274 2427.895367625595,-230.48055978870946,-320.5968490807692
2427.895367625595,-230.48055978870946,-320.5968490807692 2445.8551612114907,-276.6979059647408,-286.81219684344535
2442.88636241312,-336.584389143178,-274.096095646585 2405.0689518482322,-371.98663434004044,-243.82194011438324
2405.0689518482322,-371.98663434004044,-243.82194011438324 2355.3710891935893,-395.93284383232896,-267.4164627523108
2355.3710891935893,-395.93284383232896,-267.4164627523108 2351.8325019149183,-378.90621560771257,-209.99197031770652
2405.0689518482322,-371.98663434004044,-243.82194011438324 2394.9354528660997,-412.81053192621164,-201.03500771379015
2453.45643606341,-242.56747200094088,-264.96765435613565 2459.693928481247,-235.14662219234012,-324.17934810370224
2459.693928481247,-235.14662219234012,-324.17934810370224 2420.2158864565695,-234.02766924928505,-369.3482770505902
2420.2158864565695,-234.02766924928505,-369.3482770505902 2444.6516340303133,-216.69052003026522,-317.3644574769026
2444.6516340303133,-216.69052003026522,-317.3644574769026 2416.418502443681,-258.1437657234319,-350.29648903151326
2416.418502443681,-258.1437657234319,-350.29648903151326 2415.411303347496,-305.98975319070587,-386.48691640205016
2415.411303347496,-305.98975319070587,-386.48691640205016 2443.703199596552,-253.74768649667223,-378.1003155310903
2416.418502443681,-258.1437657234319,-350.29648903151326 2403.382482208466,-313.849763067958,-332.21600130914464
2403.382482208466,-313.849763067958,-332.21600130914464 2351.4137625360972,-330.64332425727844,-357.060084673102
2351.4137625360972,-330.64332425727844,-357.060084673102 2383.817660028518,-362.33314904237926,-317.74415364774893
2383.817660028518,-362.33314904237926,-317.74415364774893 2353.395302739128,-387.71410130875944,-362.802864670241
2353.395302739128,-387.71410130875944,-362.802864670241 2309.2413681791395,-426.8930694452225,-352.05863279289116
2309.2413681791395,-426.8930694452225,-352.05863279289116 2325.338196949791,-453.96488038128246,-403.1273037778556
2325.338196949791,-453.96488038128246,-403.1273037778556 2334.2651946858286,-504.46815012736766,-371.9868404483717
2309.2413681791395,-426.8930694452225,-352.05863279289116 2267.1680048097414,-401.09261214993506,-386.1785463059799
2353.395302739128,-387.71410130875944,-362.802864670241 2301.68006047052,-378.2425252835911,-333.8922616896975
2353.395302739128,-387.71410130875944,-362.802864670241 2317.6706405515156,-421.58405592022956,-397.1040991407074
2317.6706405515156,-421.58405592022956,-397.1040991407074 2346.1404145238507,-396.1899320535596,-350.7941602181784
2346.1404145238507,-396.1899320535596,-350.7941602181784 2343.4745292549196,-355.0251265951785,-307.22408049244757
2346.1404145238507,-396.1899320535596,-350.7941602181784 2288.5236463476754,-386.9569016617516,-364.7605188959734
2383.817660028518,-362.33314904237926,-317.74415364774893 2337.7421771791155,-395.29672730272785,-297.9842855189306
2337.7421771791155,-395.29672730272785,-297.9842855189306 2306.4279707781243,-434.6816329041453,-265.30019629736057
2306.4279707781243,-434.6816329041453,-265.30019629736057 2252.8612286930547,-458.9934157867997,-277.11295869479795
2252.8612286930547,-458.9934157867997,-277.11295869479795 2219.499517236115,-430.0380780144722,-236.51019249402864
2219.499517236115,-430.0380780144722,-236.51019249402864 2186.1378057791753,-401.0827402421447,-195.90742629325933
2186.1378057791753,-401.0827402421447,-195.90742629325933 2152.7760943222356,-372.12740246981724,-155.30466009249002
2152.7760943222356,-372.12740246981724,-155.30466009249002 2119.414382865296,-343.17206469748976,-114.70189389172072
2119.414382865296,-343.17206469748976,-114.70189389172072 2086.052671408356,-314.2167269251623,-74.0991276909514
2086.052671408356,-314.2167269251623,-74.0991276909514 2058.8672964742836,-311.70767184367276,-20.67010905601895
2058.8672964742836,-311.70767184367276,-20.67010905601895 2012.251845553039,-330.64817412484297,12.014093683928834
2012.251845553039,-330.64817412484297,12.014093683928834 1983.4739897645434,-291.9134324674029,47.671558609915
1983.4739897645434,-291.9134324674029,47.671558609915 1949.1009388744806,-296.0592975229881,-1.3315553263445281
1983.4739897645434,-291.9134324674029,47.671558609915 2031.045884175349,-323.2471821714273,66.51594747378394
1983.4739897645434,-291.9134324674029,47.671558609915 2040.9813148972619,-302.17699618061016,33.97605511479899
1983.4739897645434,-291.9134324674029,47.671558609915 2015.3676116473287,-340.7184463805041,61.84433180854899
1983.4739897645434,-291.9134324674029,47.671558609915 1980.2472882693135,-334.30411687136404,5.332235596616265
1983.4739897645434,-291.9134324674029,47.671558609915 1983.2194438388437,-326.5203549957104,96.6847825346012
1983.2194438388437,-326.5203549957104,96.6847825346012 1948.9716603113818,-288.901978561368,128.49589816892347
1983.2194438388437,-326.5203549957104,96.6847825346012 1946.4289045170744,-301.3378270051851,136.83819459907903
1946.4289045170744,-301.3378270051851,136.83819459907903 1913.8148443118898,-329.90544512458195,95.3627286955246
1946.4289045170744,-301.3378270051851,136.83819459907903 1921.1167860247524,-318.3818950106481,188.49858951874452
1921.1167860247524,-318.3818950106481,188.49858951874452 1910.8701205319326,-281.0533194446957,234.34161835078436
1983.2194438388437,-326.5203549957104,96.6847825346012 2001.0942407581492,-350.02990715211837,148.91305641473932
1983.2194438388437,-326.5203549957104,96.6847825346012 1923.5179951417977,-320.58584009888017,97.40489114674533
1983.2194438388437,-326.5203549957104,96.6847825346012 1931.507765195447,-308.40693488401047,72.23470474864841
1983.2194438388437,-326.5203549957104,96.6847825346012 1976.0880196350704,-309.7998183188577,39.50465974648662
1983.2194438388437,-326.5203549957104,96.6847825346012 2004.3195600458973,-362.6664849523358,139.67597215768075
1983.2194438388437,-326.5203549957104,96.6847825346012 1942.5256235432419,-303.817931019367,58.88778615462927
1983.4739897645434,-291.9134324674029,47.671558609915 2018.1757273858434,-325.10628404704966,83.64410383643445
2012.251845553039,-330.64817412484297,12.014093683928834 2001.2135013680154,-385.8562038512984,-8.727854425536915
2012.251845553039,-330.64817412484297,12.014093683928834 2030.1424200162742,-385.8520255776335,-3.2326151462965775
2012.251845553039,-330.64817412484297,12.014093683928834 2006.6730929575674,-376.24550262924225,50.61151785628023
2058.8672964742836,-311.70767184367276,-20.67010905601895 2014.1010373862894,-321.0228166493226,-59.518662755176784
2058.8672964742836,-311.70767184367276,-20.67010905601895 2022.9516406189314,-293.72926594236736,-65.24412150416865
2058.8672964742836,-311.70767184367276,-20.67010905601895 2027.9014257710203,-346.43523141828695,17.212755904018024
2119.414382865296,-343.17206469748976,-114.70189389172072 2127.8549751639716,-331.25289893562274,-56.50662012151944
2383.817660028518,-362.33314904237926,-317.74415364774893 2425.316093030689,-323.20819640373486,-299.11304688008374
2403.382482208466,-313.849763067958,-332.21600130914464 2424.761190991587,-352.48099664458636,-291.5886877982255
2424.761190991587,-352.48099664458636,-291.5886877982255 2383.8347341338626,-389.52339478464654,-315.1022130359712
2383.8347341338626,-389.52339478464654,-315.1022130359712 2419.062314923612,-375.10937002809106,-361.4838197569449
2383.8347341338626,-389.52339478464654,-315.1022130359712 2413.6389971824756,-340.6110573365452,-297.23354913818235
2413.6389971824756,-340.6110573365452,-297.23354913818235 2369.9436475523394,-381.72606787130377,-296.711697217774
2369.9436475523394,-381.72606787130377,-296.711697217774 2340.546609068064,-342.9134985284609,-331.7744779027257
2340.546609068064,-342.9134985284609,-331.7744779027257 2282.9531373498558,-348.22229943144123,-347.73720475049464
2413.6389971824756,-340.6110573365452,-297.23354913818235 2426.8607250336627,-377.88380152073773,-342.3548130124234
2426.8607250336627,-377.88380152073773,-342.3548130124234 2421.5156928445563,-382.4612976067726,-282.7689324661081
2426.8607250336627,-377.88380152073773,-342.3548130124234 2386.485887756212,-377.9843946522863,-386.73794489652147
2386.485887756212,-377.9843946522863,-386.73794489652147 2430.6849336445703,-368.8386475136941,-426.270205796143
2383.8347341338626,-389.52339478464654,-315.1022130359712 2344.1794894096906,-345.5763890124127,-324.90640854204315
2344.1794894096906,-345.5763890124127,-324.90640854204315 2401.1044073819457,-330.27011508466745,-336.0988922834142
2401.1044073819457,-330.27011508466745,-336.0988922834142 2346.1031527005935,-353.71983908324256,-341.0961343095402
2401.1044073819457,-330.27011508466745,-336.0988922834142 2449.5150181889853,-324.04869089954013,-301.2032386515067
2383.8347341338626,-389.52339478464654,-315.1022130359712 2423.2807714152304,-349.9586479868278,-336.9800775026286
2424.761190991587,-352.48099664458636,-291.5886877982255 2378.41289601147,-387.84031284856366,-305.7856702248974
2378.41289601147,-387.84031284856366,-305.7856702248974 2409.7864724206975,-429.7428565542172,-335.10930462260046
2409.7864724206975,-429.7428565542172,-335.10930462260046 2368.7728354892943,-470.58298186185095,-350.91960982255813
2368.7728354892943,-470.58298186185095,-350.91960982255813 2332.627280486415,-426.845713826322,-370.4273067220425
2332.627280486415,-426.845713826322,-370.4273067220425 2323.6242320296124,-382.3613824396136,-409.6712792472847
2323.6242320296124,-382.3613824396136,-409.6712792472847 2373.8686941713813,-352.1512494955483,-396.91032741812126
2409.7864724206975,-429.7428565542172,-335.10930462260046 2393.650495931255,-466.82887333896923,-379.42925071658004
2378.41289601147,-387.84031284856366,-305.7856702248974 2407.078398907173,-353.53550897057704,-345.80403319278145
2378.41289601147,-387.84031284856366,-305.7856702248974 2372.058493005772,-435.82820903275933,-270.33452944979626
2372.058493005772,-435.82820903275933,-270.33452944979626 2413.591650569505,-458.9145352675709,-306.9680982599187
2372.058493005772,-435.82820903275933,-270.33452944979626 2419.146021095,-425.3480201068223,-234.6563801350845
2372.058493005772,-435.82820903275933,-270.33452944979626 2414.455057592396,-464.93682328634736,-301.2411612217647
2378.41289601147,-387.84031284856366,-305.7856702248974 2428.2895044875554,-373.47909638662264,-335.88682283832003
2428.2895044875554,-373.47909638662264,-335.88682283832003 2433.7088202561636,-323.441771009044,-368.5502134409265
2378.41289601147,-387.84031284856366,-305.7856702248974 2417.0989223684405,-349.84940452777806,-331.4777361143782
2417.0989223684405,-349.84940452777806,-331.4777361143782 2429.82586941745,-294.65222195499575,-311.69653658455576
2417.0989223684405,-349.84940452777806,-331.4777361143782 2382.3441804739723,-351.44440727884205,-282.594570483734
2378.41289601147,-387.84031284856366,-305.7856702248974 2421.424843594124,-366.27210287030374,-341.6295634771753
2378.41289601147,-387.84031284856366,-305.7856702248974 2330.57692508368,-356.0601121956256,-288.4150418006097
2424.761190991587,-352.48099664458636,-291.5886877982255 2412.947477971056,-383.39175810785207,-341.6382733152867
2403.382482208466,-313.849763067958,-332.21600130914464 2389.3524759751435,-369.75136254183104,-348.8944335302981
2389.3524759751435,-369.75136254183104,-348.8944335302981 2356.5470383840807,-359.51989924130174,-299.70987880842625
2389.3524759751435,-369.75136254183104,-348.8944335302981 2366.25495237586,-399.67352453231484,-395.4902340427453
2366.25495237586,-399.67352453231484,-395.4902340427453 2323.4217273453064,-440.8598506369126,-387.18352738561026
2366.25495237586,-399.67352453231484,-395.4902340427453 2326.168148464855,-432.5464826935332,-365.2839967078598
2389.3524759751435,-369.75136254183104,-348.8944335302981 2419.745075228756,-378.1190552725212,-297.84277705399865
2419.745075228756,-378.1190552725212,-297.84277705399865 2436.2350272247513,-345.6653185155071,-250.1475314452779
2416.418502443681,-258.1437657234319,-350.29648903151326 2447.7046640988715,-240.74387847363377,-302.1465148614308
2416.418502443681,-258.1437657234319,-350.29648903151326 2434.3123239971846,-227.84652071244108,-398.89574926204926
2434.3123239971846,-227.84652071244108,-398.89574926204926 2416.0234218665196,-224.1790162148985,-455.9226330066083
2416.0234218665196,-224.1790162148985,-455.9226330066083 2400.1144595525734,-237.72490751211012,-512.1668660181585
2400.1144595525734,-237.72490751211012,-512.1668660181585 2391.008399313837,-228.33423699273732,-453.6100989102906
2416.418502443681,-258.1437657234319,-350.29648903151326 2427.4776459487575,-298.5174022578632,-393.28096085471657
2444.6516340303133,-216.69052003026522,-317.3644574769026 2437.2920971973726,-276.05210912253125,-322.05902434143314
2437.2920971973726,-276.05210912253125,-322.05902434143314 2465.468137339608,-226.7778571407997,-302.6127174029941
2465.468137339608,-226.7778571407997,-302.6127174029941 2438.373757869537,-201.51919794509277,-349.8132972380652
2438.373757869537,-201.51919794509277,-349.8132972380652 2465.64938730746,-164.52681082329002,-311.24383608295204
2465.64938730746,-164.52681082329002,-311.24383608295204 2438.38408157094,-124.41411611053496,-346.56486135084884
2438.38408157094,-124.41411611053496,-346.56486135084884 2441.644761947422,-77.801089316757,-384.2025246232275
2441.644761947422,-77.801089316757,-384.2025246232275 2423.931706872955,-135.12208236383987,-383.459937237678
2465.64938730746,-164.52681082329002,-311.24383608295204 2458.064698137807,-115.75745548364405,-277.1260625630534
2465.468137339608,-226.7778571407997,-302.6127174029941 2427.562610497564,-202.7997893640855,-342.46523677783904
2437.2920971973726,-276.05210912253125,-322.05902434143314 2428.025305540316,-292.76811901637103,-378.9334613550314
2428.025305540316,-292.76811901637103,-378.9334613550314 2381.707917531757,-323.9752457140951,-400.8609512099328
2381.707917531757,-323.9752457140951,-400.8609512099328 2414.8420955474026,-307.0843386932867,-353.7777959711225
2437.2920971973726,-276.05210912253125,-322.05902434143314 2414.3326173794553,-323.4423250289371,-293.3008998748604
2414.3326173794553,-323.4423250289371,-293.3008998748604 2454.516648874693,-287.91577795192626,-320.1915686202575
2437.2920971973726,-276.05210912253125,-322.05902434143314 2449.372505185546,-316.88088114258915,-279.78521308465827
2437.2920971973726,-276.05210912253125,-322.05902434143314 2411.5306561478596,-230.7099132958114,-351.7311228965382
2437.2920971973726,-276.05210912253125,-322.05902434143314 2428.792445401974,-329.64552975039754,-347.6617817078102
2428.792445401974,-329.64552975039754,-347.6617817078102 2393.9940900693705,-370.09934833455264,-320.22889946576123
2444.6516340303133,-216.69052003026522,-317.3644574769026 2463.262550795388,-250.59262713019478,-271.49201573517314
2463.262550795388,-250.59262713019478,-271.49201573517314 2426.4017243865765,-285.4122355109311,-303.568087013801
2463.262550795388,-250.59262713019478,-271.49201573517314 2465.2331623085342,-193.0097982085116,-288.23520849045195
2444.6516340303133,-216.69052003026522,-317.3644574769026 2454.061289648151,-225.56221849471572,-258.7747711190669
2454.061289648151,-225.56221849471572,-258.7747711190669 2458.3219470343056,-269.32274241968753,-299.6020088954555
2458.3219470343056,-269.32274241968753,-299.6020088954555 2453.3377933057304,-242.5452785105015,-353.0634495625585
2454.061289648151,-225.56221849471572,-258.7747711190669 2446.965983579303,-273.2388296622534,-294.5042740454832
2446.965983579303,-273.2388296622534,-294.5042740454832 2465.1819640982612,-225.34663630511716,-263.28703731358127
2444.6516340303133,-216.69052003026522,-317.3644574769026 2449.8045542034647,-161.1005889594762,-339.34642684350064
2449.8045542034647,-161.1005889594762,-339.34642684350064 2456.6194459371527,-187.7604096386972,-286.028407262782
2456.6194459371527,-187.7604096386972,-286.028407262782 2466.1672532752104,-167.29601786706786,-230.44020667621328
2420.2158864565695,-234.02766924928505,-369.3482770505902 2420.796248178622,-292.6930009137197,-381.9197543294726
2420.796248178622,-292.6930009137197,-381.9197543294726 2384.6206286282513,-336.10032389257583,-402.0971888035601
2384.6206286282513,-336.10032389257583,-402.0971888035601 2375.3500086339154,-341.4048560680474,-343.0555294152942
2375.3500086339154,-341.4048560680474,-343.0555294152942 2342.9195335715344,-356.82782972256285,-294.98894881213084
2342.9195335715344,-356.82782972256285,-294.98894881213084 2379.463495017047,-389.67868094444964,-260.55988469667227
2379.463495017047,-389.67868094444964,-260.55988469667227 2400.731705612968,-343.30951044810337,-292.1441093274641
2400.731705612968,-343.30951044810337,-292.1441093274641 2365.609842168724,-373.79853938796515,-330.050227864029
2342.9195335715344,-356.82782972256285,-294.98894881213084 2356.48203688752,-368.5631716500836,-352.2457410174933
2356.48203688752,-368.5631716500836,-352.2457410174933 2414.2607638469663,-372.41963702689685,-336.537577988571
2414.2607638469663,-372.41963702689685,-336.537577988571 2386.5838677070374,-385.2104333332923,-284.86181045766847
2375.3500086339154,-341.4048560680474,-343.0555294152942 2327.8744304570114,-378.0609710215204,-344.6043074130858
2375.3500086339154,-341.4048560680474,-343.0555294152942 2329.574063765238,-373.86569498414354,-321.82214041958633
2384.6206286282513,-336.10032389257583,-402.0971888035601 2419.0164254277884,-367.4486243985141,-364.2261811867256
2419.0164254277884,-367.4486243985141,-364.2261811867256 2397.3300518772767,-420.2106265135889,-382.82382445237914
2397.3300518772767,-420.2106265135889,-382.82382445237914 2367.495915397804,-465.9978352318228,-358.05578419245785
2397.3300518772767,-420.2106265135889,-382.82382445237914 2338.5739065472226,-432.2783448547079,-381.37967764786754
2338.5739065472226,-432.2783448547079,-381.37967764786754 2301.623984951632,-403.5934979539005,-418.95470728667084
2338.5739065472226,-432.2783448547079,-381.37967764786754 2295.082825540848,-468.40705656199003,-361.29878963789497
2295.082825540848,-468.40705656199003,-361.29878963789497 2235.7970395052134,-460.35797509411657,-365.8162957707676
2235.7970395052134,-460.35797509411657,-365.8162957707676 2254.0348215374297,-497.88071243853625,-322.695216369539
2397.3300518772767,-420.2106265135889,-382.82382445237914 2399.0687783619173,-465.7886975741666,-343.8415686350391
2384.6206286282513,-336.10032389257583,-402.0971888035601 2327.397613729612,-349.0316602905064,-389.515173667911
2420.796248178622,-292.6930009137197,-381.9197543294726 2436.0867256410374,-281.40670384232243,-438.8303930307518
2436.0867256410374,-281.40670384232243,-438.8303930307518 2384.2866832905447,-252.5272634159091,-447.92619058480886
2384.2866832905447,-252.5272634159091,-447.92619058480886 2420.1775710924376,-222.8148577980673,-410.12384773158357
2436.0867256410374,-281.40670384232243,-438.8303930307518 2382.8634288273784,-258.23155474372436,-423.6582758237541
2382.8634288273784,-258.23155474372436,-423.6582758237541 2399.644405757065,-283.0683530448052,-371.68200947615327
2382.8634288273784,-258.23155474372436,-423.6582758237541 2351.647699675632,-260.88245089241224,-474.83005518634485
2436.0867256410374,-281.40670384232243,-438.8303930307518 2389.0270525859746,-259.0464280240028,-468.58615276360473
2420.2158864565695,-234.02766924928505,-369.3482770505902 2395.4244718489863,-188.85827308938244,-400.0909414163325
2420.2158864565695,-234.02766924928505,-369.3482770505902 2457.8209484489594,-223.2220269939403,-323.86094466015385
2459.693928481247,-235.14662219234012,-324.17934810370224 2431.29361179972,-188.97719181931862,-349.9049328671183
2459.693928481247,-235.14662219234012,-324.17934810370224 2419.323287208566,-276.10806476145865,-341.27822367753186
2419.323287208566,-276.10806476145865,-341.27822367753186 2400.1325401965205,-262.353205221833,-396.4372580070489
2459.693928481247,-235.14662219234012,-324.17934810370224 2452.545471312596,-272.99154666689265,-278.17216114749533
2453.45643606341,-242.56747200094088,-264.96765435613565 2457.752547221877,-198.586436598741,-305.55351339428506
2457.752547221877,-198.586436598741,-305.55351339428506 2442.0388633758876,-154.65395168874733,-343.27640975208703
2442.0388633758876,-154.65395168874733,-343.27640975208703 2448.791523915684,-103.79893371963904,-374.3918194873926
2448.791523915684,-103.79893371963904,-374.3918194873926 2458.9754047035667,-61.02089230927723,-333.5711415754376
2458.9754047035667,-61.02089230927723,-333.5711415754376 2469.022359178011,-49.3931705135625,-275.57239338524033
2469.022359178011,-49.3931705135625,-275.57239338524033 2460.85662924986,3.402552825026028,-302.88415736883746
2457.752547221877,-198.586436598741,-305.55351339428506 2450.64389476395,-193.8180321646898,-364.93978604534243
2450.64389476395,-193.8180321646898,-364.93978604534243 2456.7409791560203,-189.7302830032098,-305.39051343258257
2450.64389476395,-193.8180321646898,-364.93978604534243 2442.39788550078,-245.49629899717712,-394.2887224557467
2450.64389476395,-193.8180321646898,-364.93978604534243 2459.2393981732585,-162.8876971352449,-314.25022404184057
2457.752547221877,-198.586436598741,-305.55351339428506 2430.3113599158573,-158.8752212383539,-341.1905813690343
2453.45643606341,-242.56747200094088,-264.96765435613565 2454.142678686633,-270.5524811436436,-318.0371214190798
2454.142678686633,-270.5524811436436,-318.0371214190798 2415.950488281127,-315.9867552721662,-326.81683248743553
2454.142678686633,-270.5524811436436,-318.0371214190798 2463.2154701854597,-258.23254538535934,-260.02071307341805
2456.2179296555446,-183.24641440590688,-256.4010751702964 2470.324555790435,-174.94907409982216,-198.67623439151686
2456.2179296555446,-183.24641440590688,-256.4010751702964 2448.679184377026,-212.17881978159687,-308.42110245597127
2448.679184377026,-212.17881978159687,-308.42110245597127 2434.0455037812208,-256.73472456017845,-345.8460505732622
2456.2179296555446,-183.24641440590688,-256.4010751702964 2468.2659624741636,-156.35688413408832,-308.66768082785205
2468.2659624741636,-156.35688413408832,-308.66768082785205 2461.726427174521,-99.92497127417897,-327.9724390246368
2456.2179296555446,-183.24641440590688,-256.4010751702964 2442.1254998332934,-222.9822730580579,-299.09141317412576
2467.9577790241246,-221.1124278861144,-211.3639686921956 2468.2186238349495,-166.03506468742324,-235.16346496972483
2468.2186238349495,-166.03506468742324,-235.16346496972483 2475.391921845053,-130.8725617791537,-187.0787253438915
2468.2186238349495,-166.03506468742324,-235.16346496972483 2467.3248717569295,-225.08270191138914,-224.55319892735096
2467.3248717569295,-225.08270191138914,-224.55319892735096 2453.6487890461462,-228.48136451772965,-282.8748403152275
2467.9577790241246,-221.1124278861144,-211.3639686921956 2470.82804430742,-165.7360953517355,-234.28172103062087
2470.82804430742,-165.7360953517355,-234.28172103062087 2453.3076377947236,-168.01190095330674,-291.6215506823885
2467.9577790241246,-221.1124278861144,-211.3639686921956 2463.579989702529,-280.90891803081047,-209.08039100992048
2463.579989702529,-280.90891803081047,-209.08039100992048 2454.0547401991566,-324.8448203156764,-169.34493942933295
2463.579989702529,-280.90891803081047,-209.08039100992048 2440.283515975211,-278.223637423144,-264.30777171850076
2480.9763459535047,-171.00975237448426,-181.0285303126114 2471.1983770634088,-214.53475108530196,-221.1529095801793
2471.1983770634088,-214.53475108530196,-221.1529095801793 2468.626472808211,-257.6214584027633,-179.4765258474043
2468.626472808211,-257.6214584027633,-179.4765258474043 2471.163832916535,-295.79715325354346,-133.25771878425297
2468.626472808211,-257.6214584027633,-179.4765258474043 2471.3447998032566,-201.88799675699386,-201.53082137747174
2471.1983770634088,-214.53475108530196,-221.1529095801793 2451.4270316964785,-242.44628646562904,-270.44834643892233
2451.4270316964785,-242.44628646562904,-270.44834643892233 2428.1528760501565,-213.49298498330612,-317.56543476390783
2428.1528760501565,-213.49298498330612,-317.56543476390783 2427.79498378192,-260.20155095482244,-355.2241890981771
2427.79498378192,-260.20155095482244,-355.2241890981771 2436.4679823622023,-279.84369074200686,-411.2506599865628
2451.4270316964785,-242.44628646562904,-270.44834643892233 2458.3498467340646,-198.2541828255683,-310.43750256682154
2471.1983770634088,-214.53475108530196,-221.1529095801793 2450.9837622151645,-177.94570883752084,-264.1948813510824
2450.9837622151645,-177.94570883752084,-264.1948813510824 2443.059471687402,-154.37631536867218,-318.79972830757714
2443.059471687402,-154.37631536867218,-318.79972830757714 2428.5594623236416,-107.91359955281027,-353.88485004693143
2428.5594623236416,-107.91359955281027,-353.88485004693143 2418.534940889171,-51.7323418061846,-372.4098398719505
2418.534940889171,-51.7323418061846,-372.4098398719505 2437.258670985562,-8.04386586741957,-335.793736837555
2418.534940889171,-51.7323418061846,-372.4098398719505 2403.8690857403712,-66.151280912119,-428.77478365630793
2403.8690857403712,-66.151280912119,-428.77478365630793 2369.884094822919,-20.065976910190592,-446.6958647450848
2418.534940889171,-51.7323418061846,-372.4098398719505 2429.782208512627,6.6676060796620575,-380.3436320255649
2429.782208512627,6.6676060796620575,-380.3436320255649 2414.416774608709,29.120975410128832,-433.82025913175005
2418.534940889171,-51.7323418061846,-372.4098398719505 2401.121578723977,-96.63013831250693,-408.2003789427813
2401.121578723977,-96.63013831250693,-408.2003789427813 2439.168075579672,-54.97351406514841,-387.7751559740106
2428.5594623236416,-107.91359955281027,-353.88485004693143 2443.9444535588873,-83.37059106481205,-301.34017592053243
2443.9444535588873,-83.37059106481205,-301.34017592053243 2462.0610046553766,-26.173445589397346,-301.86660334434447
2443.9444535588873,-83.37059106481205,-301.34017592053243 2425.886215552446,-113.1482000177463,-350.19909573205564
2425.886215552446,-113.1482000177463,-350.19909573205564 2395.8404669565743,-140.20200188477992,-394.5313051948486
2395.8404669565743,-140.20200188477992,-394.5313051948486 2422.6704216084972,-116.11965132463698,-346.57096819776166
2395.8404669565743,-140.20200188477992,-394.5313051948486 2427.770370991616,-142.5327944325198,-343.7863681625451
2395.8404669565743,-140.20200188477992,-394.5313051948486 2436.1648941433223,-125.63892925825593,-352.5568190427198
2425.886215552446,-113.1482000177463,-350.19909573205564 2432.7316982290636,-57.72501938981692,-372.140162616053
2443.9444535588873,-83.37059106481205,-301.34017592053243 2449.303175033662,-62.41361807650485,-357.30524884394737
2449.303175033662,-62.41361807650485,-357.30524884394737 2428.7753247659803,-116.79647941185215,-372.1750758896138
2443.059471687402,-154.37631536867218,-318.79972830757714 2443.7039689668914,-198.2372124364492,-277.8631147242994
2443.059471687402,-154.37631536867218,-318.79972830757714 2469.2881888423626,-201.32694906207072,-292.1972398489125
2443.059471687402,-154.37631536867218,-318.79972830757714 2431.5453804537024,-96.35332921699782,-328.8375956659677
2431.5453804537024,-96.35332921699782,-328.8375956659677 2424.2705514666695,-146.6744841516511,-360.6944352652131
2424.2705514666695,-146.6744841516511,-360.6944352652131 2430.3394112185856,-192.16119403290293,-322.0404811920474
2430.3394112185856,-192.16119403290293,-322.0404811920474 2454.9271500854397,-246.88102495128112,-323.12823193532597
2454.9271500854397,-246.88102495128112,-323.12823193532597 2437.332755365556,-288.39185544201825,-283.5392407078369
2437.332755365556,-288.39185544201825,-283.5392407078369 2421.281164867941,-325.84255255328924,-327.5823074536564
2437.332755365556,-288.39185544201825,-283.5392407078369 2459.6949359401615,-248.6638156490402,-322.5471339367243
2437.332755365556,-288.39185544201825,-283.5392407078369 2466.1837663019805,-256.29642419021945,-241.85588118983054
2424.2705514666695,-146.6744841516511,-360.6944352652131 2437.7706107492286,-89.4461764489599,-372.63885642546586
2437.7706107492286,-89.4461764489599,-372.63885642546586 2443.5686154298814,-68.93906460226214,-316.55105467294436
2437.7706107492286,-89.4461764489599,-372.63885642546586 2444.2808822981333,-139.38324078443785,-340.02128493533405
2444.2808822981333,-139.38324078443785,-340.02128493533405 2463.202067882927,-177.069047906934,-297.3391027325482
2424.2705514666695,-146.6744841516511,-360.6944352652131 2464.752102526559,-148.37005660682723,-316.4409714704457
2431.5453804537024,-96.35332921699782,-328.8375956659677 2441.8402546724187,-144.2303279891886,-294.17048512314267
2441.8402546724187,-144.2303279891886,-294.17048512314267 2451.5460971201423,-102.85696490083296,-336.5266115883786
2451.5460971201423,-102.85696490083296,-336.5266115883786 2468.1664932917647,-114.88322384026893,-280.1428237853234
2451.5460971201423,-102.85696490083296,-336.5266115883786 2455.103186003256,-43.09490656068665,-332.54622195587024
2441.8402546724187,-144.2303279891886,-294.17048512314267 2455.1261087623698,-116.83755730480641,-345.8727306772129
2455.1261087623698,-116.83755730480641,-345.8727306772129 2463.5763396091515,-59.41630630421371,-330.66110577508533
2463.5763396091515,-59.41630630421371,-330.66110577508533 2463.182089110454,-76.0949142698511,-273.0271869175857
2431.5453804537024,-96.35332921699782,-328.8375956659677 2459.2540980133513,-88.60198321033666,-276.1864455713628
2431.5453804537024,-96.35332921699782,-328.8375956659677 2474.9709648870407,-90.0718014133024,-287.9137514541346
2474.9709648870407,-90.0718014133024,-287.9137514541346 2456.6832366479916,-143.53957369264538,-308.08195224991726
2456.6832366479916,-143.53957369264538,-308.08195224991726 2440.236333523903,-97.17021801772029,-342.42408718528685
2456.6832366479916,-143.53957369264538,-308.08195224991726 2448.9591239760093,-192.46623203471594,-274.2216482508564
2474.9709648870407,-90.0718014133024,-287.9137514541346 2467.181930499144,-137.59448514902013,-252.12373226080206
2467.181930499144,-137.59448514902013,-252.12373226080206 2476.7869896559,-169.1137680417671,-201.98115908667975
2450.9837622151645,-177.94570883752084,-264.1948813510824 2476.1128316063914,-123.5142320303016,-266.5915882826985
2480.9763459535047,-171.00975237448426,-181.0285303126114 2472.1148411130903,-226.53690843922556,-201.96196460622832
2487.7812330091074,-55.283514400443416,-96.0530060321485 2482.476373478034,-90.12494172276183,-144.61156251294994
2489.927396981169,-8.488850452034322,-58.56096146052655 2488.8231985469797,-54.3286363123725,-97.25843913151014
2488.8231985469797,-54.3286363123725,-97.25843913151014 2486.419203915022,-104.45452020953641,-130.14637876502263
2486.419203915022,-104.45452020953641,-130.14637876502263 2483.728957852995,-69.3912796757322,-178.760489261815
