起始树
1200.0,0.0,280.0 1189.9447715682018,-34.00576721768132,328.3993819911084
1189.9447715682018,-34.00576721768132,328.3993819911084 1177.9481611878564,-77.4932442628155,288.8403036445251
1177.9481611878564,-77.4932442628155,288.8403036445251 1218.5859011854068,-99.39446881025931,327.1666712158713
1218.5859011854068,-99.39446881025931,327.1666712158713 1243.1827172331728,-47.868470041806106,345.60760642061956
1243.1827172331728,-47.868470041806106,345.60760642061956 1245.7843809788556,0.4377280798960683,381.10045878248616
1245.7843809788556,0.4377280798960683,381.10045878248616 1189.7700729613236,21.904076445382085,382.3626731734083
1245.7843809788556,0.4377280798960683,381.10045878248616 1216.8890105601206,-25.177111713013318,335.17728869648613
1216.8890105601206,-25.177111713013318,335.17728869648613 1213.019167590403,-31.47328963593568,394.7204029831325
1245.7843809788556,0.4377280798960683,381.10045878248616 1213.3419863020965,-5.033834195902458,330.92523547556453
1213.3419863020965,-5.033834195902458,330.92523547556453 1176.081605636741,-50.29453793317524,318.152893095264
1245.7843809788556,0.4377280798960683,381.10045878248616 1208.3414833653494,-8.861764707701496,335.1488662943261
1245.7843809788556,0.4377280798960683,381.10045878248616 1239.520095584686,40.430658049396506,336.81361783672634
1245.7843809788556,0.4377280798960683,381.10045878248616 1187.2157887639971,3.338914656716272,393.8009754025332
1243.1827172331728,-47.868470041806106,345.60760642061956 1233.908081005035,-70.4796933920976,400.4046291630911
1243.1827172331728,-47.868470041806106,345.60760642061956 1231.0358102958526,1.2521196591716404,377.85075017683977
1243.1827172331728,-47.868470041806106,345.60760642061956 1208.8406714214746,-4.175825491304742,322.98954501715787
1243.1827172331728,-47.868470041806106,345.60760642061956 1218.9259446506076,-5.12127845597977,380.0210717416589
1243.1827172331728,-47.868470041806106,345.60760642061956 1203.5360171269808,-24.307086097028826,383.98729320017105
1243.1827172331728,-47.868470041806106,345.60760642061956 1184.3851114330882,-47.30978380856672,357.54617508988053
1243.1827172331728,-47.868470041806106,345.60760642061956 1210.9744955287479,-1.8498672109794612,324.5145116230975
1210.9744955287479,-1.8498672109794612,324.5145116230975 1193.3969555228305,-48.267027383815005,290.8028322103227
1193.3969555228305,-48.267027383815005,290.8028322103227 1221.9994806228322,-90.42944434005295,259.1133046923537
1243.1827172331728,-47.868470041806106,345.60760642061956 1192.0371162043064,-42.72551329856738,376.5539711721247
1243.1827172331728,-47.868470041806106,345.60760642061956 1226.9250344139023,-50.45284172717835,403.3051693876968
1226.9250344139023,-50.45284172717835,403.3051693876968 1211.4551648331387,-91.20502194083376,362.0748050552304
1243.1827172331728,-47.868470041806106,345.60760642061956 1206.936458004684,-65.07866292353823,390.21722368993454
1243.1827172331728,-47.868470041806106,345.60760642061956 1231.109334902416,-3.665516203580488,384.3417297625911
1243.1827172331728,-47.868470041806106,345.60760642061956 1219.2030218714924,4.680341475948012,329.3719475663397
1219.2030218714924,4.680341475948012,329.3719475663397 1191.7331006181835,-45.54347638857337,347.343356677714
1243.1827172331728,-47.868470041806106,345.60760642061956 1193.0444057757368,-28.58382837871507,372.33310585698763
1243.1827172331728,-47.868470041806106,345.60760642061956 1186.9028790717236,-55.724635359857054,326.3498681573511
1243.1827172331728,-47.868470041806106,345.60760642061956 1238.7921353183924,-4.2323615474434035,386.5540693437807
1238.7921353183924,-4.2323615474434035,386.5540693437807 1206.0401164473265,-39.47315017359861,422.4064343546973
1243.1827172331728,-47.868470041806106,345.60760642061956 1200.1143209441373,-89.17721738690125,351.828589772928
1243.1827172331728,-47.868470041806106,345.60760642061956 1206.267182464297,-12.493031024324367,314.2098102073761
1243.1827172331728,-47.868470041806106,345.60760642061956 1238.975642343205,-49.39963990851655,285.7748725727543
1238.975642343205,-49.39963990851655,285.7748725727543 1225.8590152241277,-17.730123841483,236.53062575041992
1243.1827172331728,-47.868470041806106,345.60760642061956 1219.3365288069149,7.103483647467755,348.68065134768057
1243.1827172331728,-47.868470041806106,345.60760642061956 1194.7078228704336,-79.33718822361101,329.48605585885855
1243.1827172331728,-47.868470041806106,345.60760642061956 1207.2830393222462,-12.506616005712807,313.03841230989957
1243.1827172331728,-47.868470041806106,345.60760642061956 1213.6072467616543,-86.92961992399111,310.9735463601845
1213.6072467616543,-86.92961992399111,310.9735463601845 1182.2027092480591,-36.15383753331822,305.0090726891696
1243.1827172331728,-47.868470041806106,345.60760642061956 1190.2856912388947,-41.919475626855906,373.29359757881303
1243.1827172331728,-47.868470041806106,345.60760642061956 1201.5513459564052,-6.073446872858128,356.56228413943114
1218.5859011854068,-99.39446881025931,327.1666712158713 1175.4914251814582,-92.2059665943962,368.2907708879325
1218.5859011854068,-99.39446881025931,327.1666712158713 1184.546576933205,-49.988046916557686,327.741023124569
1218.5859011854068,-99.39446881025931,327.1666712158713 1188.7885520213522,-127.94078126694055,370.72382938672695
1218.5859011854068,-99.39446881025931,327.1666712158713 1175.2638821628682,-60.09150356976318,340.52629662660627
1175.2638821628682,-60.09150356976318,340.52629662660627 1219.1810221196731,-93.57400324883295,317.0698042789535
1218.5859011854068,-99.39446881025931,327.1666712158713 1230.4609179734143,-73.95251734387062,380.19205270310306
1218.5859011854068,-99.39446881025931,327.1666712158713 1173.1307074627714,-76.52976774918068,358.9633818794793
1218.5859011854068,-99.39446881025931,327.1666712158713 1208.5555206061006,-154.36540556655348,349.0204484081505
1218.5859011854068,-99.39446881025931,327.1666712158713 1225.820162981963,-61.263575354509065,372.9236424937554
1218.5859011854068,-99.39446881025931,327.1666712158713 1193.8069585801943,-49.263818861423665,305.4199027415695
1218.5859011854068,-99.39446881025931,327.1666712158713 1215.9483719077512,-149.2165014305222,360.49546514686995
1218.5859011854068,-99.39446881025931,327.1666712158713 1192.6547517861527,-59.436461132640446,290.68471522021616
1218.5859011854068,-99.39446881025931,327.1666712158713 1210.7621909550317,-122.35218097031635,272.2874127423178
1210.7621909550317,-122.35218097031635,272.2874127423178 1188.3028781250985,-164.8799037514014,308.16180559101116
1218.5859011854068,-99.39446881025931,327.1666712158713 1169.973360819089,-69.34107385639996,345.43178470800325
1218.5859011854068,-99.39446881025931,327.1666712158713 1191.420205959411,-51.190610624663876,350.37040063403424
1218.5859011854068,-99.39446881025931,327.1666712158713 1232.8065321176828,-43.68163576543157,344.30883823195035
1218.5859011854068,-99.39446881025931,327.1666712158713 1185.2785777280906,-147.73519346010218,339.5681446943653
1177.9481611878564,-77.4932442628155,288.8403036445251 1121.7751152282942,-63.79584348549032,304.87059121431776
1121.7751152282942,-63.79584348549032,304.87059121431776 1118.1730502569765,-23.522183847025893,349.19955992855165
1118.1730502569765,-23.522183847025893,349.19955992855165 1152.8617582292188,-26.63297268643527,398.05666311747484
1177.9481611878564,-77.4932442628155,288.8403036445251 1231.184864875542,-58.31010445860075,268.8938621643632
1177.9481611878564,-77.4932442628155,288.8403036445251 1207.9268387868156,-28.017566756913375,304.7599840668714
1177.9481611878564,-77.4932442628155,288.8403036445251 1164.2463224742166,-80.53478510231463,230.50499148124732
1177.9481611878564,-77.4932442628155,288.8403036445251 1209.1583050341953,-123.0949394352728,312.21576767177197
1177.9481611878564,-77.4932442628155,288.8403036445251 1155.3632752361875,-32.73014003148122,321.79766133783556
1177.9481611878564,-77.4932442628155,288.8403036445251 1217.9825107813595,-48.30284985986611,322.6806896828881
1177.9481611878564,-77.4932442628155,288.8403036445251 1219.9655394350275,-107.33125522444041,319.5686785948557
1177.9481611878564,-77.4932442628155,288.8403036445251 1209.296166861186,-115.45171589975473,323.1398221731075
1189.9447715682018,-34.00576721768132,328.3993819911084 1226.6838990956496,4.238658008450933,300.3351619298864
1226.6838990956496,4.238658008450933,300.3351619298864 1207.4946630315926,48.534251539056115,335.96764167869566
1189.9447715682018,-34.00576721768132,328.3993819911084 1212.3716212632337,4.405674702826197,288.13031765700794
1200.0,0.0,280.0 1173.3178112827513,42.32622262279735,313.11422177467756
1173.3178112827513,42.32622262279735,313.11422177467756 1161.1018818216157,100.94608207676546,316.91989451383716
1161.1018818216157,100.94608207676546,316.91989451383716 1216.0050948403953,79.94338186329472,328.9416990355216
1216.0050948403953,79.94338186329472,328.9416990355216 1203.9806070698125,121.44186613172971,370.57446854798087
1173.3178112827513,42.32622262279735,313.11422177467756 1205.4239797057724,78.90133301454492,278.0221251000118
1200.0,0.0,280.0 1220.05334060552,-49.99131491489739,253.56646138636447
1220.05334060552,-49.99131491489739,253.56646138636447 1232.3505455103657,-107.21757410356716,266.754865793245
1232.3505455103657,-107.21757410356716,266.754865793245 1199.6017055767593,-74.60555681757936,305.0167242366278
1199.6017055767593,-74.60555681757936,305.0167242366278 1155.2829008224364,-34.517243497650036,310.3805549863246
1199.6017055767593,-74.60555681757936,305.0167242366278 1220.5016706810627,-123.41190442132086,277.0679873739062
1220.5016706810627,-123.41190442132086,277.0679873739062 1239.2129848442635,-66.52135996606586,280.72211844307424
1220.5016706810627,-123.41190442132086,277.0679873739062 1236.61998017925,-172.49659137605516,307.57853645904044
1236.61998017925,-172.49659137605516,307.57853645904044 1296.3395855752206,-168.10990574579975,311.36346981788074
1296.3395855752206,-168.10990574579975,311.36346981788074 1356.0591909711911,-163.72322011554434,315.14840317672105
1199.6017055767593,-74.60555681757936,305.0167242366278 1145.494609931693,-73.10351509024065,279.12915827331256
1232.3505455103657,-107.21757410356716,266.754865793245 1177.6628464290345,-84.76082241537839,256.51036127595415
1177.6628464290345,-84.76082241537839,256.51036127595415 1126.6240090676342,-98.45630477975197,284.92639273011156
1220.05334060552,-49.99131491489739,253.56646138636447 1232.7937730150984,-89.5978927089905,296.798398394292
1232.7937730150984,-89.5978927089905,296.798398394292 1173.0254390411624,-94.4700520765087,298.8004765839588
1173.0254390411624,-94.4700520765087,298.8004765839588 1146.8312198266049,-129.50023150612952,339.8705314764017
1146.8312198266049,-129.50023150612952,339.8705314764017 1144.440442485316,-154.71204761389754,394.2639916738599
1144.440442485316,-154.71204761389754,394.2639916738599 1202.5158212181625,-169.70289835877614,392.6750363625908
1146.8312198266049,-129.50023150612952,339.8705314764017 1108.023950298566,-104.11985000200163,377.94719186676514
1108.023950298566,-104.11985000200163,377.94719186676514 1146.901314574323,-149.66372301294638,374.16484099289886
1232.7937730150984,-89.5978927089905,296.798398394292 1189.1496499396674,-75.42806696613818,258.14084338374045
1189.1496499396674,-75.42806696613818,258.14084338374045 1141.9272168464188,-46.7199729973048,234.77661531110164
1141.9272168464188,-46.7199729973048,234.77661531110164 1156.5258884866105,-89.46981736588856,195.28826775383192
1232.7937730150984,-89.5978927089905,296.798398394292 1226.8833384119462,-41.96783077104066,260.79223277520776
1226.8833384119462,-41.96783077104066,260.79223277520776 1224.3838135870699,17.92697493295165,263.3150536826124
1226.8833384119462,-41.96783077104066,260.79223277520776 1225.8561756770346,-9.138072484148346,210.58115922026138
1225.8561756770346,-9.138072484148346,210.58115922026138 1186.0604557273969,35.431734238991126,205.11919964955786
1226.8833384119462,-41.96783077104066,260.79223277520776 1206.8909924498903,-82.45910613748681,221.2857431547404
1226.8833384119462,-41.96783077104066,260.79223277520776 1234.3060820132255,7.528702655226446,293.8829574002759
1234.3060820132255,7.528702655226446,293.8829574002759 1183.846645950946,-15.399105260118183,270.90120515041957
1220.05334060552,-49.99131491489739,253.56646138636447 1184.1986399297757,-79.28097679639376,215.40160652851915
1184.1986399297757,-79.28097679639376,215.40160652851915 1222.8342697236694,-39.810247817039,191.96339703488414
1200.0,0.0,280.0 1220.7173096865533,35.88185877314032,323.3968350267143
1220.7173096865533,35.88185877314032,323.3968350267143 1220.0323396687502,-3.404885444306686,278.0527886163243
1200.0,0.0,280.0 1241.5464593637678,3.621847393842927,323.136688975749
1241.5464593637678,3.621847393842927,323.136688975749 1218.0154061221979,44.21497740299568,360.53304346923437
1241.5464593637678,3.621847393842927,323.136688975749 1216.080052967201,-50.3829057009411,317.22493894582374
1216.080052967201,-50.3829057009411,317.22493894582374 1201.2033768916249,7.560637484975899,321.83257521664103
1201.2033768916249,7.560637484975899,321.83257521664103 1154.5161260928408,-12.305003349603592,289.80669619540396
1241.5464593637678,3.621847393842927,323.136688975749 1229.8659145387396,-40.94231881724085,361.576251440759
1241.5464593637678,3.621847393842927,323.136688975749 1231.8182500423507,-49.386794135978946,296.76538133730344
1241.5464593637678,3.621847393842927,323.136688975749 1219.0504254968114,23.623703580870988,375.0390416134686
1241.5464593637678,3.621847393842927,323.136688975749 1191.5114853522955,-15.619955832960578,296.18758167602067
1191.5114853522955,-15.619955832960578,296.18758167602067 1229.5893407701965,7.7623819028914625,256.1458133736594
1241.5464593637678,3.621847393842927,323.136688975749 1206.6339801153258,40.46388396827748,291.1400776899403
1241.5464593637678,3.621847393842927,323.136688975749 1217.1591825808828,3.221290945706997,377.9554839793499
1241.5464593637678,3.621847393842927,323.136688975749 1201.5602360681653,3.0022567050228868,367.8660758923226
1200.0,0.0,280.0 1237.5190928350287,14.840922953363146,324.4079348622387
1200.0,0.0,280.0 1217.4832090495454,15.566249665804051,224.75482579743502
1217.4832090495454,15.566249665804051,224.75482579743502 1174.0745561379747,31.03015517377579,263.18081282240695
1174.0745561379747,31.03015517377579,263.18081282240695 1188.9588944832103,-18.351516543309685,232.52291057110233
1188.9588944832103,-18.351516543309685,232.52291057110233 1139.6283645416365,-28.058666647985362,265.2684454198231
1217.4832090495454,15.566249665804051,224.75482579743502 1169.649763940721,-3.141733309099294,255.77051379612055
1169.649763940721,-3.141733309099294,255.77051379612055 1185.4958225647517,39.89132358745247,217.0786743435704
1169.649763940721,-3.141733309099294,255.77051379612055 1195.4345954603093,-56.147614142164116,266.97404273201295
1169.649763940721,-3.141733309099294,255.77051379612055 1220.019289650825,4.3261398679168535,224.03501710942635
1217.4832090495454,15.566249665804051,224.75482579743502 1234.7481525579858,64.18216245873637,255.38838172815196
1234.7481525579858,64.18216245873637,255.38838172815196 1195.7437022446202,36.20983490358341,219.38557979692146
1217.4832090495454,15.566249665804051,224.75482579743502 1162.5423774269266,1.4747841668487958,244.32356670498444
1200.0,0.0,280.0 1236.0482897541092,-46.49413911745918,291.7820131357143
1236.0482897541092,-46.49413911745918,291.7820131357143 1201.0936211688895,-80.0046870546237,256.35300918346564
1236.0482897541092,-46.49413911745918,291.7820131357143 1213.7352190110346,-18.223734371385895,339.77066897756663
1200.0,0.0,280.0 1160.0348629831697,39.22350083549632,301.54773318550707
1160.0348629831697,39.22350083549632,301.54773318550707 1125.3368562115,3.7467389720803865,335.273801645374
1125.3368562115,3.7467389720803865,335.273801645374 1084.6672755777358,7.959963940193114,291.3621409338747
1125.3368562115,3.7467389720803865,335.273801645374 1096.9353905876724,25.620406171913686,287.1603998362161
1125.3368562115,3.7467389720803865,335.273801645374 1103.425430852233,59.170230571844115,328.3365098383221
1103.425430852233,59.170230571844115,328.3365098383221 1150.489532684872,96.13723505226955,324.04571755353675
1160.0348629831697,39.22350083549632,301.54773318550707 1108.4261864149314,15.417460897344291,282.3171074718677
1160.0348629831697,39.22350083549632,301.54773318550707 1212.6253420953667,67.36593681295302,295.04813288977226
1200.0,0.0,280.0 1173.8108246608497,-3.9609167178920353,226.1628545165221
1200.0,0.0,280.0 1232.2670069332912,-39.80794460069485,248.78833855375612
1200.0,0.0,280.0 1224.9487656610108,43.54840039630878,247.11997696298343
1224.9487656610108,43.54840039630878,247.11997696298343 1173.7531509329694,17.429501572069505,264.34821415740055
1200.0,0.0,280.0 1191.6802782072607,-57.86474914920295,266.4924822712967
1200.0,0.0,280.0 1161.0896584992825,45.66438257365222,279.1342699816554
1161.0896584992825,45.66438257365222,279.1342699816554 1125.544282814492,49.13209205867508,327.3473517992968
1125.544282814492,49.13209205867508,327.3473517992968 1154.1499524314645,58.08291257345375,275.3704484875677
1200.0,0.0,280.0 1208.425756251214,-34.68015865798024,231.76833791944912
目标树
2480.0,0.0,0.0 2421.3859989562243,0.0,12.821812728325938
2421.3859989562243,0.0,12.821812728325938 2362.7719979124486,0.0,25.643625456651872
2362.7719979124486,0.0,25.643625456651872 2304.157996868673,0.0,38.465438184977806
2304.157996868673,0.0,38.465438184977806 2245.543995824897,0.0,51.28725091330374
2245.543995824897,0.0,51.28725091330374 2186.9299947811214,0.0,64.10906364162967
2186.9299947811214,0.0,64.10906364162967 2128.3159937373457,0.0,76.93087636995561
2128.3159937373457,0.0,76.93087636995561 2069.70199269357,0.0,89.75268909828155
2069.70199269357,0.0,89.75268909828155 2011.0879916497943,0.0,102.57450182660749
2011.0879916497943,0.0,102.57450182660749 2067.8004448769966,0.0,122.16270360605635
2067.8004448769966,0.0,122.16270360605635 2008.7689136159706,0.0,132.89947765502055
2008.7689136159706,0.0,132.89947765502055 2055.8172613075867,0.0,170.13458178390434
2055.8172613075867,0.0,170.13458178390434 1996.3056362915145,0.0,177.7743781127614
1996.3056362915145,0.0,177.7743781127614 1956.602368565052,0.0,222.75938152324085
1956.602368565052,0.0,222.75938152324085 1896.7733445274155,0.0,227.28573576301187
1896.7733445274155,0.0,227.28573576301187 1836.9443204897789,0.0,231.8120900027829
1836.9443204897789,0.0,231.8120900027829 1777.1152964521423,0.0,236.33844424255392
1777.1152964521423,0.0,236.33844424255392 1717.2862724145057,0.0,240.86479848232491
1717.2862724145057,0.0,240.86479848232491 1657.457248376869,0.0,245.3911527220959
1657.457248376869,0.0,245.3911527220959 1683.0996996706042,-49.373099874960666,267.85805505387236
1683.0996996706042,-49.373099874960666,267.85805505387236 1715.9917816128168,-12.405653480843462,301.79209184003804
1657.457248376869,0.0,245.3911527220959 1689.5638734858906,19.78784282159946,292.05597781098294
1689.5638734858906,19.78784282159946,292.05597781098294 1666.3746961893125,32.536355265691796,345.905188453022
1666.3746961893125,32.536355265691796,345.905188453022 1711.9112494779858,20.52502641081466,308.7279064957862
1711.9112494779858,20.52502641081466,308.7279064957862 1656.7817314203467,5.631803427360801,290.3179051949293
1656.7817314203467,5.631803427360801,290.3179051949293 1681.6547209669534,-14.972625430996349,239.75317536834672
1656.7817314203467,5.631803427360801,290.3179051949293 1681.5838408566824,-14.902153030703925,239.6897312234505
1681.5838408566824,-14.902153030703925,239.6897312234505 1670.8431751778635,19.317897070066888,287.78990036947926
1689.5638734858906,19.78784282159946,292.05597781098294 1687.8769998714497,50.50237796592663,343.57075033573346
1687.8769998714497,50.50237796592663,343.57075033573346 1717.9589595735745,85.8253335854653,305.5265062667572
1657.457248376869,0.0,245.3911527220959 1663.13391116671,-52.71976723017017,217.31266197264307
1663.13391116671,-52.71976723017017,217.31266197264307 1686.7181139909003,-89.51274645418093,258.4230263223903
1657.457248376869,0.0,245.3911527220959 1714.7852011045816,14.420581052663609,255.66503602650943
1714.7852011045816,14.420581052663609,255.66503602650943 1665.5319025055417,14.576513994092249,289.9300073825692
1714.7852011045816,14.420581052663609,255.66503602650943 1735.4578591538827,22.85986384528549,311.35542761359403
1657.457248376869,0.0,245.3911527220959 1675.3953058533664,-29.069839464089387,294.7183311078697
1675.3953058533664,-29.069839464089387,294.7183311078697 1666.5205950320042,-10.593250890382045,351.10853577601347
1666.5205950320042,-10.593250890382045,351.10853577601347 1699.219284338643,22.902857750913476,388.64260594590604
1675.3953058533664,-29.069839464089387,294.7183311078697 1697.029243466342,-66.68026830055734,253.27646355710814
1657.457248376869,0.0,245.3911527220959 1655.656909045539,35.53818305149831,197.08177140034576
1655.656909045539,35.53818305149831,197.08177140034576 1708.0907141293774,34.87223265103432,167.92268028806723
1708.0907141293774,34.87223265103432,167.92268028806723 1717.7000652455167,28.121545276013972,226.76219584599392
1657.457248376869,0.0,245.3911527220959 1695.6112598570444,-41.50218539672352,224.85240847453701
1695.6112598570444,-41.50218539672352,224.85240847453701 1741.0862404623979,-12.280819978429058,198.81132666073327
1695.6112598570444,-41.50218539672352,224.85240847453701 1689.2247899269496,-93.52261031856172,195.64473152508774
1689.2247899269496,-93.52261031856172,195.64473152508774 1736.9772872750282,-129.0842943377968,188.22410980330244
1736.9772872750282,-129.0842943377968,188.22410980330244 1706.6439622527198,-161.20619309003223,147.62764427190262
1689.2247899269496,-93.52261031856172,195.64473152508774 1723.5687468128654,-140.65668578980984,209.74691415364032
1657.457248376869,0.0,245.3911527220959 1695.4147342905335,22.891738850360532,285.8287287562854
1657.457248376869,0.0,245.3911527220959 1652.694026544908,-45.075811503255395,284.703783454502
1652.694026544908,-45.075811503255395,284.703783454502 1664.8370414525207,-82.23530072443086,239.18763742065113
1652.694026544908,-45.075811503255395,284.703783454502 1663.5439829575766,10.621931507875104,304.1983947435032
1663.5439829575766,10.621931507875104,304.1983947435032 1694.488703013988,-8.938874941521025,256.66104993250644
1694.488703013988,-8.938874941521025,256.66104993250644 1651.922224314279,5.345364576860268,216.86085656000216
1694.488703013988,-8.938874941521025,256.66104993250644 1686.2001736566287,9.520001467554334,313.1461821604359
1663.5439829575766,10.621931507875104,304.1983947435032 1705.3750121062162,21.9610881140742,345.6904244338637
1652.694026544908,-45.075811503255395,284.703783454502 1692.2003917764794,-7.282808133301955,309.4209030777182
1692.2003917764794,-7.282808133301955,309.4209030777182 1724.3740752694932,-56.33201544659353,322.03158713644865
1652.694026544908,-45.075811503255395,284.703783454502 1690.724843239299,-17.15789193463276,321.77461765765344
1652.694026544908,-45.075811503255395,284.703783454502 1685.1300310136585,-2.861068881624199,257.03031024471807
1685.1300310136585,-2.861068881624199,257.03031024471807 1660.9394382562325,49.316652242091976,239.9335081934551
1652.694026544908,-45.075811503255395,284.703783454502 1702.5192595100564,-12.425394376350177,291.87291320697403
1702.5192595100564,-12.425394376350177,291.87291320697403 1704.1550288508931,-43.81710438143543,342.9795155360294
1702.5192595100564,-12.425394376350177,291.87291320697403 1660.1009453759175,3.46921594429614,331.2181541996573
1652.694026544908,-45.075811503255395,284.703783454502 1646.8248501520197,-96.14135266515444,315.6531497535324
1646.8248501520197,-96.14135266515444,315.6531497535324 1683.7053446724883,-48.818696293686905,316.28189284390567
1683.7053446724883,-48.818696293686905,316.28189284390567 1672.8990330684069,10.162971602254203,318.3762857698887
1672.8990330684069,10.162971602254203,318.3762857698887 1728.0914954336952,30.237828334039268,306.09653718717976
1728.0914954336952,30.237828334039268,306.09653718717976 1702.5456449771902,-13.419431453076893,273.82498326837793
1683.7053446724883,-48.818696293686905,316.28189284390567 1693.585019432073,-80.39745982505119,266.23018237887754
1652.694026544908,-45.075811503255395,284.703783454502 1664.8391774535132,-83.1410983235535,239.9429830964248
1652.694026544908,-45.075811503255395,284.703783454502 1672.4438930626484,-100.20513499536575,297.76902221365526
1672.4438930626484,-100.20513499536575,297.76902221365526 1644.4706276439508,-128.4993963524924,342.6792793501904
1652.694026544908,-45.075811503255395,284.703783454502 1665.9748764730207,-89.23268202970863,246.313813273516
1652.694026544908,-45.075811503255395,284.703783454502 1686.7860757417375,-26.254037990973355,239.05870679323095
1686.7860757417375,-26.254037990973355,239.05870679323095 1712.2028136912347,-74.50004649636422,214.03247864545895
1652.694026544908,-45.075811503255395,284.703783454502 1705.9908052515846,-25.964268620270353,304.5583121097829
1705.9908052515846,-25.964268620270353,304.5583121097829 1708.3538156248976,13.970205486655786,259.8408215744357
1652.694026544908,-45.075811503255395,284.703783454502 1699.543297620906,-64.10493505254328,316.99988626263644
1699.543297620906,-64.10493505254328,316.99988626263644 1684.7854050502553,-40.75477058804759,370.26314213715216
1652.694026544908,-45.075811503255395,284.703783454502 1692.2360592951486,-69.70290164947323,246.88931430697912
1692.2360592951486,-69.70290164947323,246.88931430697912 1728.8096049214505,-115.74886659086737,258.8117667785437
1728.8096049214505,-115.74886659086737,258.8117667785437 1680.0278491012418,-91.14329510664713,283.6090680638137
1728.8096049214505,-115.74886659086737,258.8117667785437 1752.7307735876711,-69.12039565648413,288.0275739377444
1728.8096049214505,-115.74886659086737,258.8117667785437 1677.4833951622113,-123.2550795226048,288.9659863700702
1692.2360592951486,-69.70290164947323,246.88931430697912 1738.9740509214525,-45.08842790505911,275.3443282944136
1738.9740509214525,-45.08842790505911,275.3443282944136 1744.5145296446833,-42.106730453331394,335.01352114821196
1652.694026544908,-45.075811503255395,284.703783454502 1699.9846911647508,-33.82202130111882,319.8740158378662
1652.694026544908,-45.075811503255395,284.703783454502 1666.5244552018803,-14.168566721889512,235.17135505462312
1652.694026544908,-45.075811503255395,284.703783454502 1704.0634912947737,-27.675424882185023,259.0443867985094
1652.694026544908,-45.075811503255395,284.703783454502 1649.8856836932828,-72.39198871165055,338.05113271524107
1649.8856836932828,-72.39198871165055,338.05113271524107 1670.519305787279,-111.23439763855204,297.2403387014325
1649.8856836932828,-72.39198871165055,338.05113271524107 1691.1233156824924,-28.839769090154277,336.4196076729961
1691.1233156824924,-28.839769090154277,336.4196076729961 1728.3996750219794,-11.748032147931347,292.6206857377328
1728.3996750219794,-11.748032147931347,292.6206857377328 1705.0935691035727,-11.115663774240799,347.9056342966305
1728.3996750219794,-11.748032147931347,292.6206857377328 1762.2029294189788,-0.08669335567726222,340.8011088340903
1762.2029294189788,-0.08669335567726222,340.8011088340903 1757.728654423253,37.662260827307186,294.37916013141773
1649.8856836932828,-72.39198871165055,338.05113271524107 1665.9214709848743,-35.89147740282558,293.2117950736883
1665.9214709848743,-35.89147740282558,293.2117950736883 1679.393214268459,-57.63349733583994,347.4869892431576
1665.9214709848743,-35.89147740282558,293.2117950736883 1689.1169192788607,18.057651869024866,305.51881052221086
1649.8856836932828,-72.39198871165055,338.05113271524107 1664.1580637023274,-50.5249508193761,284.03139722259675
1649.8856836932828,-72.39198871165055,338.05113271524107 1701.2064525986045,-91.22078442577599,313.3194701968762
1649.8856836932828,-72.39198871165055,338.05113271524107 1695.1569406541998,-40.578041388979806,314.84798532250676
1695.1569406541998,-40.578041388979806,314.84798532250676 1724.9368586596518,-71.22738772708908,356.9641823568448
1649.8856836932828,-72.39198871165055,338.05113271524107 1684.5100343877518,-107.60654534856351,303.9763716764302
1684.5100343877518,-107.60654534856351,303.9763716764302 1688.143937558528,-67.3895380408473,348.3541484454
1649.8856836932828,-72.39198871165055,338.05113271524107 1709.0914819620648,-66.60632414386292,330.2281194297263
1649.8856836932828,-72.39198871165055,338.05113271524107 1694.0007932522192,-49.57552747426719,304.38711327005285
1649.8856836932828,-72.39198871165055,338.05113271524107 1678.5859752627496,-83.24191488416767,389.6124783714448
1649.8856836932828,-72.39198871165055,338.05113271524107 1654.223258698092,-32.48690652110435,293.4555067139906
1649.8856836932828,-72.39198871165055,338.05113271524107 1665.991724651383,-24.147853469281984,306.2219187857069
1665.991724651383,-24.147853469281984,306.2219187857069 1665.5883010538184,22.15403324090162,268.06471060064376
1649.8856836932828,-72.39198871165055,338.05113271524107 1695.7188619558895,-61.3045408736771,300.95142556291523
1649.8856836932828,-72.39198871165055,338.05113271524107 1704.7501608565485,-92.37423789177988,324.2453779982861
1704.7501608565485,-92.37423789177988,324.2453779982861 1650.5951563438334,-109.30579985158695,304.7374899570596
1649.8856836932828,-72.39198871165055,338.05113271524107 1685.0486562704405,-114.280652746759,313.37512848254835
1649.8856836932828,-72.39198871165055,338.05113271524107 1706.5088389043217,-58.324858178605595,352.0487801073164
1649.8856836932828,-72.39198871165055,338.05113271524107 1677.5111452272913,-22.698850370422576,318.8827765824739
1649.8856836932828,-72.39198871165055,338.05113271524107 1691.0174947863889,-29.749919332926353,328.57336740367566
1649.8856836932828,-72.39198871165055,338.05113271524107 1659.604147745403,-82.75206582629495,279.75687692064093
1649.8856836932828,-72.39198871165055,338.05113271524107 1688.943341988499,-102.45293366723264,303.8336091801927
1688.943341988499,-102.45293366723264,303.8336091801927 1658.2732984287913,-126.21155762720461,349.60342691605746
1658.2732984287913,-126.21155762720461,349.60342691605746 1682.4416463756536,-126.35143627536368,404.5203768630746
1649.8856836932828,-72.39198871165055,338.05113271524107 1659.3945074404928,-83.2680936601698,396.28593856271766
1649.8856836932828,-72.39198871165055,338.05113271524107 1669.1735297683151,-71.64165483141497,394.86148382183103
1649.8856836932828,-72.39198871165055,338.05113271524107 1677.862353457798,-95.67342064785267,290.35122835593177
1649.8856836932828,-72.39198871165055,338.05113271524107 1682.7841386840948,-61.23903658709543,289.1297333267844
1649.8856836932828,-72.39198871165055,338.05113271524107 1685.4440338502839,-48.494165800915475,380.0570584191135
1649.8856836932828,-72.39198871165055,338.05113271524107 1707.2973587274446,-68.51658274387327,321.05463900751624
1649.8856836932828,-72.39198871165055,338.05113271524107 1703.253894010169,-97.40058856913723,326.80817666530874
1649.8856836932828,-72.39198871165055,338.05113271524107 1697.9544319930565,-62.291984569271605,372.50959108494965
1649.8856836932828,-72.39198871165055,338.05113271524107 1654.4109228928876,-49.290914830443626,282.8617986395215
1652.694026544908,-45.075811503255395,284.703783454502 1683.8660674465596,-5.2710249730345495,252.39460774063835
1652.694026544908,-45.075811503255395,284.703783454502 1694.3923346321283,-5.395025207257426,301.6355967535728
1694.3923346321283,-5.395025207257426,301.6355967535728 1670.717221064495,44.588903702089866,324.897063782653
1694.3923346321283,-5.395025207257426,301.6355967535728 1721.444619944921,37.72883485861971,333.39258893441234
1652.694026544908,-45.075811503255395,284.703783454502 1670.5570337513777,-86.43696741045925,245.07844111450973
1652.694026544908,-45.075811503255395,284.703783454502 1660.1170516354243,1.744940808238617,321.4830690850209
1660.1170516354243,1.744940808238617,321.4830690850209 1692.7074835605983,-24.63221788357402,278.5632689191589
1692.7074835605983,-24.63221788357402,278.5632689191589 1724.1153962113378,-51.39727790184983,235.0067012726878
1724.1153962113378,-51.39727790184983,235.0067012726878 1665.459394886784,-44.709732061659686,245.71885508269676
1660.1170516354243,1.744940808238617,321.4830690850209 1694.2108344829198,33.08584815167587,283.3338685948677
1694.2108344829198,33.08584815167587,283.3338685948677 1744.8250958669003,63.50997874484533,272.7240230632923
1652.694026544908,-45.075811503255395,284.703783454502 1674.2283610474399,-89.40534155766602,318.926074474949
1652.694026544908,-45.075811503255395,284.703783454502 1696.2180855021136,-28.698135930673043,246.79035529601268
1652.694026544908,-45.075811503255395,284.703783454502 1687.3523146958364,2.2823310357095323,272.2134112540312
1652.694026544908,-45.075811503255395,284.703783454502 1703.1056720938318,-73.89870481746492,299.8003663144529
1703.1056720938318,-73.89870481746492,299.8003663144529 1647.7418014666855,-97.02492273594999,299.9413413738082
1652.694026544908,-45.075811503255395,284.703783454502 1684.1217955448242,2.3325507183371386,303.8020170679591
1652.694026544908,-45.075811503255395,284.703783454502 1652.7939650608282,-28.7985050692064,342.4535826536776
1652.7939650608282,-28.7985050692064,342.4535826536776 1681.1474649449578,-71.50681909520279,311.27540186361955
1681.1474649449578,-71.50681909520279,311.27540186361955 1708.4415910164512,-114.69224704727975,279.8103499076892
1708.4415910164512,-114.69224704727975,279.8103499076892 1651.488385058524,-100.51972137796996,292.27918494816856
1651.488385058524,-100.51972137796996,292.27918494816856 1639.8005658035938,-142.88108287379026,333.1314790488004
1639.8005658035938,-142.88108287379026,333.1314790488004 1612.1430388759636,-196.10548675295675,331.64015884348606
1612.1430388759636,-196.10548675295675,331.64015884348606 1552.7381872134504,-188.59363560798812,327.8144966353686
1552.7381872134504,-188.59363560798812,327.8144966353686 1493.3333355509371,-181.0817844630195,323.9888344272511
1493.3333355509371,-181.0817844630195,323.9888344272511 1433.9284838884237,-173.56993331805086,320.1631722191336
1433.9284838884237,-173.56993331805086,320.1631722191336 1374.5236322259102,-166.05808217308223,316.3375100110162
1708.4415910164512,-114.69224704727975,279.8103499076892 1750.8924457271523,-144.24194472612567,249.40080697426518
1708.4415910164512,-114.69224704727975,279.8103499076892 1713.1126363737233,-164.44544535628967,246.60190831079038
1652.7939650608282,-28.7985050692064,342.4535826536776 1701.2728484912855,-25.45267918823862,377.6473791313296
1652.7939650608282,-28.7985050692064,342.4535826536776 1688.1226772340935,0.809343768250411,380.8626620932694
1688.1226772340935,0.809343768250411,380.8626620932694 1654.0879798992144,36.57321804389933,414.9593580346469
1652.7939650608282,-28.7985050692064,342.4535826536776 1688.682350215552,-58.950115491919746,379.9089454192832
1652.7939650608282,-28.7985050692064,342.4535826536776 1692.5776331341062,-73.52021722404356,346.604271340526
1692.5776331341062,-73.52021722404356,346.604271340526 1666.7569586385234,-66.86730910592127,292.85455894906306
1652.7939650608282,-28.7985050692064,342.4535826536776 1674.7467104099564,-68.26208336443227,302.94784940174435
1674.7467104099564,-68.26208336443227,302.94784940174435 1687.4904545154777,-113.59482231105062,340.13036902818635
1674.7467104099564,-68.26208336443227,302.94784940174435 1689.9163085296418,-15.069881020629943,279.6997763051793
1674.7467104099564,-68.26208336443227,302.94784940174435 1719.7877676948463,-45.97787835750056,270.1649671936724
1652.7939650608282,-28.7985050692064,342.4535826536776 1688.2729080296747,18.841012471338757,333.98475898581023
1688.2729080296747,18.841012471338757,333.98475898581023 1744.8295496906749,15.755517939986852,314.19016357377376
1652.7939650608282,-28.7985050692064,342.4535826536776 1696.8992601257899,-30.066645674923485,383.1120967268307
1696.8992601257899,-30.066645674923485,383.1120967268307 1741.529996637425,-6.589642459707541,415.6225208775818
1652.7939650608282,-28.7985050692064,342.4535826536776 1675.2395984744535,-83.97937820187701,349.6135254591239
1652.7939650608282,-28.7985050692064,342.4535826536776 1650.9792559849395,-16.413559364814404,401.13339136901976
1650.9792559849395,-16.413559364814404,401.13339136901976 1687.466848059688,-64.03709012728942,401.94267642531986
1687.466848059688,-64.03709012728942,401.94267642531986 1712.0034728010637,-118.7906392613744,401.9965607667306
1712.0034728010637,-118.7906392613744,401.9965607667306 1653.928928989032,-103.9389672379599,399.39363949758734
1650.9792559849395,-16.413559364814404,401.13339136901976 1693.7898486344918,-54.89440390764865,384.2077374595155
1650.9792559849395,-16.413559364814404,401.13339136901976 1680.054653354151,-6.964862232402545,349.50642757758226
1650.9792559849395,-16.413559364814404,401.13339136901976 1649.3858253191513,-68.93605348237021,372.1705083912387
1649.3858253191513,-68.93605348237021,372.1705083912387 1670.6085928581301,-123.55560103790697,359.27480512174145
1650.9792559849395,-16.413559364814404,401.13339136901976 1683.1373771491876,-39.60406586828824,356.09945248624075
1650.9792559849395,-16.413559364814404,401.13339136901976 1669.7883533735705,-60.48077281631637,365.0183175902669
1650.9792559849395,-16.413559364814404,401.13339136901976 1671.1725336254476,34.18597398834789,375.99539696661026
1650.9792559849395,-16.413559364814404,401.13339136901976 1652.4164567177738,-67.59083018076925,432.4195129868227
1650.9792559849395,-16.413559364814404,401.13339136901976 1709.5262151450304,-20.967611991182093,413.44250091370003
1650.9792559849395,-16.413559364814404,401.13339136901976 1676.7024939508472,-41.46726877582206,449.20236965333606
1650.9792559849395,-16.413559364814404,401.13339136901976 1699.6259974397758,1.049230965824723,370.66134680856317
1650.9792559849395,-16.413559364814404,401.13339136901976 1649.7510171581523,-61.564762019197445,440.6284585071727
1652.7939650608282,-28.7985050692064,342.4535826536776 1675.32745051992,-29.41867838685439,398.0580556582928
1652.7939650608282,-28.7985050692064,342.4535826536776 1683.1716759437845,7.895867632148942,305.974579191884
1652.7939650608282,-28.7985050692064,342.4535826536776 1660.2386647785029,-3.635385295180164,288.49624905247316
1652.7939650608282,-28.7985050692064,342.4535826536776 1687.8142909358194,-73.75445246264925,323.67754554337597
1687.8142909358194,-73.75445246264925,323.67754554337597 1724.9720013977146,-63.34348684857016,277.732835856488
1652.7939650608282,-28.7985050692064,342.4535826536776 1668.5404609809489,20.056603257294782,373.52167330378774
1668.5404609809489,20.056603257294782,373.52167330378774 1724.9164339635186,1.9373156505423204,363.85518030516806
1652.7939650608282,-28.7985050692064,342.4535826536776 1665.9652795748714,4.818821709060153,390.3742651848707
1652.7939650608282,-28.7985050692064,342.4535826536776 1691.3265939406363,12.652920168610073,362.3788394240355
1652.7939650608282,-28.7985050692064,342.4535826536776 1709.0248566013663,-8.942875416461629,335.8323435212124
1652.7939650608282,-28.7985050692064,342.4535826536776 1694.5774293178797,-32.63974755907316,299.56550772819566
1652.7939650608282,-28.7985050692064,342.4535826536776 1696.5212127753298,-69.85432278780812,343.98578328399896
1652.7939650608282,-28.7985050692064,342.4535826536776 1671.6642141534526,28.15120570758181,341.65099831388284
1652.7939650608282,-28.7985050692064,342.4535826536776 1680.0127747872539,-25.734812520401967,289.07053117623735
1652.7939650608282,-28.7985050692064,342.4535826536776 1697.5349470311107,-15.519444829325128,304.74534626584773
1652.7939650608282,-28.7985050692064,342.4535826536776 1676.144864246457,-29.801069127675223,397.71415062516394
1652.694026544908,-45.075811503255395,284.703783454502 1658.110227966375,-52.8124615887013,343.9558636510442
1652.694026544908,-45.075811503255395,284.703783454502 1652.7034603141176,-86.69304742590141,327.9242136370305
1652.694026544908,-45.075811503255395,284.703783454502 1658.1677089191116,-62.0899022146824,341.97995230795857
1652.694026544908,-45.075811503255395,284.703783454502 1697.4489982862763,-8.222833237991793,269.2489946364905
1652.694026544908,-45.075811503255395,284.703783454502 1667.1774208106747,-40.01719885773666,226.69825157481873
1652.694026544908,-45.075811503255395,284.703783454502 1658.1403304883358,-12.77291759107986,234.43589292531294
1652.694026544908,-45.075811503255395,284.703783454502 1707.864689812908,-24.945599492035218,272.416697593636
1652.694026544908,-45.075811503255395,284.703783454502 1706.1407984021412,-67.68065027485441,299.9505484277966
1652.694026544908,-45.075811503255395,284.703783454502 1654.6977185649105,-18.245993331291952,338.33349606932364
1652.694026544908,-45.075811503255395,284.703783454502 1709.993970099655,-54.224429626927154,269.4388152249234
1709.993970099655,-54.224429626927154,269.4388152249234 1728.434135466652,-4.092886312641895,242.1113809112937
1652.694026544908,-45.075811503255395,284.703783454502 1670.7550535464109,-99.38905970000322,302.7001823712145
1652.694026544908,-45.075811503255395,284.703783454502 1711.8383170230384,-43.71047256555292,274.699346767525
1711.8383170230384,-43.71047256555292,274.699346767525 1651.8592073207783,-42.19401004201723,275.15403428545926
1651.8592073207783,-42.19401004201723,275.15403428545926 1667.8907184382438,-76.85409600102398,228.87586348534182
1667.8907184382438,-76.85409600102398,228.87586348534182 1724.3073986875377,-93.16296667514544,216.58037947763802
1651.8592073207783,-42.19401004201723,275.15403428545926 1695.7238312995519,-43.858141061538376,316.0578902302314
1651.8592073207783,-42.19401004201723,275.15403428545926 1682.4174220230634,0.8949315731389262,246.70164203639334
1651.8592073207783,-42.19401004201723,275.15403428545926 1669.254566705984,-65.82455898483998,222.8185909557196
1651.8592073207783,-42.19401004201723,275.15403428545926 1667.7656024151368,-76.64229824733452,228.67498486719376
1667.7656024151368,-76.64229824733452,228.67498486719376 1665.5554065662398,-90.60783246272005,286.9851802740728
1651.8592073207783,-42.19401004201723,275.15403428545926 1671.48209777427,-19.452920009248412,327.0942402378019
1652.694026544908,-45.075811503255395,284.703783454502 1667.042076167269,6.45919524887578,257.53253852365526
1652.694026544908,-45.075811503255395,284.703783454502 1681.4978638817786,6.444367654412105,295.4745816715769
1681.4978638817786,6.444367654412105,295.4745816715769 1735.608185880702,31.52495783479873,302.0348445760902
1652.694026544908,-45.075811503255395,284.703783454502 1658.3849519300384,3.546825476167726,250.01296995253705
1652.694026544908,-45.075811503255395,284.703783454502 1690.4567252676538,-0.5368273277218378,298.4971686005313
1652.694026544908,-45.075811503255395,284.703783454502 1647.565045815465,-100.23908460785375,261.66670774892475
1652.694026544908,-45.075811503255395,284.703783454502 1646.5458718992018,-83.37786331929556,330.47662497798467
1646.5458718992018,-83.37786331929556,330.47662497798467 1654.2560344187532,-136.10456345231708,302.9003945067159
1646.5458718992018,-83.37786331929556,330.47662497798467 1697.0641290930778,-52.999405005844956,319.2938274482368
1646.5458718992018,-83.37786331929556,330.47662497798467 1682.087250901426,-106.47131237018988,288.008955044799
1646.5458718992018,-83.37786331929556,330.47662497798467 1685.054561367641,-48.68050417160648,360.6953956942065
1685.054561367641,-48.68050417160648,360.6953956942065 1725.449779674668,-47.87680239135744,405.05281222601184
1646.5458718992018,-83.37786331929556,330.47662497798467 1643.3729149587614,-119.890835522683,282.9715178301341
1643.3729149587614,-119.890835522683,282.9715178301341 1670.7587559485182,-157.46554049347918,320.89456174331934
1670.7587559485182,-157.46554049347918,320.89456174331934 1650.8382172532577,-147.89711719786987,265.1126882204027
1643.3729149587614,-119.890835522683,282.9715178301341 1680.4728323847148,-98.2831525837899,241.05846300231568
1646.5458718992018,-83.37786331929556,330.47662497798467 1654.7352952484205,-102.125212684341,274.07210178177104
1646.5458718992018,-83.37786331929556,330.47662497798467 1675.2708009939674,-47.47574554821284,291.9290389569121
1646.5458718992018,-83.37786331929556,330.47662497798467 1665.9610602839075,-82.96858756433805,273.7061841364447
1646.5458718992018,-83.37786331929556,330.47662497798467 1701.7246910309602,-66.85173113977376,313.6782657006725
1646.5458718992018,-83.37786331929556,330.47662497798467 1685.2019029225066,-127.16400261054766,316.7476311513288
1646.5458718992018,-83.37786331929556,330.47662497798467 1679.3419499991658,-133.56665822201387,328.1309635629601
1646.5458718992018,-83.37786331929556,330.47662497798467 1651.9208337732964,-143.11810534918652,328.9889196771677
1646.5458718992018,-83.37786331929556,330.47662497798467 1674.610741449893,-50.04258276943271,289.2319626837603
1646.5458718992018,-83.37786331929556,330.47662497798467 1647.163793331274,-129.02776082142458,291.5445683774286
1646.5458718992018,-83.37786331929556,330.47662497798467 1674.2563535339411,-80.06091009142703,277.36234225803344
1646.5458718992018,-83.37786331929556,330.47662497798467 1666.2439911825961,-41.96886292791277,369.1713117357765
1646.5458718992018,-83.37786331929556,330.47662497798467 1662.4313904368846,-67.51499159200351,386.1185120896959
1646.5458718992018,-83.37786331929556,330.47662497798467 1671.536670128204,-46.18056474820792,290.57899368375035
1646.5458718992018,-83.37786331929556,330.47662497798467 1697.415103611694,-115.1850836099128,329.6879537125464
1646.5458718992018,-83.37786331929556,330.47662497798467 1669.5839675897694,-43.4261069768681,292.09559695491635
1646.5458718992018,-83.37786331929556,330.47662497798467 1683.8651278542338,-116.5532910817557,297.2100632719623
1646.5458718992018,-83.37786331929556,330.47662497798467 1674.48993309039,-44.496969630419784,294.3185615605743
1646.5458718992018,-83.37786331929556,330.47662497798467 1651.175381098888,-38.382185358205845,291.05636864457244
1652.694026544908,-45.075811503255395,284.703783454502 1705.8440986369028,-56.605412506150984,259.3633387597106
1652.694026544908,-45.075811503255395,284.703783454502 1670.4844242120166,2.885350664806552,253.34730606409667
1652.694026544908,-45.075811503255395,284.703783454502 1702.6045700402808,-76.36014386940948,273.29202651700587
1652.694026544908,-45.075811503255395,284.703783454502 1710.8734773138144,-36.48129090853905,272.817416306572
1652.694026544908,-45.075811503255395,284.703783454502 1688.7429285662083,-79.76421704160428,251.57990710728478
1688.7429285662083,-79.76421704160428,251.57990710728478 1721.2030175872917,-45.115256786973006,214.89486691354463
1652.694026544908,-45.075811503255395,284.703783454502 1700.3550231486654,-23.056112265125392,313.7479265508119
1652.694026544908,-45.075811503255395,284.703783454502 1706.9473096999404,-70.6589203401184,283.2595503912148
1652.694026544908,-45.075811503255395,284.703783454502 1650.7233356938907,-26.733489777249225,227.61021454109985
1652.694026544908,-45.075811503255395,284.703783454502 1652.3595601919171,-88.43816267753661,326.17177873878154
1652.694026544908,-45.075811503255395,284.703783454502 1680.2738787025303,-82.4763545670247,322.6583765032863
1652.694026544908,-45.075811503255395,284.703783454502 1694.4698870049344,-75.95264964445451,314.72708022928305
1657.457248376869,0.0,245.3911527220959 1704.899307240034,-30.121356205559543,266.4138773590641
1704.899307240034,-30.121356205559543,266.4138773590641 1736.839626945661,-58.53826704630053,308.51251338651406
1704.899307240034,-30.121356205559543,266.4138773590641 1724.1719351972658,-33.39999677477564,209.68807787029516
1704.899307240034,-30.121356205559543,266.4138773590641 1718.585274011318,21.976998166262227,292.84219144232316
1704.899307240034,-30.121356205559543,266.4138773590641 1655.3254091487252,-41.609376061023596,298.201516903909
1657.457248376869,0.0,245.3911527220959 1684.0698489837703,53.64739681446088,241.68625002845604
1657.457248376869,0.0,245.3911527220959 1661.5695014917867,41.83735868121371,202.5808176042961
1657.457248376869,0.0,245.3911527220959 1683.794949669975,18.839952949045262,295.9023560682139
1683.794949669975,18.839952949045262,295.9023560682139 1688.395008752199,46.12912489214272,242.66570937535664
1657.457248376869,0.0,245.3911527220959 1689.2743824303818,-26.25593722396781,201.8217168626329
1689.2743824303818,-26.25593722396781,201.8217168626329 1730.0983724485536,1.6519021991327385,235.8004504725048
1657.457248376869,0.0,245.3911527220959 1673.226279325545,-57.0048793751709,255.47982906549765
1657.457248376869,0.0,245.3911527220959 1690.4213056639423,50.13257562942842,245.0816564633371
1657.457248376869,0.0,245.3911527220959 1700.9827814972339,-39.23516704805739,232.50202422948436
1657.457248376869,0.0,245.3911527220959 1658.2076973648968,37.92662503070353,198.90451012342268
1657.457248376869,0.0,245.3911527220959 1713.7102097191419,-9.677993868795793,226.8995120458251
1657.457248376869,0.0,245.3911527220959 1701.3437100711412,-2.590966729151055,286.22331371518584
1701.3437100711412,-2.590966729151055,286.22331371518584 1736.5487991784244,-12.078113941425151,333.8740822160284
1736.5487991784244,-12.078113941425151,333.8740822160284 1781.7305930173952,-44.34377575628516,311.1247399586834
1781.7305930173952,-44.34377575628516,311.1247399586834 1776.9030978045357,-89.59209092405757,272.0186628804625
1657.457248376869,0.0,245.3911527220959 1654.9746631075382,49.5033608611498,279.2031924983543
1654.9746631075382,49.5033608611498,279.2031924983543 1678.436231260595,49.08085509931627,223.98203433700562
1654.9746631075382,49.5033608611498,279.2031924983543 1711.1898234565256,47.55181660468522,258.321448750461
1654.9746631075382,49.5033608611498,279.2031924983543 1704.0977873251543,47.634606605139865,244.80222703761027
1704.0977873251543,47.634606605139865,244.80222703761027 1666.353760462625,89.64317086892854,224.53725813322254
1654.9746631075382,49.5033608611498,279.2031924983543 1660.3167514894742,75.12727414353546,333.1927948289547
1654.9746631075382,49.5033608611498,279.2031924983543 1694.9098691459192,12.386239298190702,304.2531147647522
1654.9746631075382,49.5033608611498,279.2031924983543 1703.178027550285,19.551969654238817,259.72628768341207
1654.9746631075382,49.5033608611498,279.2031924983543 1660.0706459159094,108.72998276685749,287.3418789313811
1654.9746631075382,49.5033608611498,279.2031924983543 1661.4011869642522,81.62205877159124,228.9330320086872
1654.9746631075382,49.5033608611498,279.2031924983543 1696.719260760004,77.60183141811478,311.88138888666657
1654.9746631075382,49.5033608611498,279.2031924983543 1702.660990578673,83.31406799323088,265.6809790869214
1654.9746631075382,49.5033608611498,279.2031924983543 1651.9644691072936,79.5754295288784,331.03570563561505
1651.9644691072936,79.5754295288784,331.03570563561505 1686.0571232563543,99.02747796729206,285.6560984907516
1654.9746631075382,49.5033608611498,279.2031924983543 1677.6202443820443,92.48016263966923,243.98711438579923
1654.9746631075382,49.5033608611498,279.2031924983543 1661.9104991107736,60.38014314035837,220.60635140442744
1654.9746631075382,49.5033608611498,279.2031924983543 1708.5885039756415,64.20749575346207,256.6345309421529
1654.9746631075382,49.5033608611498,279.2031924983543 1663.4413170430405,27.946819258020312,223.85311313753505
1654.9746631075382,49.5033608611498,279.2031924983543 1691.695138965526,96.60497088648103,273.4547156753553
1654.9746631075382,49.5033608611498,279.2031924983543 1657.568902114661,108.11882593704908,266.6534045356055
1657.457248376869,0.0,245.3911527220959 1703.36338935053,35.9736398826533,231.30131757403436
1657.457248376869,0.0,245.3911527220959 1707.8580499937693,-30.51629299271739,256.7276009470245
1657.457248376869,0.0,245.3911527220959 1667.614986467473,57.53322438449915,259.0567463354582
1657.457248376869,0.0,245.3911527220959 1656.3801175266917,17.92719259237067,188.14208674816368
1657.457248376869,0.0,245.3911527220959 1682.063230967947,-43.30267121580609,211.93335413487017
1657.457248376869,0.0,245.3911527220959 1687.7767077565127,-30.826317364027574,286.9900534371195
1657.457248376869,0.0,245.3911527220959 1702.38958419513,35.155472922702465,263.9701172114357
1702.38958419513,35.155472922702465,263.9701172114357 1724.8834881225225,49.746003360599545,317.6463755352611
1657.457248376869,0.0,245.3911527220959 1650.417057018876,-20.48270879494825,189.4367574875463
1657.457248376869,0.0,245.3911527220959 1672.861768244029,56.912938558014275,256.50952456126225
1657.457248376869,0.0,245.3911527220959 1706.3307203574318,28.54040425392564,225.47058391526556
1657.457248376869,0.0,245.3911527220959 1686.5935097562444,-45.21334621417329,218.80484803434317
1657.457248376869,0.0,245.3911527220959 1677.5680412649863,-56.3891120813811,241.41320751323522
1657.457248376869,0.0,245.3911527220959 1695.5572901915723,25.18282621287193,284.30403076587675
1717.2862724145057,0.0,240.86479848232491 1725.6178389802485,-59.36533740336392,243.38307438963878
1725.6178389802485,-59.36533740336392,243.38307438963878 1729.4277904904795,-40.82781206594556,186.4458771996272
1729.4277904904795,-40.82781206594556,186.4458771996272 1780.944809218774,-69.7572832251985,176.0016213719244
1717.2862724145057,0.0,240.86479848232491 1765.1495897419206,32.054504105287904,224.0835106598941
1765.1495897419206,32.054504105287904,224.0835106598941 1721.3289483781941,-3.306000132465421,203.3618763005223
1765.1495897419206,32.054504105287904,224.0835106598941 1806.5467932351924,6.718346179100614,188.80815602700696
1806.5467932351924,6.718346179100614,188.80815602700696 1775.7854430828995,57.91549582412455,194.517026758864
1775.7854430828995,57.91549582412455,194.517026758864 1801.903359646365,55.50278477434426,140.5537683345053
1775.7854430828995,57.91549582412455,194.517026758864 1810.4419841532192,87.3460539806265,233.6675875165083
1806.5467932351924,6.718346179100614,188.80815602700696 1841.578720620239,55.42135081767855,187.9241860821161
1841.578720620239,55.42135081767855,187.9241860821161 1806.2817417747162,62.50799239369182,235.92317352510128
1717.2862724145057,0.0,240.86479848232491 1746.3111424614433,-23.5847845318907,287.78297041328005
1746.3111424614433,-23.5847845318907,287.78297041328005 1697.0650628036628,-4.389710289703203,259.3862670275619
1697.0650628036628,-4.389710289703203,259.3862670275619 1739.7109858103329,-15.55708880449572,218.68473255997068
1697.0650628036628,-4.389710289703203,259.3862670275619 1693.5352982861118,-30.48676659734788,205.47444629661035
1697.0650628036628,-4.389710289703203,259.3862670275619 1700.0319524034562,-56.31248492474873,289.3065451061646
1717.2862724145057,0.0,240.86479848232491 1674.8372215638565,-17.19889507040126,202.10559196005048
1674.8372215638565,-17.19889507040126,202.10559196005048 1693.6941879250958,-66.87087590800157,174.22891462360738
1693.6941879250958,-66.87087590800157,174.22891462360738 1739.7036929352594,-39.282997509153596,147.35821656475338
1717.2862724145057,0.0,240.86479848232491 1722.4288673355697,-34.35877458661537,289.78338724349015
1717.2862724145057,0.0,240.86479848232491 1672.614400899365,-37.92509545031176,253.7532053047176
1672.614400899365,-37.92509545031176,253.7532053047176 1655.4061716136805,-80.85079390059026,291.9796523984127
1717.2862724145057,0.0,240.86479848232491 1677.3203321466963,-39.670606521514046,261.5763072811813
1717.2862724145057,0.0,240.86479848232491 1770.3636803005907,1.7592535049063538,268.7877961580694
1717.2862724145057,0.0,240.86479848232491 1678.2241394160806,42.905496481662055,225.5916803568261
1717.2862724145057,0.0,240.86479848232491 1716.0189074202622,-51.028356779175354,272.40050190540643
1717.2862724145057,0.0,240.86479848232491 1735.7415528185177,-22.393317170041904,188.34868694185383
1717.2862724145057,0.0,240.86479848232491 1760.2391264695723,40.929208145502145,231.9287899155031
1760.2391264695723,40.929208145502145,231.9287899155031 1800.1517596610986,29.751998288872407,275.3114096097946
1717.2862724145057,0.0,240.86479848232491 1720.3974485802069,-25.184553740869944,186.49514853183132
1717.2862724145057,0.0,240.86479848232491 1693.4270892359286,-51.01648343059458,261.55435614862074
1717.2862724145057,0.0,240.86479848232491 1754.0861141272326,25.411400520128588,280.8652031493261
1777.1152964521423,0.0,236.33844424255392 1786.6200158751305,-30.651871584872662,185.64206294137284
1786.6200158751305,-30.651871584872662,185.64206294137284 1826.4540049902384,-53.64294274050373,147.1107255872895
1777.1152964521423,0.0,236.33844424255392 1777.8949733774116,32.933282982454344,186.19075261183391
1777.1152964521423,0.0,236.33844424255392 1745.917766940485,33.6832544144752,274.96683437751824
1836.9443204897789,0.0,231.8120900027829 1832.5883386172113,-22.597096088631528,287.22325016287175
1836.9443204897789,0.0,231.8120900027829 1798.6762310363501,-40.389962740421375,209.35759736964255
1896.7733445274155,0.0,227.28573576301187 1858.600600905163,1.0662389621849653,181.00717940236797
1956.602368565052,0.0,222.75938152324085 1929.9278809490036,15.73703189129475,274.1482668747801
1996.3056362915145,0.0,177.7743781127614 1973.0411384818935,-41.01069633389249,140.66796454481602
1973.0411384818935,-41.01069633389249,140.66796454481602 1923.6582391643847,-43.183262676306924,174.67692234249898
1923.6582391643847,-43.183262676306924,174.67692234249898 1872.7178392168105,-36.47046743884132,143.69282911256806
1973.0411384818935,-41.01069633389249,140.66796454481602 1997.0848246912783,-79.81769619151169,179.60275509922104
1997.0848246912783,-79.81769619151169,179.60275509922104 2033.1183570603926,-49.4437851815005,142.46773019065375
2033.1183570603926,-49.4437851815005,142.46773019065375 2002.8178491652334,-96.23347292555651,120.273038435436
2055.8172613075867,0.0,170.13458178390434 2107.48820132525,-8.484950098937622,140.84090363469275
2107.48820132525,-8.484950098937622,140.84090363469275 2095.6677612028525,5.9257347970758225,83.80925140419333
2107.48820132525,-8.484950098937622,140.84090363469275 2137.590506562495,-23.504212400142617,91.1591868836451
2137.590506562495,-23.504212400142617,91.1591868836451 2093.3342110000526,-14.402831249251406,130.6376007858768
2093.3342110000526,-14.402831249251406,130.6376007858768 2143.321982777478,15.243125076935751,115.72653287529874
2137.590506562495,-23.504212400142617,91.1591868836451 2192.0001389449285,-48.603602654606306,88.05878160972051
2107.48820132525,-8.484950098937622,140.84090363469275 2122.2050888490476,12.709409778894921,86.67253342678625
2008.7689136159706,0.0,132.89947765502055 2008.6449012514515,5.107095193422007,192.6816003976831
2008.6449012514515,5.107095193422007,192.6816003976831 1981.387925626551,-22.08748005343861,146.66516467166878
1981.387925626551,-22.08748005343861,146.66516467166878 1993.6279776812019,22.744615398076135,184.6159794603621
2008.7689136159706,0.0,132.89947765502055 1971.046121924486,-23.705590789202844,173.0869875596628
1971.046121924486,-23.705590789202844,173.0869875596628 2011.206542703176,-67.23977350873687,163.49972841949184
2067.8004448769966,0.0,122.16270360605635 2030.3161731787568,11.073471393363654,167.68530905162476
2067.8004448769966,0.0,122.16270360605635 2109.6127468102777,16.66891798940263,161.83484219351712
2109.6127468102777,16.66891798940263,161.83484219351712 2140.283727662346,46.38680665489991,119.6905895979711
2067.8004448769966,0.0,122.16270360605635 2123.664525798756,7.926927488181709,101.7575992602266
2123.664525798756,7.926927488181709,101.7575992602266 2080.8375527025228,-33.957115806227804,98.35505716254193
2067.8004448769966,0.0,122.16270360605635 2077.439317121583,43.64531744355316,82.13548277942367
2077.439317121583,43.64531744355316,82.13548277942367 2115.2578559491253,25.43939761026074,39.260051539920056
2115.2578559491253,25.43939761026074,39.260051539920056 2154.608250695591,56.28203323420187,6.089608958216125
2011.0879916497943,0.0,102.57450182660749 2053.8742048058875,19.13466059018353,65.11512746103881
2053.8742048058875,19.13466059018353,65.11512746103881 2077.198319131202,60.37074425200096,28.29704637069336
2077.198319131202,60.37074425200096,28.29704637069336 2031.860056217384,96.33226303428557,12.447406537911322
2011.0879916497943,0.0,102.57450182660749 2021.9914111523624,-27.62182024632097,50.43861697336125
2021.9914111523624,-27.62182024632097,50.43861697336125 1988.0714603641661,-73.5108650338918,68.97594437001317
2021.9914111523624,-27.62182024632097,50.43861697336125 2061.4179785220967,-71.01453143708399,37.68642496748071
2061.4179785220967,-71.01453143708399,37.68642496748071 2026.4724039087364,-42.925463297691124,77.5588598818749
2011.0879916497943,0.0,102.57450182660749 1959.7964766516775,29.79136916523698,111.61080707037365
2069.70199269357,0.0,89.75268909828155 2026.901357992668,26.376368261109366,57.005279024288065
2026.901357992668,26.376368261109366,57.005279024288065 2042.6967883541386,12.186854565439198,0.8878834969088629
2042.6967883541386,12.186854565439198,0.8878834969088629 2009.0371829442893,9.186564639717595,-48.6906322535133
2026.901357992668,26.376368261109366,57.005279024288065 2082.043445096214,42.73594155073109,39.92562470558353
2069.70199269357,0.0,89.75268909828155 2083.0218059811605,39.34278708109955,133.05081467751407
2069.70199269357,0.0,89.75268909828155 2061.4338284460173,-14.024637845255963,32.00368916508007
2186.9299947811214,0.0,64.10906364162967 2147.30636432924,34.37073443667519,93.24015569284313
2147.30636432924,34.37073443667519,93.24015569284313 2191.04785825783,2.730147438703483,119.42326023220008
2191.04785825783,2.730147438703483,119.42326023220008 2149.584590674126,-28.65805574138857,149.34947186026025
2149.584590674126,-28.65805574138857,149.34947186026025 2113.290280091429,-2.8101374737412,189.53165871657455
2149.584590674126,-28.65805574138857,149.34947186026025 2178.416009393104,-8.244127836919294,100.85183436973827
2191.04785825783,2.730147438703483,119.42326023220008 2171.9931188376618,-23.23351910738203,68.79910665791131
2171.9931188376618,-23.23351910738203,68.79910665791131 2228.8744889972436,-28.28777471851194,50.38812545141367
2171.9931188376618,-23.23351910738203,68.79910665791131 2185.4111682313783,25.010635950064376,35.74676251621906
2191.04785825783,2.730147438703483,119.42326023220008 2229.816539788817,-8.551101817022941,75.04170158923372
2229.816539788817,-8.551101817022941,75.04170158923372 2277.2038460737385,14.871751064308901,103.42855005746802
2191.04785825783,2.730147438703483,119.42326023220008 2222.2477104817203,-41.46847761865646,93.48003829955809
2186.9299947811214,0.0,64.10906364162967 2228.292731901811,27.61095467364008,30.54183021534142
2186.9299947811214,0.0,64.10906364162967 2241.460968361498,-5.872240475496147,39.780280026861206
2241.460968361498,-5.872240475496147,39.780280026861206 2261.705412600945,44.576770755288706,14.382253661175351
2304.157996868673,0.0,38.465438184977806 2338.6070694719942,28.757429231763354,78.29346425646685
2304.157996868673,0.0,38.465438184977806 2322.4792394574906,-44.14926876802019,2.200108498749877
2322.4792394574906,-44.14926876802019,2.200108498749877 2350.100284791738,5.9954333593179,20.160807349406543
2350.100284791738,5.9954333593179,20.160807349406543 2316.04293086395,41.55767448699759,-14.12364465750402
2350.100284791738,5.9954333593179,20.160807349406543 2310.8967847933727,-30.554212512515484,47.127619814392965
2322.4792394574906,-44.14926876802019,2.200108498749877 2273.9843136884083,-42.932823423557835,37.50963179452818
2362.7719979124486,0.0,25.643625456651872 2314.3919278717503,-28.5959134809342,46.65891881763185
2362.7719979124486,0.0,25.643625456651872 2335.1849344333405,-30.373410777684754,-18.133193138692437
2362.7719979124486,0.0,25.643625456651872 2380.571174319005,-24.786912683223598,-26.016787616440492
2380.571174319005,-24.786912683223598,-26.016787616440492 2412.489342716118,-37.08378693839625,23.278419145738948
2421.3859989562243,0.0,12.821812728325938 2393.219545306856,-11.802712613586335,-38.8245507814033
2393.219545306856,-11.802712613586335,-38.8245507814033 2377.17418463165,22.16443778716473,-85.60894021265813
2421.3859989562243,0.0,12.821812728325938 2436.655711455027,-23.97288935255593,65.66248320376579
2480.0,0.0,0.0 2487.338030784922,29.92109139212466,-51.48671279178408
2487.338030784922,29.92109139212466,-51.48671279178408 2445.954322573096,-5.869633394962449,-26.861264291230547
2445.954322573096,-5.869633394962449,-26.861264291230547 2414.27296840074,-32.65161991142683,16.486365356048672
2480.0,0.0,0.0 2439.3425133724686,-36.33946584879924,-25.02822412709451
2439.3425133724686,-36.33946584879924,-25.02822412709451 2398.296616635895,-65.31274098695059,-57.827365714330355
2398.296616635895,-65.31274098695059,-57.827365714330355 2367.2937133363416,-102.1745808341991,-22.04993218320174
2398.296616635895,-65.31274098695059,-57.827365714330355 2425.4573235777184,-21.7647894939683,-26.748885713126196
2439.3425133724686,-36.33946584879924,-25.02822412709451 2482.449006447125,-18.177015607548277,12.547774276656241
2439.3425133724686,-36.33946584879924,-25.02822412709451 2406.0270985788907,8.120185704697668,-2.3693953649210684
2439.3425133724686,-36.33946584879924,-25.02822412709451 2483.0957780216777,-67.56534274589092,-51.68523904894879
2480.0,0.0,0.0 2433.0049385527577,29.5410611365632,-22.77695999240798
