起始树
1600.0,0.0,500.0 1636.5826456509815,0.0,452.442560653724
1636.5826456509815,0.0,452.442560653724 1673.165291301963,0.0,404.885121307448
1673.165291301963,0.0,404.885121307448 1709.7479369529444,0.0,357.327681961172
1709.7479369529444,0.0,357.327681961172 1746.330582603926,0.0,309.770242614896
1746.330582603926,0.0,309.770242614896 1741.0927342214227,58.80007686686088,320.4994506366076
1741.0927342214227,58.80007686686088,320.4994506366076 1735.8541587833465,117.59991934245032,331.22958820447934
1735.8541587833465,117.59991934245032,331.22958820447934 1771.7212784914293,108.51232227670891,283.99649277958906
1771.7212784914293,108.51232227670891,283.99649277958906 1760.9207943111935,159.9701300092638,312.9005334111667
1760.9207943111935,159.9701300092638,312.9005334111667 1707.147061373826,210.3740349824598,307.5114695375793
1771.7212784914293,108.51232227670891,283.99649277958906 1814.4952978864371,143.87149307778554,307.19422553638606
1814.4952978864371,143.87149307778554,307.19422553638606 1790.384796390791,82.22458373766761,325.2026204243172
1771.7212784914293,108.51232227670891,283.99649277958906 1805.3302308425825,60.09208096517108,271.5072552852357
1805.3302308425825,60.09208096517108,271.5072552852357 1842.5474522259433,40.592207715111705,314.8984223095684
1805.3302308425825,60.09208096517108,271.5072552852357 1843.230658843807,30.78075018046046,308.44847135825177
1805.3302308425825,60.09208096517108,271.5072552852357 1749.430806710619,82.4394740640738,264.5640281250478
1749.430806710619,82.4394740640738,264.5640281250478 1797.4593324190446,42.63884929038172,266.27604036181623
1797.4593324190446,42.63884929038172,266.27604036181623 1764.9239105790646,79.5608150235134,304.7236316010081
1797.4593324190446,42.63884929038172,266.27604036181623 1827.2458583421492,65.93600630322499,316.10081179682766
1797.4593324190446,42.63884929038172,266.27604036181623 1804.8069209026587,-16.391947364879613,285.9331126189106
1797.4593324190446,42.63884929038172,266.27604036181623 1785.1075315610028,-4.052783557526311,307.1932059229766
1785.1075315610028,-4.052783557526311,307.1932059229766 1735.6152212630952,-7.909605760748615,267.43649398815563
1797.4593324190446,42.63884929038172,266.27604036181623 1803.5430210199513,63.10152868021684,325.97384170488067
1797.4593324190446,42.63884929038172,266.27604036181623 1788.0330292484443,103.76815976626415,282.32478515008773
1797.4593324190446,42.63884929038172,266.27604036181623 1753.5939401073651,85.90556864666561,283.5913039603582
1797.4593324190446,42.63884929038172,266.27604036181623 1749.082868559312,12.256117472763055,295.3521018510656
1749.082868559312,12.256117472763055,295.3521018510656 1807.5154119175243,16.22623396193398,259.82568841327287
1807.5154119175243,16.22623396193398,259.82568841327287 1764.629934530621,45.26598548144531,304.9612471334481
1807.5154119175243,16.22623396193398,259.82568841327287 1805.2939838824982,33.88282670029193,326.28432209135036
1807.5154119175243,16.22623396193398,259.82568841327287 1768.641234002647,-31.759237609443986,290.3773300960838
1807.5154119175243,16.22623396193398,259.82568841327287 1775.217854676685,-34.699826476949006,293.76746450778313
1807.5154119175243,16.22623396193398,259.82568841327287 1824.2642701011735,-32.16015881363283,306.52389762639484
1807.5154119175243,16.22623396193398,259.82568841327287 1817.64329970949,78.07014512177088,290.5632312774556
1807.5154119175243,16.22623396193398,259.82568841327287 1741.1715919208248,25.074930093303408,280.3244231308148
1741.1715919208248,25.074930093303408,280.3244231308148 1795.9851120294236,55.22035207905574,313.80029573490197
1807.5154119175243,16.22623396193398,259.82568841327287 1783.3627365285868,73.83903443004183,291.84839120017887
1807.5154119175243,16.22623396193398,259.82568841327287 1826.4845392000097,-29.951711820826084,309.32174414931364
1807.5154119175243,16.22623396193398,259.82568841327287 1768.3889917230604,46.0780555025766,310.6543662779566
1807.5154119175243,16.22623396193398,259.82568841327287 1753.7199029944027,-6.541040432569009,300.2706749548414
1753.7199029944027,-6.541040432569009,300.2706749548414 1703.8055195291063,41.663111662757174,328.1983322867747
1703.8055195291063,41.663111662757174,328.1983322867747 1720.4483637455905,5.757197947569573,261.0999634790073
1807.5154119175243,16.22623396193398,259.82568841327287 1758.4548289415704,4.592349322047493,310.16726592376875
1807.5154119175243,16.22623396193398,259.82568841327287 1842.892528344708,25.55645843455261,321.08112935191883
1807.5154119175243,16.22623396193398,259.82568841327287 1765.6567627835943,-34.314906459394074,288.33619731076635
1807.5154119175243,16.22623396193398,259.82568841327287 1767.7967317164032,18.563598620403354,319.4133185854346
1807.5154119175243,16.22623396193398,259.82568841327287 1775.0366286370734,76.00535721051196,282.62146785273785
1807.5154119175243,16.22623396193398,259.82568841327287 1752.9267711097539,40.384155569520246,300.17017525301145
1752.9267711097539,40.384155569520246,300.17017525301145 1742.5287725386875,75.6557211975353,368.1634711274179
1807.5154119175243,16.22623396193398,259.82568841327287 1793.5895543986755,-40.56320245577146,302.7737140224206
1807.5154119175243,16.22623396193398,259.82568841327287 1800.7468681505575,-25.893925697064446,318.8782198202755
1807.5154119175243,16.22623396193398,259.82568841327287 1778.1857236435837,-18.579961482528795,316.8344653203004
1778.1857236435837,-18.579961482528795,316.8344653203004 1795.9457735249705,53.869795035333674,332.392531032752
1807.5154119175243,16.22623396193398,259.82568841327287 1842.4687182562159,20.66607269504806,323.93088873288355
1807.5154119175243,16.22623396193398,259.82568841327287 1812.5107395349455,-9.358752452983534,328.28018185338976
1807.5154119175243,16.22623396193398,259.82568841327287 1794.9640172162756,68.57478428721518,309.6485172158896
1749.082868559312,12.256117472763055,295.3521018510656 1813.170679418345,1.6056354287584753,271.81214153828927
1749.082868559312,12.256117472763055,295.3521018510656 1767.4701687850134,56.17177532718949,346.80433392726223
1749.082868559312,12.256117472763055,295.3521018510656 1780.2559497464542,-37.11491191541346,254.17148788707092
1749.082868559312,12.256117472763055,295.3521018510656 1735.6941794666507,-32.86483332260748,241.06338015215553
1749.082868559312,12.256117472763055,295.3521018510656 1796.3980733086828,-13.62705940473748,342.97704336549725
1749.082868559312,12.256117472763055,295.3521018510656 1810.515683096122,49.62330772494508,302.4065253387092
1749.082868559312,12.256117472763055,295.3521018510656 1789.7688602402723,71.47504352824883,284.59146163908775
1749.082868559312,12.256117472763055,295.3521018510656 1803.0857073775162,-11.881662786227462,338.8947644217401
1749.082868559312,12.256117472763055,295.3521018510656 1800.6938352368074,-14.307992922527635,250.1828793923919
1800.6938352368074,-14.307992922527635,250.1828793923919 1784.7079347845531,-59.18751574404453,306.2831415846798
1800.6938352368074,-14.307992922527635,250.1828793923919 1731.3456630893015,-10.57580097584017,274.85253206673747
1800.6938352368074,-14.307992922527635,250.1828793923919 1772.1511202522413,-62.66142794117491,298.0754544245111
1800.6938352368074,-14.307992922527635,250.1828793923919 1795.8170307006476,46.10083849294239,292.64450753514325
1800.6938352368074,-14.307992922527635,250.1828793923919 1816.7860356528454,5.10897019762799,319.9658474358942
1800.6938352368074,-14.307992922527635,250.1828793923919 1761.1924736754127,30.486376520448633,294.38239184447673
1800.6938352368074,-14.307992922527635,250.1828793923919 1789.907844251124,-58.57312874307807,309.001415154895
1800.6938352368074,-14.307992922527635,250.1828793923919 1800.293609630781,-66.68346056859903,303.44393653848584
1800.6938352368074,-14.307992922527635,250.1828793923919 1748.5408304957991,3.5395572010424843,300.8932240083664
1800.6938352368074,-14.307992922527635,250.1828793923919 1758.2186488899422,40.21909254273791,279.80880546167384
1800.6938352368074,-14.307992922527635,250.1828793923919 1806.2631353443676,34.67822953294505,307.62696443040727
1800.6938352368074,-14.307992922527635,250.1828793923919 1836.4208193665904,26.04343851176127,303.62588254709857
1800.6938352368074,-14.307992922527635,250.1828793923919 1738.3419650983903,-46.420937410347435,279.45749444646293
1738.3419650983903,-46.420937410347435,279.45749444646293 1729.203655381717,16.424624669050495,327.61366354707263
1800.6938352368074,-14.307992922527635,250.1828793923919 1794.6258156826293,2.694693905074473,324.31639259210783
1800.6938352368074,-14.307992922527635,250.1828793923919 1822.0229095822592,-69.41208174947734,298.6139642668574
1822.0229095822592,-69.41208174947734,298.6139642668574 1824.473669964029,-10.470576650437117,309.56351906196045
1824.473669964029,-10.470576650437117,309.56351906196045 1826.9245041458078,48.47094137043059,320.5129877800834
1826.9245041458078,48.47094137043059,320.5129877800834 1829.375509274743,107.412489322049,331.4622571130115
1822.0229095822592,-69.41208174947734,298.6139642668574 1824.470930289365,-10.471056496678223,309.5667144587717
1824.470930289365,-10.471056496678223,309.5667144587717 1826.919081029019,48.469991537546356,320.5193129898584
1826.919081029019,48.469991537546356,320.5193129898584 1829.3674114171151,107.41107104471433,331.47170199136986
1822.0229095822592,-69.41208174947734,298.6139642668574 1824.471061028859,-10.470948084560469,309.5661018111414
1824.471061028859,-10.470948084560469,309.5661018111414 1826.919381310341,48.47022354823506,320.51799727962646
1826.919381310341,48.47022354823506,320.51799727962646 1829.3678785590182,107.4114349761762,331.46963901180357
1822.0229095822592,-69.41208174947734,298.6139642668574 1873.7199366741356,-34.122450954504586,350.2606664676379
1822.0229095822592,-69.41208174947734,298.6139642668574 1824.4720932537248,-10.471122101522354,309.5668075105804
1822.0229095822592,-69.41208174947734,298.6139642668574 1772.3680604249062,-32.754020117101,351.60835050273346
1822.0229095822592,-69.41208174947734,298.6139642668574 1824.4747572947324,-10.470711504838398,309.56400154895067
1824.4747572947324,-10.470711504838398,309.56400154895067 1826.9266919874408,48.47066874601474,320.51396549350466
1826.9266919874408,48.47066874601474,320.51396549350466 1829.3788290078116,107.41207227183835,331.46375884494984
1822.0229095822592,-69.41208174947734,298.6139642668574 1858.0441602796175,0.7376218672928161,319.78496048047873
1822.0229095822592,-69.41208174947734,298.6139642668574 1824.471005349845,-10.471277065481317,309.56788458406623
1824.471005349845,-10.471277065481317,309.56788458406623 1826.9193385904057,48.469535887206156,320.52170733320156
1826.9193385904057,48.469535887206156,320.52170733320156 1829.3679273760204,107.41035773664095,331.47542508892957
1822.0229095822592,-69.41208174947734,298.6139642668574 1824.4722219025778,-10.471107017441746,309.5666975693294
1822.0229095822592,-69.41208174947734,298.6139642668574 1854.8944414652594,-21.33011302967096,356.12056541570166
1822.0229095822592,-69.41208174947734,298.6139642668574 1770.6516395397477,-117.039258633038,256.18455658396385
1822.0229095822592,-69.41208174947734,298.6139642668574 1824.4701257316433,-10.471377530124698,309.5686216893869
1824.4701257316433,-10.471377530124698,309.5686216893869 1826.9175344552807,48.46931627136898,320.5232921425784
1826.9175344552807,48.46931627136898,320.5232921425784 1829.3651597514106,107.40999835601738,331.4779772501546
1829.3651597514106,107.40999835601738,331.4779772501546 1848.9864460403733,51.38216689305228,322.766649801129
1848.9864460403733,51.38216689305228,322.766649801129 1853.4093704710751,110.18367367180807,333.8490926739002
1800.6938352368074,-14.307992922527635,250.1828793923919 1807.2769804696766,50.32636967311096,290.572375188927
1800.6938352368074,-14.307992922527635,250.1828793923919 1730.5183667523972,-23.718814373907026,279.41300191358016
1800.6938352368074,-14.307992922527635,250.1828793923919 1781.4809601712036,-61.261876901725955,307.84082083137616
1800.6938352368074,-14.307992922527635,250.1828793923919 1769.0212829789941,-49.778222099429925,310.6173254940479
1800.6938352368074,-14.307992922527635,250.1828793923919 1821.3429223538021,-28.882512218332682,323.0224880440782
1800.6938352368074,-14.307992922527635,250.1828793923919 1828.985345337969,9.333807234825937,318.009833780124
1800.6938352368074,-14.307992922527635,250.1828793923919 1832.481122040341,31.96498841151008,303.90130822393485
1800.6938352368074,-14.307992922527635,250.1828793923919 1845.9143643484315,-11.510399918236644,313.92075839888963
1800.6938352368074,-14.307992922527635,250.1828793923919 1819.085259891502,-71.3045751788075,300.6213082960924
1800.6938352368074,-14.307992922527635,250.1828793923919 1780.612560807653,3.9894429252434946,323.8320223520864
1800.6938352368074,-14.307992922527635,250.1828793923919 1759.4182032750468,-57.69397298059312,301.24821930664547
1800.6938352368074,-14.307992922527635,250.1828793923919 1740.4101964344247,16.986547932229797,290.1325302723884
1800.6938352368074,-14.307992922527635,250.1828793923919 1839.4436989986195,-32.19493862875327,316.5433739033836
1800.6938352368074,-14.307992922527635,250.1828793923919 1759.6058895989343,-8.980054098747352,317.4464935619343
1800.6938352368074,-14.307992922527635,250.1828793923919 1751.5111537188218,-55.92662386118754,296.07147707734885
1800.6938352368074,-14.307992922527635,250.1828793923919 1745.8476881997601,36.280279848394,277.6233023710056
1800.6938352368074,-14.307992922527635,250.1828793923919 1832.6931119551589,29.236086409546505,308.6304579959939
1800.6938352368074,-14.307992922527635,250.1828793923919 1749.4092575852133,-73.72744944269144,265.1237723357804
1800.6938352368074,-14.307992922527635,250.1828793923919 1783.5800960256022,13.191473997604763,323.4420716437348
1800.6938352368074,-14.307992922527635,250.1828793923919 1761.374178324038,52.96019872131605,269.3927069092913
1800.6938352368074,-14.307992922527635,250.1828793923919 1821.3017324328969,26.183339603351666,316.45420851316544
1800.6938352368074,-14.307992922527635,250.1828793923919 1772.7224777027727,-52.34400536678612,315.4451764332042
1800.6938352368074,-14.307992922527635,250.1828793923919 1791.0456320519047,41.75285168079438,307.35381936773973
1800.6938352368074,-14.307992922527635,250.1828793923919 1812.5061283663206,50.61240173994126,296.90048408154036
1800.6938352368074,-14.307992922527635,250.1828793923919 1761.2153583043132,-49.433385239300335,311.5062776485481
1800.6938352368074,-14.307992922527635,250.1828793923919 1831.8995228223325,40.82139445934526,301.53809538077815
1749.082868559312,12.256117472763055,295.3521018510656 1679.3855437091906,-11.286511045857765,286.47305059708765
1749.082868559312,12.256117472763055,295.3521018510656 1721.7217991228706,64.28369702181365,249.4210356152234
1749.082868559312,12.256117472763055,295.3521018510656 1688.4410187496867,50.47766643745682,317.41290977838906
1749.082868559312,12.256117472763055,295.3521018510656 1801.0584750571809,-3.418636463346047,347.67798854418317
1749.082868559312,12.256117472763055,295.3521018510656 1704.4448750538713,73.5097129414011,294.30971134239996
1749.082868559312,12.256117472763055,295.3521018510656 1817.3805025087727,2.580257430416358,327.492744802728
1749.082868559312,12.256117472763055,295.3521018510656 1683.6793101198352,-24.066740042550062,312.2611102600785
1749.082868559312,12.256117472763055,295.3521018510656 1814.4265787775528,-27.672659820863526,287.2965274612168
1749.082868559312,12.256117472763055,295.3521018510656 1806.2212897042539,64.46147977260043,294.60311840277717
1749.082868559312,12.256117472763055,295.3521018510656 1714.7773772971461,-41.07724798003258,250.27965573661714
1749.082868559312,12.256117472763055,295.3521018510656 1802.1018014980896,59.70693380333607,330.3649963271791
1749.082868559312,12.256117472763055,295.3521018510656 1827.1333907790222,28.87029348487018,295.70584846809277
1749.082868559312,12.256117472763055,295.3521018510656 1716.729366965478,-31.70039107473853,353.8420692893453
1749.082868559312,12.256117472763055,295.3521018510656 1753.6414591430296,27.825938797210817,374.76181420298525
1749.082868559312,12.256117472763055,295.3521018510656 1670.8138523431855,15.292414838424957,317.50389633518853
1749.082868559312,12.256117472763055,295.3521018510656 1706.8491868813271,48.6352228673924,235.89516934854828
1797.4593324190446,42.63884929038172,266.27604036181623 1758.9187319281475,77.13149588701339,304.30917650072684
1797.4593324190446,42.63884929038172,266.27604036181623 1798.6037294526,86.15279264442215,313.60168974152276
1797.4593324190446,42.63884929038172,266.27604036181623 1790.3104762563105,0.004980033924837812,314.01079759161524
1797.4593324190446,42.63884929038172,266.27604036181623 1762.4058871002044,2.9936638974642023,303.15103522880236
1797.4593324190446,42.63884929038172,266.27604036181623 1768.0120490154884,90.10103717309933,298.73152097043186
1797.4593324190446,42.63884929038172,266.27604036181623 1783.7597217776251,9.823278794149118,320.3273955833115
1797.4593324190446,42.63884929038172,266.27604036181623 1804.7183498856173,52.657856270645226,330.03675447755825
1804.7183498856173,52.657856270645226,330.03675447755825 1824.1595534457092,8.997502657036264,375.40880673960226
1824.1595534457092,8.997502657036264,375.40880673960226 1878.751294900334,39.11660987330184,344.7032511275239
1797.4593324190446,42.63884929038172,266.27604036181623 1769.0575816326373,-14.5335152472001,279.28310711218796
1797.4593324190446,42.63884929038172,266.27604036181623 1819.6860365977486,58.461793824832085,325.5480451162705
1797.4593324190446,42.63884929038172,266.27604036181623 1838.9970491561426,48.833416184730325,316.67053836765035
1838.9970491561426,48.833416184730325,316.67053836765035 1813.8757483153906,91.15149976762098,367.1517234363453
1797.4593324190446,42.63884929038172,266.27604036181623 1830.189535045993,30.298609695300314,321.89026806242225
1830.189535045993,30.298609695300314,321.89026806242225 1838.8956328559207,107.29976803984212,320.76089898075895
1797.4593324190446,42.63884929038172,266.27604036181623 1738.6329567984164,72.54573229805553,267.29382231589244
1797.4593324190446,42.63884929038172,266.27604036181623 1763.4671983708672,99.43868013619851,265.4076863226707
1797.4593324190446,42.63884929038172,266.27604036181623 1829.670623676068,7.867631178239762,312.7057464405005
1797.4593324190446,42.63884929038172,266.27604036181623 1831.7166312609702,5.34768039633795,309.3040393691005
1797.4593324190446,42.63884929038172,266.27604036181623 1770.184103256631,78.60818279043215,315.1756458990793
1797.4593324190446,42.63884929038172,266.27604036181623 1742.2912402643628,50.532547597048136,302.83275841822575
1797.4593324190446,42.63884929038172,266.27604036181623 1755.2803526915973,16.516406098154118,311.37874683072323
1797.4593324190446,42.63884929038172,266.27604036181623 1780.5080400455206,97.77588673417189,300.846595590064
1797.4593324190446,42.63884929038172,266.27604036181623 1816.176010421925,65.11057844949958,327.05605231587634
1797.4593324190446,42.63884929038172,266.27604036181623 1818.723417320382,97.22049157168206,301.00776964765544
1797.4593324190446,42.63884929038172,266.27604036181623 1838.2447982053047,9.118971887689426,310.7053505017026
1838.2447982053047,9.118971887689426,310.7053505017026 1845.172888576656,-59.138352972509054,355.6156963780763
1845.172888576656,-59.138352972509054,355.6156963780763 1885.2894719847507,-103.48348284150732,350.69947907581366
1885.2894719847507,-103.48348284150732,350.69947907581366 1895.0218529528272,-46.83009787420222,367.894674115084
1885.2894719847507,-103.48348284150732,350.69947907581366 1895.021348993467,-46.82990875758514,367.8943362547715
1885.2894719847507,-103.48348284150732,350.69947907581366 1929.0143818696565,-43.08402660134352,385.0571265716652
1885.2894719847507,-103.48348284150732,350.69947907581366 1895.0220056548785,-46.83009975474665,367.89459388161146
1885.2894719847507,-103.48348284150732,350.69947907581366 1836.958770469263,-57.06817373250556,398.3083266919495
1885.2894719847507,-103.48348284150732,350.69947907581366 1895.0227580523344,-46.82994944614911,367.89367275122663
1885.2894719847507,-103.48348284150732,350.69947907581366 1856.046822578171,-35.265038509541384,314.9102165993372
1845.172888576656,-59.138352972509054,355.6156963780763 1865.9292210749416,-91.65848418412807,428.31305346345795
1845.172888576656,-59.138352972509054,355.6156963780763 1910.6200143827446,-65.77061282900911,405.40461937222915
1797.4593324190446,42.63884929038172,266.27604036181623 1781.806271335054,17.19717869015968,329.1398858993792
1781.806271335054,17.19717869015968,329.1398858993792 1805.3737609866587,-7.989337638473547,265.5416522230506
1797.4593324190446,42.63884929038172,266.27604036181623 1755.4966500525397,82.88326611630302,306.32451352808357
1755.4966500525397,82.88326611630302,306.32451352808357 1752.0887206025063,141.89587569075465,347.695039607369
1797.4593324190446,42.63884929038172,266.27604036181623 1746.4078943076763,89.42712499993866,281.2537044950361
1746.4078943076763,89.42712499993866,281.2537044950361 1704.0836203615625,35.76786666535825,256.3157348520005
1797.4593324190446,42.63884929038172,266.27604036181623 1752.481175529177,-17.106849375219397,273.1627590107466
1797.4593324190446,42.63884929038172,266.27604036181623 1820.016504492331,22.615114894039266,335.27106952247925
1797.4593324190446,42.63884929038172,266.27604036181623 1752.3237448868447,87.25601019104857,307.17026600905143
1752.3237448868447,87.25601019104857,307.17026600905143 1823.122902572097,75.18885155533955,345.16270543480056
1797.4593324190446,42.63884929038172,266.27604036181623 1796.812285357397,94.17364706498842,324.2890212232601
1796.812285357397,94.17364706498842,324.2890212232601 1806.6816646640075,18.401682195842454,349.45660338704715
1797.4593324190446,42.63884929038172,266.27604036181623 1734.8857243969862,-4.881704577420251,268.3498145054893
1797.4593324190446,42.63884929038172,266.27604036181623 1833.0808263181837,96.72322198040237,314.5103881144328
1749.430806710619,82.4394740640738,264.5640281250478 1801.4694239399485,56.925461420163366,288.87739843164434
1801.4694239399485,56.925461420163366,288.87739843164434 1760.3122080050703,104.44842092229102,272.1694842395946
1749.430806710619,82.4394740640738,264.5640281250478 1770.208066581317,30.57670312035407,293.56852712614614
1770.208066581317,30.57670312035407,293.56852712614614 1799.609543047304,75.55486807175774,327.77682815417614
1749.430806710619,82.4394740640738,264.5640281250478 1784.4049841254687,55.02308953385534,311.7253340171219
1749.430806710619,82.4394740640738,264.5640281250478 1787.3323340050172,63.807181404260184,314.62960411285604
1749.430806710619,82.4394740640738,264.5640281250478 1784.082839738203,40.91407751033445,302.04092831849863
1784.082839738203,40.91407751033445,302.04092831849863 1772.6669899437904,-9.781720752555962,360.34379627505433
1784.082839738203,40.91407751033445,302.04092831849863 1827.1667392103197,97.36447667746418,335.26275909508416
1784.082839738203,40.91407751033445,302.04092831849863 1749.896579978446,-5.087900686382021,247.09115447340375
1749.430806710619,82.4394740640738,264.5640281250478 1803.0284446209619,87.3493469457686,304.29809862779547
1749.430806710619,82.4394740640738,264.5640281250478 1720.4545871341597,120.38164888016638,312.42351066802803
1749.430806710619,82.4394740640738,264.5640281250478 1782.0358552223279,50.53227031208957,320.84762840326715
1805.3302308425825,60.09208096517108,271.5072552852357 1762.514265732415,18.495948892695836,260.505213279585
1805.3302308425825,60.09208096517108,271.5072552852357 1804.332053415224,71.77169630123592,331.16653978836285
1804.332053415224,71.77169630123592,331.16653978836285 1772.278090472743,21.5929803879308,348.08546200503673
1772.278090472743,21.5929803879308,348.08546200503673 1717.4153370505312,32.84214916239929,374.6849824672008
1717.4153370505312,32.84214916239929,374.6849824672008 1659.3001739272247,33.40138827815893,344.80292151480285
1772.278090472743,21.5929803879308,348.08546200503673 1833.5671205860792,-4.670462669161807,334.7480579640187
1833.5671205860792,-4.670462669161807,334.7480579640187 1794.2082942556976,50.00928244221115,381.0521697085489
1805.3302308425825,60.09208096517108,271.5072552852357 1764.8937977010885,15.60288179754479,261.79046403417135
1764.8937977010885,15.60288179754479,261.79046403417135 1710.3728538243672,36.84916552461236,282.5864277430342
1805.3302308425825,60.09208096517108,271.5072552852357 1802.1447103189869,6.29597413638718,300.3003334301617
1805.3302308425825,60.09208096517108,271.5072552852357 1829.3764509589435,11.436149575318346,300.2185708019698
1805.3302308425825,60.09208096517108,271.5072552852357 1831.0990284045242,15.126398052174295,304.61777374054657
1805.3302308425825,60.09208096517108,271.5072552852357 1762.356270733673,103.36584143736769,262.8365916916697
1805.3302308425825,60.09208096517108,271.5072552852357 1803.2070840834242,17.542762513732427,316.27652763979967
1803.2070840834242,17.542762513732427,316.27652763979967 1760.3945118168763,38.49441449330782,275.0040860443676
1803.2070840834242,17.542762513732427,316.27652763979967 1737.0767670755026,-7.150751497735996,325.1834933519323
1737.0767670755026,-7.150751497735996,325.1834933519323 1690.239248902159,-64.28292146213583,350.2067234895562
1805.3302308425825,60.09208096517108,271.5072552852357 1747.7003818878356,83.29279350015797,296.05857800564974
1771.7212784914293,108.51232227670891,283.99649277958906 1765.934607372372,157.5005120347071,249.3156378075122
1771.7212784914293,108.51232227670891,283.99649277958906 1728.0427374083301,87.83953251783524,321.71268045063323
1728.0427374083301,87.83953251783524,321.71268045063323 1675.4624694126223,133.49322373854108,332.06719132386644
1771.7212784914293,108.51232227670891,283.99649277958906 1826.8392583138466,121.67837087780202,308.4004568946512
1771.7212784914293,108.51232227670891,283.99649277958906 1773.1324757038074,170.11328313595223,292.4917940482749
1773.1324757038074,170.11328313595223,292.4917940482749 1743.798445644297,115.01171607946586,262.1653701181903
1771.7212784914293,108.51232227670891,283.99649277958906 1816.450977594127,65.57647584038037,293.65721785476427
1816.450977594127,65.57647584038037,293.65721785476427 1802.0434969659127,101.56850664517793,362.7197852881718
1735.8541587833465,117.59991934245032,331.22958820447934 1685.7829434258038,82.5180332259581,343.2055916750874
1685.7829434258038,82.5180332259581,343.2055916750874 1633.9635949797316,118.04842055493349,354.2865078320444
1741.0927342214227,58.80007686686088,320.4994506366076 1801.5132556026706,51.800669528984514,313.7312239163627
1746.330582603926,0.0,309.770242614896 1801.8222221277292,-38.17824105338163,328.4547242247796
1801.8222221277292,-38.17824105338163,328.4547242247796 1828.5205786602085,-44.71536241004963,397.6985961762577
1709.7479369529444,0.0,357.327681961172 1764.6391974000592,-39.87525922940725,384.40563845560644
1673.165291301963,0.0,404.885121307448 1699.7489136404372,-44.70763355357231,441.3102297548479
1600.0,0.0,500.0 1558.8798542953662,-38.02044832027699,524.1780711959169
1600.0,0.0,500.0 1559.651119234441,42.71744010619969,537.4870395168767
1600.0,0.0,500.0 1558.4676804470253,-46.57626391091217,457.32590864880046
目标树
2200.0,0.0,-280.0 2164.1328802919174,9.087597065741413,-232.76690457510972
2164.1328802919174,9.087597065741413,-232.76690457510972 2130.9958772924624,-27.389422657192902,-198.45409990474266
2130.9958772924624,-27.389422657192902,-198.45409990474266 2159.6849904731307,-79.56827280048347,-206.59734143565868
2130.9958772924624,-27.389422657192902,-198.45409990474266 2090.4806494456984,-59.81501893550663,-228.96863772724
2130.9958772924624,-27.389422657192902,-198.45409990474266 2186.8644162515293,-5.063094690613408,-203.18315204105568
2186.8644162515293,-5.063094690613408,-203.18315204105568 2230.560313704267,14.626063440047737,-161.98551135732714
2130.9958772924624,-27.389422657192902,-198.45409990474266 2175.0855055757597,5.464836680124002,-223.57191870409264
2175.0855055757597,5.464836680124002,-223.57191870409264 2219.8728490776334,47.887889133153635,-220.84410224900375
2219.8728490776334,47.887889133153635,-220.84410224900375 2162.5242491783347,31.151776773692085,-178.02715895920875
2130.9958772924624,-27.389422657192902,-198.45409990474266 2122.7381171755596,12.498218447538946,-243.5245778803731
2130.9958772924624,-27.389422657192902,-198.45409990474266 2172.926102233225,-65.78716197048993,-176.77018070075323
2130.9958772924624,-27.389422657192902,-198.45409990474266 2154.5561075174414,6.5116734893621455,-243.293075493041
2154.5561075174414,6.5116734893621455,-243.293075493041 2143.772355432584,61.46965702344419,-191.84472044800813
2130.9958772924624,-27.389422657192902,-198.45409990474266 2173.0564458185227,-38.84597556319553,-241.19469501965108
2173.0564458185227,-38.84597556319553,-241.19469501965108 2123.471706787542,-10.086479805198195,-204.51980498607043
2130.9958772924624,-27.389422657192902,-198.45409990474266 2183.9822066064744,-57.16506393372565,-205.17589969336242
2183.9822066064744,-57.16506393372565,-205.17589969336242 2204.617186524225,-28.458400155006046,-265.76589522471636
2204.617186524225,-28.458400155006046,-265.76589522471636 2239.9868126949314,-83.13542530951065,-234.5849320452691
2183.9822066064744,-57.16506393372565,-205.17589969336242 2235.2849531831444,-8.08809143879953,-239.01820257632335
2130.9958772924624,-27.389422657192902,-198.45409990474266 2118.4280962762145,19.70951429794716,-235.70411356948344
2130.9958772924624,-27.389422657192902,-198.45409990474266 2085.9022262910676,-51.89338669207435,-232.25085841708565
2130.9958772924624,-27.389422657192902,-198.45409990474266 2089.1909093911327,-22.675228742950253,-243.38208154767554
2130.9958772924624,-27.389422657192902,-198.45409990474266 2122.6854698046204,-10.433418994853927,-257.1410112835906
2130.9958772924624,-27.389422657192902,-198.45409990474266 2139.613128338315,-73.54101059899372,-238.71818333977149
2139.613128338315,-73.54101059899372,-238.71818333977149 2099.1939661359656,-49.320019514096344,-281.952861755662
2130.9958772924624,-27.389422657192902,-198.45409990474266 2180.9113954080176,-60.29660773448804,-181.47821343173837
2130.9958772924624,-27.389422657192902,-198.45409990474266 2115.1849882534825,-73.26959945290295,-237.60186695461965
2130.9958772924624,-27.389422657192902,-198.45409990474266 2165.0516005490535,-73.6287767379989,-173.78874266710463
2130.9958772924624,-27.389422657192902,-198.45409990474266 2188.102590056958,-23.925207385962548,-173.04578296347393
2130.9958772924624,-27.389422657192902,-198.45409990474266 2118.2354353145797,1.875635565591125,-252.53337031167524
2118.2354353145797,1.875635565591125,-252.53337031167524 2091.147242231098,59.72642331688071,-269.7187900629419
2130.9958772924624,-27.389422657192902,-198.45409990474266 2131.285823290844,30.868858231580617,-222.43093537572938
2131.285823290844,30.868858231580617,-222.43093537572938 2159.059433035205,-7.303626073472451,-172.72589997942023
2159.059433035205,-7.303626073472451,-172.72589997942023 2145.3070331299564,-49.482640147721156,-227.4525367166651
2130.9958772924624,-27.389422657192902,-198.45409990474266 2099.732906566411,-74.56883722096569,-226.69045949307662
2130.9958772924624,-27.389422657192902,-198.45409990474266 2168.0216868493953,23.907497772587377,-195.14685315336257
2130.9958772924624,-27.389422657192902,-198.45409990474266 2186.0572902256486,-16.09177824223532,-168.80268279738794
2130.9958772924624,-27.389422657192902,-198.45409990474266 2118.145446580961,-28.654311051947733,-260.780570909266
2118.145446580961,-28.654311051947733,-260.780570909266 2068.2537344192765,-48.796228511642454,-218.46600227596434
2068.2537344192765,-48.796228511642454,-218.46600227596434 2126.071421216452,-64.75653420149352,-216.92206713801173
2126.071421216452,-64.75653420149352,-216.92206713801173 2183.9203684119557,-80.64985094337683,-215.9724402038965
2183.9203684119557,-80.64985094337683,-215.9724402038965 2139.4277505556743,-48.06860421791979,-168.29352119234923
2068.2537344192765,-48.796228511642454,-218.46600227596434 2126.0707143654427,-64.7585372337775,-216.91631515791312
2126.0707143654427,-64.7585372337775,-216.91631515791312 2183.9193898776257,-80.65270497016192,-215.96438372454045
2068.2537344192765,-48.796228511642454,-218.46600227596434 2126.075762159603,-64.7534081247816,-217.0583351310311
2126.075762159603,-64.7534081247816,-217.0583351310311 2183.9260096004928,-80.64534755223292,-216.16663324022917
2068.2537344192765,-48.796228511642454,-218.46600227596434 2126.0708806173734,-64.77114828662052,-217.05903969973394
2126.0708806173734,-64.77114828662052,-217.05903969973394 2183.9189855259146,-80.67086487058833,-216.1669797017978
2068.2537344192765,-48.796228511642454,-218.46600227596434 2115.9802348031276,-83.65044030813095,-259.5922114515702
2115.9802348031276,-83.65044030813095,-259.5922114515702 2188.0315317015943,-72.76021064688143,-277.12834595077203
2188.0315317015943,-72.76021064688143,-277.12834595077203 2152.1016789456953,-120.69001776705288,-324.3071735152891
2068.2537344192765,-48.796228511642454,-218.46600227596434 2126.0983649386862,-64.66271396754924,-216.96488291014148
2126.0983649386862,-64.66271396754924,-216.96488291014148 2183.9587069164495,-80.51550448671527,-216.03222060697837
2068.2537344192765,-48.796228511642454,-218.46600227596434 2126.0771508410185,-64.73729752670634,-216.9379865774956
2126.0771508410185,-64.73729752670634,-216.9379865774956 2183.9284627242305,-80.62236628801514,-215.9944274432551
2068.2537344192765,-48.796228511642454,-218.46600227596434 2126.064159995656,-64.77466961999957,-216.8399289613044
2126.064159995656,-64.77466961999957,-216.8399289613044 2183.910305888153,-80.67598599540017,-215.85426019675302
2068.2537344192765,-48.796228511642454,-218.46600227596434 2126.078117163986,-64.73644537565522,-216.96592010435842
2126.078117163986,-64.73644537565522,-216.96592010435842 2183.9297377075923,-80.62110749262044,-216.03451798474032
2068.2537344192765,-48.796228511642454,-218.46600227596434 2125.968400469411,-65.00352275242699,-215.94788073121958
2125.968400469411,-65.00352275242699,-215.94788073121958 2183.779554815164,-81.0038943846774,-214.58459761998233
2183.779554815164,-81.0038943846774,-214.58459761998233 2152.825043464073,-19.108156859069467,-178.063392777096
2068.2537344192765,-48.796228511642454,-218.46600227596434 2126.059025024462,-64.80228733529029,-216.93157763330737
2126.059025024462,-64.80228733529029,-216.93157763330737 2183.902582880873,-80.71542585491257,-215.9856194062628
2068.2537344192765,-48.796228511642454,-218.46600227596434 2126.0694340138143,-64.76376909196556,-216.9224582338591
2126.0694340138143,-64.76376909196556,-216.9224582338591 2183.917494982347,-80.66028459502068,-215.9723861091869
2068.2537344192765,-48.796228511642454,-218.46600227596434 2126.053865850613,-64.80251912806438,-216.75034869120987
2126.053865850613,-64.80251912806438,-216.75034869120987 2183.896045167885,-80.71587049885889,-215.72685468626202
2183.896045167885,-80.71587049885889,-215.72685468626202 2218.4667399721266,-132.76165771447083,-263.00079670360464
2183.896045167885,-80.71587049885889,-215.72685468626202 2121.6665035338538,-69.12354503153715,-166.56259288688278
2121.6665035338538,-69.12354503153715,-166.56259288688278 2126.6712553038556,-143.17455212556527,-196.95076177019453
2121.6665035338538,-69.12354503153715,-166.56259288688278 2141.9345315184273,-146.47660150655656,-159.2276289749863
2121.6665035338538,-69.12354503153715,-166.56259288688278 2162.277903785211,-67.97492177576548,-236.05823904000647
2121.6665035338538,-69.12354503153715,-166.56259288688278 2200.881173747383,-81.46843446306009,-158.2559854033718
2121.6665035338538,-69.12354503153715,-166.56259288688278 2173.606573252034,-124.21726321883666,-194.4803537922414
2121.6665035338538,-69.12354503153715,-166.56259288688278 2156.356817472531,-112.55381645759545,-225.20586737505164
2121.6665035338538,-69.12354503153715,-166.56259288688278 2070.3678680817043,-129.33362739289151,-183.533331903974
2070.3678680817043,-129.33362739289151,-183.533331903974 2118.4353719844526,-163.83769643599064,-173.58424712052127
2118.4353719844526,-163.83769643599064,-173.58424712052127 2166.5209381825084,-198.3406753871646,-163.7190169201039
2166.5209381825084,-198.3406753871646,-163.7190169201039 2128.822842272409,-179.37630216746223,-121.06686441713188
2128.822842272409,-179.37630216746223,-121.06686441713188 2174.3432276756726,-213.57709591500753,-102.14068625628208
2174.3432276756726,-213.57709591500753,-102.14068625628208 2133.64559559265,-191.8728437384733,-63.765848402653006
2133.64559559265,-191.8728437384733,-63.765848402653006 2092.9479635096272,-170.16859156193908,-25.39101054902394
2092.9479635096272,-170.16859156193908,-25.39101054902394 2052.2503314266046,-148.46433938540488,12.983827304605114
2052.2503314266046,-148.46433938540488,12.983827304605114 2011.5526993435817,-126.76008720887069,51.35866515823415
2052.2503314266046,-148.46433938540488,12.983827304605114 1994.7354778852223,-166.1840250396521,67.19687335837168
1994.7354778852223,-166.1840250396521,67.19687335837168 1960.708593164455,-147.11854653455984,112.78940175471604
1960.708593164455,-147.11854653455984,112.78940175471604 1926.6817084436875,-128.05306802946757,158.38193015106037
1926.6817084436875,-128.05306802946757,158.38193015106037 1909.5822050211993,-203.77689652597587,134.91453190294774
1926.6817084436875,-128.05306802946757,158.38193015106037 1967.2569941927793,-196.19041156832418,176.28831453895907
1926.6817084436875,-128.05306802946757,158.38193015106037 1941.3598524050092,-166.35294950839062,229.039988209225
1941.3598524050092,-166.35294950839062,229.039988209225 1988.0468710992043,-124.96374163534517,176.1391776569328
1941.3598524050092,-166.35294950839062,229.039988209225 1911.6972175425092,-127.68603918121728,294.92474091244253
1911.6972175425092,-127.68603918121728,294.92474091244253 1954.1178900038371,-179.56685975037504,342.2646765376563
1911.6972175425092,-127.68603918121728,294.92474091244253 1967.8761993199757,-172.30632702781404,334.9444163100981
1911.6972175425092,-127.68603918121728,294.92474091244253 1982.6469130464554,-120.44124918647725,253.75222306583515
1911.6972175425092,-127.68603918121728,294.92474091244253 1885.2349942868148,-174.7357363867488,357.2471223915979
1885.2349942868148,-174.7357363867488,357.2471223915979 1897.7392130673713,-121.06141431540945,380.96866666826986
1941.3598524050092,-166.35294950839062,229.039988209225 2006.3491164157808,-134.37062259269004,268.0090634920087
1960.708593164455,-147.11854653455984,112.78940175471604 1887.6521519885312,-118.18482778031569,91.3488135687804
1960.708593164455,-147.11854653455984,112.78940175471604 2031.5678600638053,-181.64311289873487,91.6806686839677
2068.2537344192765,-48.796228511642454,-218.46600227596434 2126.061040597404,-64.80211181717608,-217.00756062891378
2126.061040597404,-64.80211181717608,-217.00756062891378 2183.905108842198,-80.71525806708817,-216.09347894736365
2068.2537344192765,-48.796228511642454,-218.46600227596434 2126.0243325994957,-64.8932674430453,-216.61038282667892
2126.0243325994957,-64.8932674430453,-216.61038282667892 2183.8546714798877,-80.84570876680172,-215.52801468636903
2068.2537344192765,-48.796228511642454,-218.46600227596434 2126.054162628741,-64.81535281854691,-216.8854469170765
2126.054162628741,-64.81535281854691,-216.8854469170765 2183.8958633830302,-80.73408357185346,-215.92021893625622
2068.2537344192765,-48.796228511642454,-218.46600227596434 2126.0493398785256,-64.84288632838609,-216.99197293054354
2126.0493398785256,-64.84288632838609,-216.99197293054354 2183.8884923315677,-80.77354900509053,-216.07195652045112
2118.145446580961,-28.654311051947733,-260.780570909266 2182.1800658625607,17.25234202208671,-273.1178816778521
2130.9958772924624,-27.389422657192902,-198.45409990474266 2170.3583431870607,-74.24392791581681,-180.2311990471362
2130.9958772924624,-27.389422657192902,-198.45409990474266 2105.4495251244516,-68.59922849167484,-240.3054833226445
2130.9958772924624,-27.389422657192902,-198.45409990474266 2188.6566744735333,-16.42769999876579,-224.34416759107947
2130.9958772924624,-27.389422657192902,-198.45409990474266 2182.392703599097,-63.00510870798509,-183.69091418021105
2130.9958772924624,-27.389422657192902,-198.45409990474266 2093.894727144227,-48.418754750915,-246.64325168571952
2130.9958772924624,-27.389422657192902,-198.45409990474266 2161.61549721097,-82.64547264289092,-185.68655056964502
2130.9958772924624,-27.389422657192902,-198.45409990474266 2120.673028235064,-69.00735071480844,-246.70437815812974
2120.673028235064,-69.00735071480844,-246.70437815812974 2068.9224529700055,-33.06141030406434,-286.1719576091505
2120.673028235064,-69.00735071480844,-246.70437815812974 2178.096417468873,-108.45604476636485,-214.98281756396895
2130.9958772924624,-27.389422657192902,-198.45409990474266 2094.338425628605,-52.09330004786744,-245.76701758457344
2130.9958772924624,-27.389422657192902,-198.45409990474266 2175.034124112548,-73.72451552311688,-187.24241019625538
2130.9958772924624,-27.389422657192902,-198.45409990474266 2121.45647832315,-58.251433681116154,-254.8592073229852
2130.9958772924624,-27.389422657192902,-198.45409990474266 2193.1566712072827,-8.227046516804204,-195.83703274216057
2130.9958772924624,-27.389422657192902,-198.45409990474266 2139.024638865372,22.189897182034564,-240.0289725068917
2130.9958772924624,-27.389422657192902,-198.45409990474266 2083.6589732305506,-32.506500518364646,-243.14328235414575
2164.1328802919174,9.087597065741413,-232.76690457510972 2198.708034922487,58.13328736139604,-224.68102517365077
2164.1328802919174,9.087597065741413,-232.76690457510972 2122.611132717153,-26.577457125865166,-205.28034626295866
2122.611132717153,-26.577457125865166,-205.28034626295866 2182.0910101871596,-33.3656976636362,-201.2723584193725
2182.0910101871596,-33.3656976636362,-201.2723584193725 2223.7157215819598,10.319706315403003,-228.6225207678426
2122.611132717153,-26.577457125865166,-205.28034626295866 2182.0897154398867,-33.3422097618315,-201.2138589496762
2182.0897154398867,-33.3422097618315,-201.2138589496762 2132.477460262793,4.989733224919476,-201.9729920759555
2132.477460262793,4.989733224919476,-201.9729920759555 2150.7435366741643,-70.18306465527387,-223.87187130292432
2122.611132717153,-26.577457125865166,-205.28034626295866 2182.0901174742153,-33.384899940909904,-201.2917256255654
2182.0901174742153,-33.384899940909904,-201.2917256255654 2164.3347368141394,13.02946157687817,-157.10232075842748
2182.0901174742153,-33.384899940909904,-201.2917256255654 2216.362278603594,6.78585701053256,-156.02659823736545
2122.611132717153,-26.577457125865166,-205.28034626295866 2182.086184690303,-33.36913624010942,-201.20710583300098
2164.1328802919174,9.087597065741413,-232.76690457510972 2192.203660754209,58.64203930763989,-257.14293867280827
2192.203660754209,58.64203930763989,-257.14293867280827 2194.6235957949602,41.53416961335591,-196.4545978739207
2192.203660754209,58.64203930763989,-257.14293867280827 2238.994036048574,37.972523816033245,-217.28124767562778
2164.1328802919174,9.087597065741413,-232.76690457510972 2174.850579435037,62.996752990326115,-261.56163208860374
2174.850579435037,62.996752990326115,-261.56163208860374 2238.1977681212843,54.248080215364794,-234.72850125700722
2164.1328802919174,9.087597065741413,-232.76690457510972 2196.938648547391,29.487106599201002,-183.95395465439276
2164.1328802919174,9.087597065741413,-232.76690457510972 2128.052477307078,-27.56524626500049,-268.97717378459856
2164.1328802919174,9.087597065741413,-232.76690457510972 2182.286197381322,66.61573594685849,-251.4455773204208
2182.286197381322,66.61573594685849,-251.4455773204208 2176.622958896713,121.085935111425,-211.7284823506368
2164.1328802919174,9.087597065741413,-232.76690457510972 2133.1725522985375,-16.53531518058458,-281.8670772688934
2133.1725522985375,-16.53531518058458,-281.8670772688934 2127.6413478833306,-47.92927448230911,-355.0780572997513
2164.1328802919174,9.087597065741413,-232.76690457510972 2111.7807597342185,43.87271220191157,-222.1220119934303
2111.7807597342185,43.87271220191157,-222.1220119934303 2170.618433589892,55.62407978156971,-222.30502909963403
2111.7807597342185,43.87271220191157,-222.1220119934303 2170.626866975382,55.579440167830704,-222.41896803971215
2111.7807597342185,43.87271220191157,-222.1220119934303 2170.6276699301234,55.57562582000591,-222.41006275720866
2170.6276699301234,55.57562582000591,-222.41006275720866 2176.051071481238,106.95320706342804,-180.22213958966137
2111.7807597342185,43.87271220191157,-222.1220119934303 2170.626068756969,55.583391744847596,-222.4213289820495
2164.1328802919174,9.087597065741413,-232.76690457510972 2171.3501790404034,-51.899757360835544,-252.96778818999536
2164.1328802919174,9.087597065741413,-232.76690457510972 2144.810694881448,-19.315367306538825,-177.11544668018684
2144.810694881448,-19.315367306538825,-177.11544668018684 2104.7566536793297,-50.4483662632242,-218.7847718408131
2144.810694881448,-19.315367306538825,-177.11544668018684 2187.871760418465,28.53022887021725,-190.5171652754818
2144.810694881448,-19.315367306538825,-177.11544668018684 2179.839104398231,-67.84447193449708,-204.57740274185838
2164.1328802919174,9.087597065741413,-232.76690457510972 2208.054587909281,25.057112692041883,-186.80321596511953
2164.1328802919174,9.087597065741413,-232.76690457510972 2121.4478121668617,20.484521665451254,-183.66804950874575
2121.4478121668617,20.484521665451254,-183.66804950874575 2180.4636992746355,25.72838798150719,-174.20089920140353
2121.4478121668617,20.484521665451254,-183.66804950874575 2178.0010835452126,30.502379538704055,-216.38776864014767
2121.4478121668617,20.484521665451254,-183.66804950874575 2180.4597214361065,25.754299692794348,-174.1904968741806
2121.4478121668617,20.484521665451254,-183.66804950874575 2138.413548720006,45.431203245618505,-242.70631558547768
2121.4478121668617,20.484521665451254,-183.66804950874575 2180.461096023968,25.713107629855525,-174.17625214399823
2121.4478121668617,20.484521665451254,-183.66804950874575 2106.205097635179,-0.053110111001746674,-244.94467910535786
2121.4478121668617,20.484521665451254,-183.66804950874575 2180.461679703129,25.711992976534688,-174.17926760042474
2121.4478121668617,20.484521665451254,-183.66804950874575 2180.4550130546872,25.746969776117183,-174.15716714871402
2180.4550130546872,25.746969776117183,-174.15716714871402 2150.354880476689,88.82553435997114,-183.76857749410073
2121.4478121668617,20.484521665451254,-183.66804950874575 2161.3558854048433,-26.49421276211897,-208.88519054447158
2121.4478121668617,20.484521665451254,-183.66804950874575 2180.4562391251397,25.73583349746922,-174.15861882376373
2121.4478121668617,20.484521665451254,-183.66804950874575 2130.1651225641426,-8.069384004202622,-243.3693515920832
2121.4478121668617,20.484521665451254,-183.66804950874575 2180.455937550077,25.749943358206295,-174.16455156555816
2121.4478121668617,20.484521665451254,-183.66804950874575 2125.117484032735,-25.161751232089166,-232.57562846088805
2125.117484032735,-25.161751232089166,-232.57562846088805 2152.784119175028,-68.04530096589056,-182.92687759914205
2121.4478121668617,20.484521665451254,-183.66804950874575 2160.61244234505,74.95850707554837,-182.60660872084748
2121.4478121668617,20.484521665451254,-183.66804950874575 2187.618764102691,7.674507361135857,-183.406031514411
2121.4478121668617,20.484521665451254,-183.66804950874575 2111.6789727880837,-22.92533114569148,-234.49281666125225
2121.4478121668617,20.484521665451254,-183.66804950874575 2161.484193829174,58.13317088355231,-223.2878659576138
2161.484193829174,58.13317088355231,-223.2878659576138 2188.3402904558297,13.670161718182285,-171.85440515688774
2121.4478121668617,20.484521665451254,-183.66804950874575 2136.0510774964073,73.57431581897376,-223.31449825830512
2121.4478121668617,20.484521665451254,-183.66804950874575 2166.890630713868,31.021186506139728,-233.07585695391353
2121.4478121668617,20.484521665451254,-183.66804950874575 2183.8790626421564,39.08079615854098,-203.86105669114968
2121.4478121668617,20.484521665451254,-183.66804950874575 2180.465818666267,25.71730856252693,-174.2079834346661
2121.4478121668617,20.484521665451254,-183.66804950874575 2178.1439786597757,22.352350952662665,-222.33170710553227
2121.4478121668617,20.484521665451254,-183.66804950874575 2180.4574120887487,25.732168819572955,-174.16387587793236
2121.4478121668617,20.484521665451254,-183.66804950874575 2179.323090558804,57.56214887935596,-185.1727791329057
2121.4478121668617,20.484521665451254,-183.66804950874575 2180.457322748847,25.725361361207547,-174.1595659199756
2121.4478121668617,20.484521665451254,-183.66804950874575 2080.3916660492555,17.38041596672635,-238.975010135604
2121.4478121668617,20.484521665451254,-183.66804950874575 2180.46167632814,25.713305118973587,-174.1799696002314
2121.4478121668617,20.484521665451254,-183.66804950874575 2165.117359211995,-31.81045989074486,-194.89783423107772
2121.4478121668617,20.484521665451254,-183.66804950874575 2180.4652499288777,25.71129851949191,-174.2011152782442
2121.4478121668617,20.484521665451254,-183.66804950874575 2110.303053277343,70.61113470154714,-229.98046161202464
2121.4478121668617,20.484521665451254,-183.66804950874575 2180.462883152679,25.696632882711583,-174.1783027682957
2121.4478121668617,20.484521665451254,-183.66804950874575 2144.5486475318467,72.39418412434225,-223.6060120111544
2121.4478121668617,20.484521665451254,-183.66804950874575 2180.456427058206,25.71917240412676,-174.15060235895345
2121.4478121668617,20.484521665451254,-183.66804950874575 2113.468294264789,-40.2690313054946,-216.78082039033922
2121.4478121668617,20.484521665451254,-183.66804950874575 2180.4076943519844,25.751049334795084,-173.87029573430834
2121.4478121668617,20.484521665451254,-183.66804950874575 2095.0019797920095,-3.242210020282343,-243.69073399981426
2121.4478121668617,20.484521665451254,-183.66804950874575 2076.9050073294075,18.351053003576297,-237.43057687382753
2121.4478121668617,20.484521665451254,-183.66804950874575 2180.4594340187855,25.69394425457486,-174.15540515013092
2121.4478121668617,20.484521665451254,-183.66804950874575 2186.1751575653743,-5.852284143469806,-180.54620431003403
2121.4478121668617,20.484521665451254,-183.66804950874575 2180.459887770491,25.72421736861961,-174.17486659205667
2121.4478121668617,20.484521665451254,-183.66804950874575 2173.902626692224,58.61789215426132,-210.15089279025293
2121.4478121668617,20.484521665451254,-183.66804950874575 2126.4923559396957,-2.4234604769568335,-249.88616962920065
2121.4478121668617,20.484521665451254,-183.66804950874575 2180.4625883585863,25.697434363406344,-174.17690983828848
2164.1328802919174,9.087597065741413,-232.76690457510972 2123.1098280488354,25.970710128014268,-182.75698377945338
2123.1098280488354,25.970710128014268,-182.75698377945338 2169.520544505749,-2.7726322583292777,-221.51479804209362
2123.1098280488354,25.970710128014268,-182.75698377945338 2181.9706660465667,32.54892671831523,-173.15860804728214
2123.1098280488354,25.970710128014268,-182.75698377945338 2181.963161229668,32.573458277728726,-173.12947681361138
2123.1098280488354,25.970710128014268,-182.75698377945338 2181.9635147336885,32.558161426337925,-173.1211626419801
2123.1098280488354,25.970710128014268,-182.75698377945338 2157.4008456825454,-31.785202760085717,-189.4376002260662
2123.1098280488354,25.970710128014268,-182.75698377945338 2181.956938268958,32.589722399216235,-173.10264303062644
2123.1098280488354,25.970710128014268,-182.75698377945338 2098.8903548187336,-8.516202145515187,-235.86922340737905
2123.1098280488354,25.970710128014268,-182.75698377945338 2119.306987558572,-11.187177537927589,-239.46006824944317
2123.1098280488354,25.970710128014268,-182.75698377945338 2181.9651792925174,32.57011520230519,-173.13952659742134
2123.1098280488354,25.970710128014268,-182.75698377945338 2106.8806423194123,44.21433748667084,-246.38249824777262
2123.1098280488354,25.970710128014268,-182.75698377945338 2117.720589835825,72.23294069702442,-232.6451049533672
2117.720589835825,72.23294069702442,-232.6451049533672 2142.6551895610787,119.7781355267827,-288.3294176917099
2123.1098280488354,25.970710128014268,-182.75698377945338 2145.947278056091,87.02904656941436,-203.30091057485515
2145.947278056091,87.02904656941436,-203.30091057485515 2127.6882967284837,42.103717379818356,-260.3171091335489
2123.1098280488354,25.970710128014268,-182.75698377945338 2181.961530695576,32.567160557776575,-173.11520296327046
2123.1098280488354,25.970710128014268,-182.75698377945338 2181.9647113070127,32.582035002509045,-173.1448508179204
2123.1098280488354,25.970710128014268,-182.75698377945338 2181.967311185294,32.56207323810275,-173.14706124113647
2123.1098280488354,25.970710128014268,-182.75698377945338 2181.9588840568617,32.558257335711424,-173.09298725883463
2123.1098280488354,25.970710128014268,-182.75698377945338 2181.9656114298296,32.56292343352953,-173.13723917036577
2123.1098280488354,25.970710128014268,-182.75698377945338 2181.9506161561385,32.602244117600705,-173.07274855634952
2181.9506161561385,32.602244117600705,-173.07274855634952 2215.3991648226656,99.3389730037855,-173.23433344027677
2123.1098280488354,25.970710128014268,-182.75698377945338 2181.9568750160915,32.571026899526466,-173.08946694474997
2123.1098280488354,25.970710128014268,-182.75698377945338 2181.9618896953084,32.5694685236424,-173.11897425487376
2123.1098280488354,25.970710128014268,-182.75698377945338 2181.9640204415814,32.57196414899169,-173.13370558810107
2123.1098280488354,25.970710128014268,-182.75698377945338 2181.9661312148364,32.56410519478805,-173.14123008433208
2123.1098280488354,25.970710128014268,-182.75698377945338 2181.952953872972,32.59875150061859,-173.08456883757486
2123.1098280488354,25.970710128014268,-182.75698377945338 2181.950770046861,32.63416791993969,-173.09562388344654
2164.1328802919174,9.087597065741413,-232.76690457510972 2124.0479315250686,53.53413522038518,-263.21069915507013
2164.1328802919174,9.087597065741413,-232.76690457510972 2207.738000707281,39.569268870663706,-191.55099554062917
2164.1328802919174,9.087597065741413,-232.76690457510972 2138.238152386141,1.3425611652374068,-294.45563924835164
2138.238152386141,1.3425611652374068,-294.45563924835164 2192.3838834911885,17.67817520729281,-352.7207876388662
2164.1328802919174,9.087597065741413,-232.76690457510972 2155.6396817815184,76.52412923995831,-239.48030217831342
2164.1328802919174,9.087597065741413,-232.76690457510972 2217.000738561357,-26.17773295737205,-207.47054000698964
2164.1328802919174,9.087597065741413,-232.76690457510972 2169.743960185544,74.08644988116816,-254.76661855292676
2164.1328802919174,9.087597065741413,-232.76690457510972 2119.7025956330435,62.15228574992736,-235.1441130181798
2164.1328802919174,9.087597065741413,-232.76690457510972 2136.966599404624,-2.690904127139829,-168.62111287836717
2136.966599404624,-2.690904127139829,-168.62111287836717 2171.23782145664,55.8061040392287,-189.02266611936187
2136.966599404624,-2.690904127139829,-168.62111287836717 2207.533732697189,1.7377916710233974,-173.86290192378004
2136.966599404624,-2.690904127139829,-168.62111287836717 2122.0390718095196,-59.19628991150116,-208.93625019994658
2136.966599404624,-2.690904127139829,-168.62111287836717 2146.6373877894225,-34.34654757933557,-231.77240811167027
2136.966599404624,-2.690904127139829,-168.62111287836717 2123.9297894920537,26.10431732620114,-232.64327161076596
2136.966599404624,-2.690904127139829,-168.62111287836717 2109.8071791786115,5.643067338774324,-234.23483714846242
2136.966599404624,-2.690904127139829,-168.62111287836717 2165.667132078454,21.903914185591475,-229.43175616062535
2136.966599404624,-2.690904127139829,-168.62111287836717 2188.446443190069,26.590295177302785,-209.03555399932787
2136.966599404624,-2.690904127139829,-168.62111287836717 2203.6564052034505,7.2127352316260716,-193.60105943487991
2136.966599404624,-2.690904127139829,-168.62111287836717 2113.8336214974956,-49.00481717638042,-218.80374723743202
2136.966599404624,-2.690904127139829,-168.62111287836717 2184.249229823345,-54.99958095838623,-185.48542990725252
2136.966599404624,-2.690904127139829,-168.62111287836717 2205.634571334954,19.421741752644984,-160.46632758563615
2136.966599404624,-2.690904127139829,-168.62111287836717 2115.7865800872764,44.12844763256523,-220.04722572502988
2136.966599404624,-2.690904127139829,-168.62111287836717 2161.069654401828,38.960032769441234,-223.2478663553831
2136.966599404624,-2.690904127139829,-168.62111287836717 2151.7142762089807,-72.5397006220386,-184.8041798648302
2136.966599404624,-2.690904127139829,-168.62111287836717 2116.627457630302,-48.08740743838188,-222.45759492350382
2136.966599404624,-2.690904127139829,-168.62111287836717 2151.083008268984,-40.23989597043293,-230.08948045329475
2136.966599404624,-2.690904127139829,-168.62111287836717 2117.5144986556106,-58.04261480268626,-213.14219105197736
2136.966599404624,-2.690904127139829,-168.62111287836717 2153.744470674652,3.703871713119052,-240.25512978094707
2136.966599404624,-2.690904127139829,-168.62111287836717 2168.269043389205,-50.908220595104,-215.45560757213178
2136.966599404624,-2.690904127139829,-168.62111287836717 2098.5497290308344,-28.541511107066796,-226.6637927738775
2136.966599404624,-2.690904127139829,-168.62111287836717 2206.5311493734926,13.678536584534312,-147.7496659132991
2136.966599404624,-2.690904127139829,-168.62111287836717 2189.4614396059183,-31.85860720210573,-212.79394785158462
2136.966599404624,-2.690904127139829,-168.62111287836717 2201.570854804646,0.7110552408347273,-206.66344925071996
2136.966599404624,-2.690904127139829,-168.62111287836717 2150.005927705894,14.341077130097885,-240.7491243018403
2136.966599404624,-2.690904127139829,-168.62111287836717 2141.037587875564,-73.44278312850525,-194.21840122392223
2136.966599404624,-2.690904127139829,-168.62111287836717 2190.6671843135077,28.406041915758863,-211.71437948985414
2136.966599404624,-2.690904127139829,-168.62111287836717 2188.380727134929,-2.9546175983511085,-224.11381893003517
2136.966599404624,-2.690904127139829,-168.62111287836717 2188.056128634229,9.999660848510837,-223.09011382106854
2136.966599404624,-2.690904127139829,-168.62111287836717 2203.45835807843,23.32343614901565,-194.2203829550824
2136.966599404624,-2.690904127139829,-168.62111287836717 2164.1205365508495,-6.7328325495177115,-239.6503252637448
2164.1205365508495,-6.7328325495177115,-239.6503252637448 2186.971159232552,64.63700405329811,-217.47786562694137
2136.966599404624,-2.690904127139829,-168.62111287836717 2196.8078619119888,-49.326116642032815,-177.19448766402036
2136.966599404624,-2.690904127139829,-168.62111287836717 2120.2356679670734,59.125322469443006,-211.10349231492603
2136.966599404624,-2.690904127139829,-168.62111287836717 2098.918718611845,22.973644061957373,-230.5112755330883
2136.966599404624,-2.690904127139829,-168.62111287836717 2176.311629912534,12.12430875436889,-233.3096013566664
2136.966599404624,-2.690904127139829,-168.62111287836717 2125.5964956616717,19.794166692525074,-241.64648402503786
2136.966599404624,-2.690904127139829,-168.62111287836717 2140.3133634182086,-33.93275711183569,-239.52067770580368
2136.966599404624,-2.690904127139829,-168.62111287836717 2165.94400405902,68.33984384014741,-181.27043549671205
2136.966599404624,-2.690904127139829,-168.62111287836717 2105.3378191694305,-16.546571425289507,-238.61713594080013
2136.966599404624,-2.690904127139829,-168.62111287836717 2108.8039300089918,-35.120786656489166,-234.2684225844377
2136.966599404624,-2.690904127139829,-168.62111287836717 2197.300967868348,-50.63752087649741,-183.81941621701918
2136.966599404624,-2.690904127139829,-168.62111287836717 2199.257829953847,45.3911145720987,-175.02615577201726
2136.966599404624,-2.690904127139829,-168.62111287836717 2202.357270253667,-45.446879731508446,-180.65810652423232
2164.1328802919174,9.087597065741413,-232.76690457510972 2125.8670574102152,32.65671497697289,-287.34449594805847
2164.1328802919174,9.087597065741413,-232.76690457510972 2185.2525507634496,-5.724033305226085,-165.22532386420528
2164.1328802919174,9.087597065741413,-232.76690457510972 2210.7586250155246,51.54816378632795,-268.3323400811671
2164.1328802919174,9.087597065741413,-232.76690457510972 2103.808619139056,43.394688107143104,-255.41656286476726
2164.1328802919174,9.087597065741413,-232.76690457510972 2188.7775436198167,-58.23145775363806,-215.45078700563815
2164.1328802919174,9.087597065741413,-232.76690457510972 2099.38755700989,13.68802121846497,-197.12589293513676
2099.38755700989,13.68802121846497,-197.12589293513676 2158.8606033347796,17.60554406434737,-190.225909196785
2099.38755700989,13.68802121846497,-197.12589293513676 2158.863064898899,17.632525358067372,-190.26259573648127
2099.38755700989,13.68802121846497,-197.12589293513676 2158.8509103609586,17.620563098506643,-190.15131605853026
2099.38755700989,13.68802121846497,-197.12589293513676 2158.860205664358,17.585805719662424,-190.21131861675815
2099.38755700989,13.68802121846497,-197.12589293513676 2158.851126129392,17.62896380534539,-190.15790046261586
2099.38755700989,13.68802121846497,-197.12589293513676 2158.8621288318022,17.61259833501204,-190.24308819749712
2099.38755700989,13.68802121846497,-197.12589293513676 2158.8548266190614,17.651337297538422,-190.20231215006174
2099.38755700989,13.68802121846497,-197.12589293513676 2158.85459391672,17.64483985457001,-190.1965994788987
2158.85459391672,17.64483985457001,-190.1965994788987 2187.4584713669424,-40.892211794846126,-235.66674659770723
2099.38755700989,13.68802121846497,-197.12589293513676 2158.864332147846,17.588921683038578,-190.24867003963232
2099.38755700989,13.68802121846497,-197.12589293513676 2158.8646517926886,17.580115468405637,-190.24644538845487
2099.38755700989,13.68802121846497,-197.12589293513676 2158.860697924059,17.596584883556925,-190.22164497613986
2099.38755700989,13.68802121846497,-197.12589293513676 2158.868512105976,17.57933403617703,-190.27945843153717
2099.38755700989,13.68802121846497,-197.12589293513676 2158.861922912878,17.61055708367573,-190.24014585703463
2099.38755700989,13.68802121846497,-197.12589293513676 2158.8540982012387,17.59756495398869,-190.16558069231138
2099.38755700989,13.68802121846497,-197.12589293513676 2158.8631874245616,17.621314375194405,-190.2572255446873
2164.1328802919174,9.087597065741413,-232.76690457510972 2115.252818659238,62.13959460654529,-253.832222795252
2164.1328802919174,9.087597065741413,-232.76690457510972 2102.8752569909516,53.766228796298826,-220.85531550387032
2164.1328802919174,9.087597065741413,-232.76690457510972 2139.224319354028,-36.04541458699414,-175.63655054892388
2164.1328802919174,9.087597065741413,-232.76690457510972 2217.17097531687,-22.24290513906386,-279.7122196525338
2164.1328802919174,9.087597065741413,-232.76690457510972 2166.667111943874,-67.41966271614288,-245.795310870637
2164.1328802919174,9.087597065741413,-232.76690457510972 2133.0402827945536,62.469752042798035,-185.39372217333022
2164.1328802919174,9.087597065741413,-232.76690457510972 2096.684722317824,39.354202678558856,-257.4829129619779
2164.1328802919174,9.087597065741413,-232.76690457510972 2193.2643770196582,62.07974755915227,-283.2124235484056
2164.1328802919174,9.087597065741413,-232.76690457510972 2124.18609669812,54.946108842011114,-282.9522996435543
2164.1328802919174,9.087597065741413,-232.76690457510972 2238.3314036906495,27.716901551411045,-253.0708608355983
2164.1328802919174,9.087597065741413,-232.76690457510972 2183.888965386641,84.35765213761525,-217.77762803463096
2164.1328802919174,9.087597065741413,-232.76690457510972 2240.1073776161784,-13.634131898359655,-229.9347165150388
2164.1328802919174,9.087597065741413,-232.76690457510972 2194.9389842307955,-44.18839808215186,-182.36001217825088
2164.1328802919174,9.087597065741413,-232.76690457510972 2186.197950553529,84.22650818960335,-218.22733066559164
2164.1328802919174,9.087597065741413,-232.76690457510972 2205.935217266444,-44.53714123928819,-275.0156272207122
2200.0,0.0,-280.0 2253.4437990105566,-13.058153637530339,-305.52777841681257
2253.4437990105566,-13.058153637530339,-305.52777841681257 2274.875890604922,17.14092437910968,-240.59516999211195
2200.0,0.0,-280.0 2211.511826668373,-59.76961256603681,-255.94228272542998
2211.511826668373,-59.76961256603681,-255.94228272542998 2213.1589439953646,-36.108059834491684,-189.71131997504148
2200.0,0.0,-280.0 2134.5375121148986,-1.1286817072745567,-272.0759065189413
2200.0,0.0,-280.0 2139.6249104311014,-18.461685821541877,-256.98142671288883
2200.0,0.0,-280.0 2211.0287986168237,-54.16800784060917,-319.08302096370227
2200.0,0.0,-280.0 2145.726272006601,-36.450523831642094,-252.05484367377153
2145.726272006601,-36.450523831642094,-252.05484367377153 2124.6178062533795,-31.75622996703791,-179.24825895331043
2124.6178062533795,-31.75622996703791,-179.24825895331043 2183.173467224282,-39.712193020468824,-168.8589750437629
2200.0,0.0,-280.0 2253.0235749798267,34.82676344160468,-246.3720793901685
2200.0,0.0,-280.0 2260.6724637735315,33.89015809065433,-254.72329483022244
2200.0,0.0,-280.0 2238.7079188653124,47.359376679356494,-324.17566024021704
2200.0,0.0,-280.0 2179.7070829085746,-42.15251723526237,-340.4645789421484
2200.0,0.0,-280.0 2228.051124074835,-38.309552586730895,-340.17254455931345
2200.0,0.0,-280.0 2170.8724771205216,-47.21311677697142,-222.42820555941188
