起始树
1300.0,0.0,380.0 1262.8512495628624,23.833208701195407,339.355830627696
1262.8512495628624,23.833208701195407,339.355830627696 1305.0559681953678,44.402837821670616,376.71425782956237
1305.0559681953678,44.402837821670616,376.71425782956237 1260.353337060581,12.510915353434342,352.5361675222782
1262.8512495628624,23.833208701195407,339.355830627696 1207.5603499977724,13.302699801017932,318.5706241676577
1262.8512495628624,23.833208701195407,339.355830627696 1264.1124694300315,2.9697189045879178,283.11417241998026
1264.1124694300315,2.9697189045879178,283.11417241998026 1287.5290381385907,-0.420965861397419,338.25188697848404
1264.1124694300315,2.9697189045879178,283.11417241998026 1319.5252832223207,-0.21338152138712108,305.9020626097114
1300.0,0.0,380.0 1317.9759606091334,40.62384966799172,420.33072871064064
1300.0,0.0,380.0 1277.1845038848462,34.83960697942816,336.80677226070753
1277.1845038848462,34.83960697942816,336.80677226070753 1332.0672454137546,37.92878112886496,312.75803663187503
1332.0672454137546,37.92878112886496,312.75803663187503 1281.991018246304,51.337201167888004,342.9670707894085
1281.991018246304,51.337201167888004,342.9670707894085 1317.3217586031342,18.540581647231356,378.68990009862665
1332.0672454137546,37.92878112886496,312.75803663187503 1318.7559140979604,-20.572985566371464,313.3511235877968
1318.7559140979604,-20.572985566371464,313.3511235877968 1315.139508617604,-60.13436798684806,358.3157611642574
1332.0672454137546,37.92878112886496,312.75803663187503 1344.0193517199557,-2.434678223741237,270.0036414901381
1344.0193517199557,-2.434678223741237,270.0036414901381 1300.605692945623,-41.43299197484647,283.9458707378651
1344.0193517199557,-2.434678223741237,270.0036414901381 1290.5475165213186,-27.788897381340853,279.899418943082
1290.5475165213186,-27.788897381340853,279.899418943082 1242.4036671361948,4.898342907263995,265.28045561808796
1242.4036671361948,4.898342907263995,265.28045561808796 1263.5172346035597,48.01776408894084,301.2656301453595
1344.0193517199557,-2.434678223741237,270.0036414901381 1302.633610808666,8.506679012471023,227.96191042381315
1344.0193517199557,-2.434678223741237,270.0036414901381 1331.3700584468547,16.550856740044743,214.50999463007003
1331.3700584468547,16.550856740044743,214.50999463007003 1315.3103200001224,70.56492604929191,235.11497261303305
1315.3103200001224,70.56492604929191,235.11497261303305 1259.9325250365378,93.07312395954611,240.28032369539108
1315.3103200001224,70.56492604929191,235.11497261303305 1275.6034151835104,108.62881435187563,259.0837464067202
1275.6034151835104,108.62881435187563,259.0837464067202 1316.0092677525647,66.35269797681099,245.6637217267939
1315.3103200001224,70.56492604929191,235.11497261303305 1315.8218332170914,43.938821866174436,288.8810300308746
1315.3103200001224,70.56492604929191,235.11497261303305 1295.4528932671465,124.04618541695905,216.52902361943006
1295.4528932671465,124.04618541695905,216.52902361943006 1284.6368753278575,170.11385108568663,253.4178286389928
1284.6368753278575,170.11385108568663,253.4178286389928 1281.6766540642727,197.91166154233207,306.50755291673823
1295.4528932671465,124.04618541695905,216.52902361943006 1246.0251809127126,126.90922755874787,250.42156322775224
1295.4528932671465,124.04618541695905,216.52902361943006 1290.2749855257048,161.09395516145156,263.4401313486255
1295.4528932671465,124.04618541695905,216.52902361943006 1323.9811626252795,94.58520323908485,260.3261511113649
1323.9811626252795,94.58520323908485,260.3261511113649 1300.7950411961535,51.5313801401602,295.0935509226871
1295.4528932671465,124.04618541695905,216.52902361943006 1313.1683516990518,168.5543504489818,252.65637860190367
1313.1683516990518,168.5543504489818,252.65637860190367 1275.709350871188,210.5926090326065,273.38336758328734
1313.1683516990518,168.5543504489818,252.65637860190367 1270.5856608185836,174.0790931647902,294.56331902115414
1313.1683516990518,168.5543504489818,252.65637860190367 1255.5871637657785,155.65398819589424,263.51858141404904
1331.3700584468547,16.550856740044743,214.50999463007003 1303.457695333576,-3.949243152284275,263.50638112782127
1344.0193517199557,-2.434678223741237,270.0036414901381 1302.0704284284411,2.7690242666671594,227.42184590711986
1344.0193517199557,-2.434678223741237,270.0036414901381 1306.3943382778084,40.25293595879492,250.9740340616813
1344.0193517199557,-2.434678223741237,270.0036414901381 1310.6965128927704,36.60858130081115,238.93577548366954
1310.6965128927704,36.60858130081115,238.93577548366954 1325.7665737676434,2.931693756468121,286.2513174392817
1344.0193517199557,-2.434678223741237,270.0036414901381 1329.6013778455192,-42.618197205035855,227.8443384641629
1332.0672454137546,37.92878112886496,312.75803663187503 1302.1128578761864,10.66421655082046,357.0229006395597
1332.0672454137546,37.92878112886496,312.75803663187503 1300.7183292740042,88.0670325070223,302.58939829610944
1332.0672454137546,37.92878112886496,312.75803663187503 1286.4118661973266,28.688265997957867,350.57601157395294
1332.0672454137546,37.92878112886496,312.75803663187503 1295.0746267698373,5.680168729464789,278.2388656658891
1332.0672454137546,37.92878112886496,312.75803663187503 1319.7696695504728,61.19094160517487,366.6805877386359
1277.1845038848462,34.83960697942816,336.80677226070753 1298.593894428199,-18.063356589126357,318.2888230700876
1298.593894428199,-18.063356589126357,318.2888230700876 1260.9316130114878,-63.065359024906265,305.7839306171912
1260.9316130114878,-63.065359024906265,305.7839306171912 1295.5834015196388,-99.75564514683154,338.235070157701
1298.593894428199,-18.063356589126357,318.2888230700876 1331.6984900480952,28.355065915531227,336.98149010885595
1277.1845038848462,34.83960697942816,336.80677226070753 1235.9521820443163,62.65518751386332,303.2480309974939
1235.9521820443163,62.65518751386332,303.2480309974939 1202.1466803973778,111.55831248958121,311.3518835386102
1235.9521820443163,62.65518751386332,303.2480309974939 1223.348007272907,105.93610592675738,263.65135336327603
1277.1845038848462,34.83960697942816,336.80677226070753 1332.1219336106435,21.459878829148813,356.87818700276586
1300.0,0.0,380.0 1250.4918264892,0.8847654016826869,346.1155205763979
1250.4918264892,0.8847654016826869,346.1155205763979 1294.5213264042486,-32.42437191396591,369.6081685437518
目标树
2280.0,0.0,0.0 2278.377732653923,59.802936600864946,4.580067965738026
2278.377732653923,59.802936600864946,4.580067965738026 2270.783329000881,119.3189859799897,4.17398982516815
2270.783329000881,119.3189859799897,4.17398982516815 2228.174382871612,124.07617355301417,-37.80036992156413
2228.174382871612,124.07617355301417,-37.80036992156413 2188.898976355517,86.1571013604312,-62.691862585708606
2188.898976355517,86.1571013604312,-62.691862585708606 2169.663679073423,55.63423245356659,-110.63305376994839
2169.663679073423,55.63423245356659,-110.63305376994839 2131.3294249833098,68.17157673774204,-155.0548948130062
2188.898976355517,86.1571013604312,-62.691862585708606 2231.966517437242,56.888470281840625,-92.50015237159347
2231.966517437242,56.888470281840625,-92.50015237159347 2192.829734466704,101.84899163013938,-85.65444285349773
2188.898976355517,86.1571013604312,-62.691862585708606 2165.044436758909,46.067199984808624,-100.42461690243888
2165.044436758909,46.067199984808624,-100.42461690243888 2195.2816457500935,9.59856871055868,-63.60410461096967
2195.2816457500935,9.59856871055868,-63.60410461096967 2250.2794166222156,12.016524048501026,-87.46618103112341
2165.044436758909,46.067199984808624,-100.42461690243888 2119.0234811093333,54.451477361997185,-137.99821845941173
2119.0234811093333,54.451477361997185,-137.99821845941173 2078.886499551505,92.73940786178525,-160.8686598515221
2078.886499551505,92.73940786178525,-160.8686598515221 2133.6205090416324,74.97585411590285,-177.85819673313853
2133.6205090416324,74.97585411590285,-177.85819673313853 2124.018758607409,24.434486603927724,-146.98140028955726
2078.886499551505,92.73940786178525,-160.8686598515221 2034.4065420117356,120.28223981230124,-190.2442583204205
2034.4065420117356,120.28223981230124,-190.2442583204205 2005.409757595895,171.1131744630908,-177.00029456071397
2005.409757595895,171.1131744630908,-177.00029456071397 1980.719702664141,220.44184677187633,-153.3976829315016
1980.719702664141,220.44184677187633,-153.3976829315016 1960.0381155015336,226.04730814473635,-97.35438935204783
1960.0381155015336,226.04730814473635,-97.35438935204783 1916.9564166142745,266.56079100242357,-87.22399312448478
1916.9564166142745,266.56079100242357,-87.22399312448478 1869.8227300237552,248.13632696965323,-54.991172684879274
1869.8227300237552,248.13632696965323,-54.991172684879274 1822.6890434332358,229.71186293688288,-22.75835224527377
1822.6890434332358,229.71186293688288,-22.75835224527377 1807.9886327929628,279.097968342748,7.981044623372327
1807.9886327929628,279.097968342748,7.981044623372327 1761.5159602660094,255.5483297717626,37.74184487098859
1761.5159602660094,255.5483297717626,37.74184487098859 1746.0268986550404,238.05008788589134,-17.520262411625488
1761.5159602660094,255.5483297717626,37.74184487098859 1725.6172587227834,285.7003057910424,0.29666401092114825
1725.6172587227834,285.7003057910424,0.29666401092114825 1773.0978743974406,259.44137767891857,-25.31700088807008
1761.5159602660094,255.5483297717626,37.74184487098859 1736.4056191620086,298.02102854199313,71.88185993855973
1736.4056191620086,298.02102854199313,71.88185993855973 1786.3032737110366,271.4385510131066,91.97155776934139
1736.4056191620086,298.02102854199313,71.88185993855973 1712.3912251636534,291.82963623947705,17.246930248405448
1712.3912251636534,291.82963623947705,17.246930248405448 1764.4958232713443,262.4049175566281,12.854119477245238
1712.3912251636534,291.82963623947705,17.246930248405448 1733.1205042326897,320.12721878924043,-31.43102997095194
1733.1205042326897,320.12721878924043,-31.43102997095194 1720.8843387179145,377.00264020540595,-46.10967746411718
1712.3912251636534,291.82963623947705,17.246930248405448 1671.271225302101,284.5291667693574,-25.832632851767357
1671.271225302101,284.5291667693574,-25.832632851767357 1696.9560455378735,334.51607574554487,-4.818377203222582
1696.9560455378735,334.51607574554487,-4.818377203222582 1712.4714054296583,296.15429850990733,38.62869007124041
1671.271225302101,284.5291667693574,-25.832632851767357 1672.4208799715836,327.8904679572203,-67.28713626739612
1671.271225302101,284.5291667693574,-25.832632851767357 1625.9188171221067,284.0910255177964,13.447987109211823
1625.9188171221067,284.0910255177964,13.447987109211823 1601.215488625896,318.0419189642232,-29.413212073705033
1625.9188171221067,284.0910255177964,13.447987109211823 1646.7340411169296,279.9809232138792,-42.67539045394528
1625.9188171221067,284.0910255177964,13.447987109211823 1616.8263420527253,258.8073025888195,-40.199568771400315
1616.8263420527253,258.8073025888195,-40.199568771400315 1587.7473932838518,298.8734086687585,-6.300868470528897
1625.9188171221067,284.0910255177964,13.447987109211823 1675.3269601861355,278.2434735902498,46.98366267150102
1625.9188171221067,284.0910255177964,13.447987109211823 1590.9538876008971,323.3820046100098,42.32137737693226
1590.9538876008971,323.3820046100098,42.32137737693226 1546.2647022199887,293.2360641638256,68.6671357567155
1546.2647022199887,293.2360641638256,68.6671357567155 1501.5755168390804,263.09012371764135,95.01289413649873
1501.5755168390804,263.09012371764135,95.01289413649873 1532.8026410965283,266.91651896016185,146.10325927570995
1501.5755168390804,263.09012371764135,95.01289413649873 1458.5157739440447,286.2354773285675,129.80012093080654
1458.5157739440447,286.2354773285675,129.80012093080654 1415.564684694815,257.5514312929817,160.33582847677795
1415.564684694815,257.5514312929817,160.33582847677795 1435.9435364683065,311.2884708474901,177.57047324570948
1435.9435364683065,311.2884708474901,177.57047324570948 1467.1935763159515,330.10416915220503,225.2087404982717
1415.564684694815,257.5514312929817,160.33582847677795 1442.7551843873198,298.89692912006643,126.40609909526904
1415.564684694815,257.5514312929817,160.33582847677795 1414.3515845241102,264.49978742093793,219.91979221782935
1414.3515845241102,264.49978742093793,219.91979221782935 1365.284097309843,286.71088371174113,193.48025931653945
1365.284097309843,286.71088371174113,193.48025931653945 1343.2714532614486,236.8039375820704,218.47506337676032
1343.2714532614486,236.8039375820704,218.47506337676032 1321.2588092130543,186.89699145239967,243.46986743698122
1458.5157739440447,286.2354773285675,129.80012093080654 1458.7361717196036,326.8030480094415,174.00672263092395
1671.271225302101,284.5291667693574,-25.832632851767357 1707.9215238719232,249.22175280781144,-57.615366121436054
1671.271225302101,284.5291667693574,-25.832632851767357 1697.435563980605,317.5679205288516,16.87413630179944
1697.435563980605,317.5679205288516,16.87413630179944 1727.1828761354197,274.18162673993794,45.73114465031129
1671.271225302101,284.5291667693574,-25.832632851767357 1715.4771007581949,282.60579175846334,14.690708616178938
1671.271225302101,284.5291667693574,-25.832632851767357 1720.0319245961439,319.050500522358,-31.370838361665292
1671.271225302101,284.5291667693574,-25.832632851767357 1636.7660343755795,322.31195280373635,5.501898876098593
1807.9886327929628,279.097968342748,7.981044623372327 1834.11688270721,241.7433940756002,-31.03113729123976
1807.9886327929628,279.097968342748,7.981044623372327 1848.1066229508924,240.20210201821573,29.836443236813054
1822.6890434332358,229.71186293688288,-22.75835224527377 1870.4158680703622,256.92943700232524,-46.86963325747101
1980.719702664141,220.44184677187633,-153.3976829315016 1936.900974557619,239.57569812121028,-189.64426621418193
1936.900974557619,239.57569812121028,-189.64426621418193 1903.0581637841044,273.0883819260114,-153.153662174957
2034.4065420117356,120.28223981230124,-190.2442583204205 2014.7673876284014,84.75614042095873,-234.4279643345613
2034.4065420117356,120.28223981230124,-190.2442583204205 2021.9972175724797,176.64817216114932,-173.84638231752393
2119.0234811093333,54.451477361997185,-137.99821845941173 2160.8907204229426,33.15785287130573,-100.66571481571835
2119.0234811093333,54.451477361997185,-137.99821845941173 2136.3347312478622,91.63595438114623,-181.78903127961024
2165.044436758909,46.067199984808624,-100.42461690243888 2185.878108039427,93.72015252367562,-130.3437454877404
2188.898976355517,86.1571013604312,-62.691862585708606 2211.238447603004,105.25017241892375,-115.00249880759057
2211.238447603004,105.25017241892375,-115.00249880759057 2248.468948149985,77.42264508419863,-77.06151105744921
2280.0,0.0,0.0 2319.4501850234983,28.30035488020793,35.25298306904054
2319.4501850234983,28.30035488020793,35.25298306904054 2304.061856842992,-12.384272681314453,-6.074494908562272
