1437.6816608107085,-223.35896924748528,251.84550732757802 1484.0662558420063,-236.32604797612993,250.96409499539516
1379.9068327186635,-207.2076857470482,252.9433598783163 1437.6816608107085,-223.35896924748528,251.84550732757802
1353.896640844072,-203.98680081695866,198.97025714265683 1379.9068327186635,-207.2076857470482,252.9433598783163
1341.7967058684656,-220.62963761823,255.33165844525348 1353.896640844072,-203.98680081695866,198.97025714265683
1314.5478903380053,-181.6846211903055,291.9484271122952 1341.7967058684656,-220.62963761823,255.33165844525348
1331.3850261564792,-128.6378942762665,269.5306747464214 1314.5478903380053,-181.6846211903055,291.9484271122952
1284.5087039834248,-91.29100466814472,272.3271468322429 1331.3850261564792,-128.6378942762665,269.5306747464214
1309.5966626421566,-48.57265652997038,238.4784088545353 1284.5087039834248,-91.29100466814472,272.3271468322429
1343.0614018788447,-5.302320591550824,213.8250266201079 1309.5966626421566,-48.57265652997038,238.4784088545353
1347.406998149204,48.58244504802481,239.85477546682267 1343.0614018788447,-5.302320591550824,213.8250266201079
1339.1499391006025,54.02258879351873,299.03438185193033 1347.406998149204,48.58244504802481,239.85477546682267
1296.308540354584,17.690442713909782,320.1196780256764 1339.1499391006025,54.02258879351873,299.03438185193033
1347.0882019654393,-4.528757679468795,343.09212022423054 1296.308540354584,17.690442713909782,320.1196780256764
1300.0,0.0,380.0 1347.0882019654393,-4.528757679468795,343.09212022423054
1526.838090999891,-235.6587274945584,293.03694610631493 1484.0662558420063,-236.32604797612993,250.96409499539516
1569.6099261577756,-234.99140701298688,335.1097972172347 1526.838090999891,-235.6587274945584,293.03694610631493
1612.3817613156602,-234.32408653141536,377.18264832815447 1569.6099261577756,-234.99140701298688,335.1097972172347
1642.0371924048459,-269.97013724727225,339.1049058100229 1612.3817613156602,-234.32408653141536,377.18264832815447
1691.0841906298838,-276.9338761570583,372.95602551837896 1642.0371924048459,-269.97013724727225,339.1049058100229
1709.5446272877798,-310.9960243313047,327.14137349355735 1691.0841906298838,-276.9338761570583,372.95602551837896
1762.0807440322903,-324.0233337220073,353.0304763641876 1709.5446272877798,-310.9960243313047,327.14137349355735
1814.6168607768009,-337.0506431127099,378.9195792348179 1762.0807440322903,-324.0233337220073,353.0304763641876
1798.8381519575917,-357.94940455371056,324.9355619868328 1814.6168607768009,-337.0506431127099,378.9195792348179
1852.7921025199496,-374.7968740235933,345.0635025465624 1798.8381519575917,-357.94940455371056,324.9355619868328
1861.246854202684,-406.20316903201416,294.6436472529646 1852.7921025199496,-374.7968740235933,345.0635025465624
1915.8830198953758,-426.76912655978543,308.4975560647997 1861.246854202684,-406.20316903201416,294.6436472529646
1877.235205739098,-431.47277949467053,262.844274583509 1915.8830198953758,-426.76912655978543,308.4975560647997
1931.8773685664416,-454.30643754825525,272.4805654385026 1877.235205739098,-431.47277949467053,262.844274583509
1879.1226034564465,-440.78793150058516,247.29754035356987 1931.8773685664416,-454.30643754825525,272.4805654385026
1933.6570927854139,-464.57393370758257,255.0574097234414 1879.1226034564465,-440.78793150058516,247.29754035356987
1879.4135045384555,-446.58266341128893,236.78318396090515 1933.6570927854139,-464.57393370758257,255.0574097234414
1933.839775988796,-470.982704611504,243.29616833380635 1879.4135045384555,-446.58266341128893,236.78318396090515
1879.2148069867244,-450.554302862595,229.19676538517476 1933.839775988796,-470.982704611504,243.29616833380635
1933.5458211037703,-475.3847548939668,234.81722416814796 1879.2148069867244,-450.554302862595,229.19676538517476
1878.8652341383936,-453.3757517143422,223.60842458205764 1933.5458211037703,-475.3847548939668,234.81722416814796
1933.1169996187361,-478.5170811296714,228.57425759332767 1878.8652341383936,-453.3757517143422,223.60842458205764
1878.497935352082,-455.41658313410625,219.45697669428688 1933.1169996187361,-478.5170811296714,228.57425759332767
1823.9278287532156,-431.8841860554913,211.19079537987452 1878.497935352082,-455.41658313410625,219.45697669428688
1829.8368883236842,-417.0951186942991,153.34300802738562 1823.9278287532156,-431.8841860554913,211.19079537987452
1845.0751709638025,-430.22592579465766,96.81534535614966 1829.8368883236842,-417.0951186942991,153.34300802738562
1899.6635426052753,-449.58061387758175,112.48396784650156 1845.0751709638025,-430.22592579465766,96.81534535614966
1954.2519142467481,-468.93530196050585,128.15259033685345 1899.6635426052753,-449.58061387758175,112.48396784650156
1947.5200875563946,-421.35112779542527,92.23005035930836 1954.2519142467481,-468.93530196050585,128.15259033685345
1929.7920789965715,-375.71334134372455,57.547055098059666 1947.5200875563946,-421.35112779542527,92.23005035930836
1943.3380621496472,-384.87452415989947,-0.1814393377491541 1929.7920789965715,-375.71334134372455,57.547055098059666
1936.6800039948953,-414.74489768680735,-51.789879025177626 1943.3380621496472,-384.87452415989947,-0.1814393377491541
1947.2312377107103,-375.1017033484032,-95.57444947781278 1936.6800039948953,-414.74489768680735,-51.789879025177626
1957.2139808147313,-329.41990185469206,-133.17122929215722 1947.2312377107103,-375.1017033484032,-95.57444947781278
1963.5713159912034,-270.4895834343806,-123.85447769437961 1957.2139808147313,-329.41990185469206,-133.17122929215722
1970.2605535389866,-243.7378359812308,-177.14235726593154 1963.5713159912034,-270.4895834343806,-123.85447769437961
1984.2876708918468,-194.9337260585254,-209.10168819481012 1970.2605535389866,-243.7378359812308,-177.14235726593154
1976.6618975605159,-136.4090901871415,-198.29823609739773 1984.2876708918468,-194.9337260585254,-209.10168819481012
1987.29271840746,-78.16738435850793,-208.0393525781247 1976.6618975605159,-136.4090901871415,-198.29823609739773
2018.1782815478566,-34.32707700628415,-234.94863426238967 1987.29271840746,-78.16738435850793,-208.0393525781247
1986.9348903847138,-62.74080719023466,-192.32809407739788 2018.1782815478566,-34.32707700628415,-234.94863426238967
2020.238754033462,-43.198434417214976,-238.25138155190172 1986.9348903847138,-62.74080719023466,-192.32809407739788
1993.331355449964,-6.011457599110656,-199.61046209339852 2020.238754033462,-43.198434417214976,-238.25138155190172
2021.9916821658837,46.62762223911261,-196.8332429227371 1993.331355449964,-6.011457599110656,-199.61046209339852
2073.803334313571,16.58764207547841,-193.2066338322083 2021.9916821658837,46.62762223911261,-196.8332429227371
2091.575535362289,-29.520324297350246,-159.17423299350673 2073.803334313571,16.58764207547841,-193.2066338322083
2120.825279653604,-43.9607477936702,-108.81624824292699 2091.575535362289,-29.520324297350246,-159.17423299350673
2152.568715277821,2.8418322756048155,-88.76948307668931 2120.825279653604,-43.9607477936702,-108.81624824292699
2182.2876242974285,-44.20360869528269,-66.3303892772721 2152.568715277821,2.8418322756048155,-88.76948307668931
2191.379949979666,10.516005254705924,-43.459152693905224 2182.2876242974285,-44.20360869528269,-66.3303892772721
2225.7202023383065,46.73725982546674,-10.160987800550952 2191.379949979666,10.516005254705924,-43.459152693905224
2241.4444731818703,100.93178930787397,10.227741454082587 2225.7202023383065,46.73725982546674,-10.160987800550952
2259.3499838909574,50.21793338490257,36.82656668511231 2241.4444731818703,100.93178930787397,10.227741454082587
2305.224199559272,56.767594430035174,-1.287187748304575 2259.3499838909574,50.21793338490257,36.82656668511231
2328.514280716691,13.188113785337242,32.74810256071513 2305.224199559272,56.767594430035174,-1.287187748304575
2280.0,0.0,0.0 2328.514280716691,13.188113785337242,32.74810256071513
