起始树
1200.0,0.0,280.0 1246.5737783347993,37.82078849370757,279.31361138177533
1246.5737783347993,37.82078849370757,279.31361138177533 1230.4030443743814,93.43530297602425,263.6441141952803
1230.4030443743814,93.43530297602425,263.6441141952803 1212.025391762968,54.251115400292214,305.19963523068617
1230.4030443743814,93.43530297602425,263.6441141952803 1245.4697316915483,65.4594330168953,314.5395524320872
1245.4697316915483,65.4594330168953,314.5395524320872 1203.7115680273896,33.84663297089616,285.2669263003407
1203.7115680273896,33.84663297089616,285.2669263003407 1220.4241930693915,0.4852172334624001,332.25313815232505
1246.5737783347993,37.82078849370757,279.31361138177533 1220.0639219255422,89.61705522024502,293.9551367925363
1220.0639219255422,89.61705522024502,293.9551367925363 1187.7377823363097,40.92500693857421,307.5236714736615
1187.7377823363097,40.92500693857421,307.5236714736615 1183.9626901481106,83.83097663432511,349.29479120294224
1183.9626901481106,83.83097663432511,349.29479120294224 1232.3658012524509,71.29625046574296,382.4613327063845
1232.3658012524509,71.29625046574296,382.4613327063845 1233.0482362504938,115.68619497934091,342.0996292171468
1233.0482362504938,115.68619497934091,342.0996292171468 1205.000696924833,71.79567944630705,312.31778602334805
1205.000696924833,71.79567944630705,312.31778602334805 1202.4694510751153,28.710338262664422,353.9980711655756
1202.4694510751153,28.710338262664422,353.9980711655756 1178.3965627674256,61.225138612975606,309.6891126277708
1232.3658012524509,71.29625046574296,382.4613327063845 1222.8460710086056,70.22810280653036,441.6916779414288
1222.8460710086056,70.22810280653036,441.6916779414288 1183.8866468021033,49.81948923743404,400.87928083362465
1183.8866468021033,49.81948923743404,400.87928083362465 1226.1591797017497,71.81866013764505,364.42287615692055
1222.8460710086056,70.22810280653036,441.6916779414288 1242.9424327910936,63.15103901497292,385.60200499535443
1183.9626901481106,83.83097663432511,349.29479120294224 1139.7275906989814,107.78399561704816,381.998137489507
1139.7275906989814,107.78399561704816,381.998137489507 1160.2986621672526,69.37528822154599,340.74765610014646
1160.2986621672526,69.37528822154599,340.74765610014646 1107.4779106830715,69.75546501617157,312.2902549845981
1187.7377823363097,40.92500693857421,307.5236714736615 1199.2505691358585,20.439474229265386,362.7305432354628
1187.7377823363097,40.92500693857421,307.5236714736615 1165.2709446737417,7.299162628441792,263.20049694977894
1187.7377823363097,40.92500693857421,307.5236714736615 1194.719365853017,16.330406286889325,253.24325962570867
1194.719365853017,16.330406286889325,253.24325962570867 1144.4036656965188,-15.472669166482007,260.78611780205955
1220.0639219255422,89.61705522024502,293.9551367925363 1245.3870890860076,39.08484716961368,314.08554052646167
1220.0639219255422,89.61705522024502,293.9551367925363 1174.914130562573,120.4437066223598,318.6778774013938
1246.5737783347993,37.82078849370757,279.31361138177533 1202.8921547567354,68.79052898130934,306.38372286501345
1202.8921547567354,68.79052898130934,306.38372286501345 1204.9522778253668,28.80542220108071,261.69650848868645
1202.8921547567354,68.79052898130934,306.38372286501345 1175.022377897034,24.76699378413197,336.136099014379
1175.022377897034,24.76699378413197,336.136099014379 1175.2391505408884,-21.45690458912432,374.3892587374627
1175.2391505408884,-21.45690458912432,374.3892587374627 1145.5968867702384,5.107848563144685,419.2852506355176
1175.2391505408884,-21.45690458912432,374.3892587374627 1190.5894359333313,-78.00502072971895,361.4788249988009
1190.5894359333313,-78.00502072971895,361.4788249988009 1224.6397407648383,-115.56517196707134,329.3881444215887
1224.6397407648383,-115.56517196707134,329.3881444215887 1221.0575051762055,-83.21507021658817,278.983397572498
1224.6397407648383,-115.56517196707134,329.3881444215887 1236.011330345952,-154.69012043940754,285.3435606747108
1236.011330345952,-154.69012043940754,285.3435606747108 1295.3173465195025,-160.3705579404934,292.45194132144223
1295.3173465195025,-160.3705579404934,292.45194132144223 1354.623362693053,-166.05099544157926,299.5603219681737
1175.2391505408884,-21.45690458912432,374.3892587374627 1191.4673551333797,-77.39653689995455,359.98776879255183
1246.5737783347993,37.82078849370757,279.31361138177533 1248.1191725573408,-11.205183031818926,313.86886963106645
1248.1191725573408,-11.205183031818926,313.86886963106645 1232.1307184115294,-43.86553890024894,266.1439234438281
1248.1191725573408,-11.205183031818926,313.86886963106645 1231.1213903963796,-52.87965037284932,353.54649775384996
1248.1191725573408,-11.205183031818926,313.86886963106645 1202.49682356855,2.5177901017806956,350.3418909087107
1248.1191725573408,-11.205183031818926,313.86886963106645 1206.5498210170936,28.85468674305538,330.2149959655674
1206.5498210170936,28.85468674305538,330.2149959655674 1206.9185495103113,-9.956356936429309,284.4594834254656
1248.1191725573408,-11.205183031818926,313.86886963106645 1213.7601223335967,-11.350415119062129,363.0566178552235
1213.7601223335967,-11.350415119062129,363.0566178552235 1199.626383110502,0.9235542503264647,306.0514681624732
1199.626383110502,0.9235542503264647,306.0514681624732 1212.8216469666681,-9.19438703245308,363.7013794890692
1248.1191725573408,-11.205183031818926,313.86886963106645 1193.8355329330655,-17.7529862641068,338.57540200558316
1248.1191725573408,-11.205183031818926,313.86886963106645 1241.1105218861408,39.9944307495576,344.356217242936
1241.1105218861408,39.9944307495576,344.356217242936 1207.5475860389563,23.82710359331142,391.3896826685315
1248.1191725573408,-11.205183031818926,313.86886963106645 1233.4317757197077,-69.3634527051691,312.4919009546741
1233.4317757197077,-69.3634527051691,312.4919009546741 1195.0105478076018,-111.34007016109685,331.5122277837462
1248.1191725573408,-11.205183031818926,313.86886963106645 1208.5662445454407,18.918547033983838,280.2812711368587
1208.5662445454407,18.918547033983838,280.2812711368587 1185.6312679807572,72.02798882421453,296.1989984466074
1185.6312679807572,72.02798882421453,296.1989984466074 1140.5537665611757,55.28918187380792,260.3126332413563
1248.1191725573408,-11.205183031818926,313.86886963106645 1217.286586302524,31.784496567145354,285.5627029386709
1217.286586302524,31.784496567145354,285.5627029386709 1236.902896175256,49.783127335567514,231.79236095129866
1236.902896175256,49.783127335567514,231.79236095129866 1225.1116672031712,14.033328596046758,278.5140776300726
1225.1116672031712,14.033328596046758,278.5140776300726 1218.6087277126935,8.48102688542157,337.90164976176845
1248.1191725573408,-11.205183031818926,313.86886963106645 1222.0751002615852,41.525601507427744,325.7503956327635
1248.1191725573408,-11.205183031818926,313.86886963106645 1206.712591769527,-25.484776352233226,272.86169608708957
1248.1191725573408,-11.205183031818926,313.86886963106645 1235.7280390000597,-55.25373531196606,275.0592722202614
1248.1191725573408,-11.205183031818926,313.86886963106645 1203.9254690602736,28.285553052406385,304.5201619803067
1203.9254690602736,28.285553052406385,304.5201619803067 1231.3029051451022,-22.739443665502712,320.2340317569877
1248.1191725573408,-11.205183031818926,313.86886963106645 1246.4734822295832,26.74615271460266,267.42548669649216
1246.4734822295832,26.74615271460266,267.42548669649216 1233.3459633572072,-6.428629604159866,315.6655329895683
1233.3459633572072,-6.428629604159866,315.6655329895683 1186.948510777986,9.022359394969959,350.4296428315836
1248.1191725573408,-11.205183031818926,313.86886963106645 1204.2244094317666,-21.516960051719956,353.4531723891243
1248.1191725573408,-11.205183031818926,313.86886963106645 1243.0882419029033,-2.2682464271892417,372.9858798808674
1248.1191725573408,-11.205183031818926,313.86886963106645 1216.0720189837107,25.04053716758215,278.38327093166595
1248.1191725573408,-11.205183031818926,313.86886963106645 1213.7288794365666,0.49857276924424454,361.6216689125359
1213.7288794365666,0.49857276924424454,361.6216689125359 1191.8887985888969,-43.27925543154372,396.3565595355038
1248.1191725573408,-11.205183031818926,313.86886963106645 1226.0783001843015,29.29334378141599,275.47525986338394
1248.1191725573408,-11.205183031818926,313.86886963106645 1236.9256442189321,-32.94486784663724,259.07752882351184
1236.9256442189321,-32.94486784663724,259.07752882351184 1198.9019933667732,-55.81082980599815,299.46749985031727
1248.1191725573408,-11.205183031818926,313.86886963106645 1223.0128588187383,-60.4618077168968,337.18105389364115
1248.1191725573408,-11.205183031818926,313.86886963106645 1227.9775874663312,33.212000134993765,278.9199012693618
1248.1191725573408,-11.205183031818926,313.86886963106645 1200.3032845813498,-1.4848552551183687,348.785285325994
1248.1191725573408,-11.205183031818926,313.86886963106645 1198.0079470190774,21.743978383286006,312.07503655782244
1248.1191725573408,-11.205183031818926,313.86886963106645 1227.796316502578,-67.55042285030359,310.3766680940926
1248.1191725573408,-11.205183031818926,313.86886963106645 1209.2729192522631,-1.0065566062705944,269.29357800902704
1209.2729192522631,-1.0065566062705944,269.29357800902704 1163.6302595664033,-2.8270345494462266,308.196450356184
1248.1191725573408,-11.205183031818926,313.86886963106645 1213.0842061759245,31.392543518696435,337.4905720121513
1248.1191725573408,-11.205183031818926,313.86886963106645 1238.8229968837793,-19.701777586194808,372.5322227471715
1248.1191725573408,-11.205183031818926,313.86886963106645 1232.4389357400232,27.376297124259246,270.6762827402702
1248.1191725573408,-11.205183031818926,313.86886963106645 1214.5358194811265,18.920879434547654,274.31411319861047
1248.1191725573408,-11.205183031818926,313.86886963106645 1220.3671862851497,-46.54187711027062,353.63248754435546
1248.1191725573408,-11.205183031818926,313.86886963106645 1200.1866807174965,15.281984650687608,338.38225728316456
1248.1191725573408,-11.205183031818926,313.86886963106645 1242.2607032493954,45.22242662743557,333.4035363932785
1248.1191725573408,-11.205183031818926,313.86886963106645 1240.859205269056,-1.4560424087016504,372.62469599819127
1248.1191725573408,-11.205183031818926,313.86886963106645 1232.3649546218055,46.68046916433633,314.89643328622583
1248.1191725573408,-11.205183031818926,313.86886963106645 1237.1688504863193,39.23604701356751,344.45927266942647
1248.1191725573408,-11.205183031818926,313.86886963106645 1234.6877503988185,28.25584550375867,270.7130574418157
1248.1191725573408,-11.205183031818926,313.86886963106645 1218.3862437760806,-7.478633173754882,365.85026796012136
1248.1191725573408,-11.205183031818926,313.86886963106645 1210.9611668738391,35.86666656001673,315.74599233042744
1248.1191725573408,-11.205183031818926,313.86886963106645 1233.8515548724538,-11.810827097798054,255.59307464838736
1248.1191725573408,-11.205183031818926,313.86886963106645 1198.5062450302592,-33.223006711189804,288.29988719889514
1248.1191725573408,-11.205183031818926,313.86886963106645 1219.340643218288,-43.76862867228241,355.23816086383795
1219.340643218288,-43.76862867228241,355.23816086383795 1224.0268547323749,-4.2274465315299565,400.1217250778916
1248.1191725573408,-11.205183031818926,313.86886963106645 1224.4463538299913,-61.82339761201314,335.7182175896547
1248.1191725573408,-11.205183031818926,313.86886963106645 1223.1705172544166,-45.167156470723455,271.15881275085354
1248.1191725573408,-11.205183031818926,313.86886963106645 1243.393505277223,-29.017841732360186,370.96858292960815
1243.393505277223,-29.017841732360186,370.96858292960815 1233.712163491973,13.209695158852664,329.4582619318319
1243.393505277223,-29.017841732360186,370.96858292960815 1206.2092220592494,10.276301135712966,345.02056917462136
1248.1191725573408,-11.205183031818926,313.86886963106645 1205.2063088087352,10.51408168274774,277.9974371930916
1248.1191725573408,-11.205183031818926,313.86886963106645 1211.3744455751603,-25.43769612172006,359.1155337086623
1248.1191725573408,-11.205183031818926,313.86886963106645 1203.8226735776068,7.417867933613238,349.7993880085869
1203.8226735776068,7.417867933613238,349.7993880085869 1174.5507325165454,33.991382920109075,394.9325439782311
1248.1191725573408,-11.205183031818926,313.86886963106645 1214.3578254967779,23.734583448256267,278.66398129188786
1248.1191725573408,-11.205183031818926,313.86886963106645 1213.298937942486,-20.75376245855363,265.9483532284044
1248.1191725573408,-11.205183031818926,313.86886963106645 1207.722890166548,-50.835854731750786,333.8075313117197
1248.1191725573408,-11.205183031818926,313.86886963106645 1196.2403642550264,-41.303008999896406,312.22262507844493
1248.1191725573408,-11.205183031818926,313.86886963106645 1209.6458043137645,34.41876172228792,320.053980872458
1248.1191725573408,-11.205183031818926,313.86886963106645 1218.0972553371405,-57.24911123565937,337.9238309069245
1248.1191725573408,-11.205183031818926,313.86886963106645 1224.7625010304814,25.158905468747726,355.48760294563704
1248.1191725573408,-11.205183031818926,313.86886963106645 1199.7339858897885,-46.68512766109773,313.65152140944474
1248.1191725573408,-11.205183031818926,313.86886963106645 1214.04988006719,35.519389866347936,297.8658200246803
1248.1191725573408,-11.205183031818926,313.86886963106645 1225.537781814978,20.338563159115107,268.09690366517566
1248.1191725573408,-11.205183031818926,313.86886963106645 1202.9998809194672,25.37376416012635,298.82792071068957
1248.1191725573408,-11.205183031818926,313.86886963106645 1214.1322289709672,22.26144731121024,277.4700740584145
1248.1191725573408,-11.205183031818926,313.86886963106645 1216.7853274531296,30.950872677821096,342.86985440729484
1248.1191725573408,-11.205183031818926,313.86886963106645 1226.4629190416952,40.81031834562146,334.49395872468216
1246.5737783347993,37.82078849370757,279.31361138177533 1199.8185202880684,34.7743692913028,241.83474833836337
1199.8185202880684,34.7743692913028,241.83474833836337 1144.427966993268,26.958241024969205,220.13694327379284
1246.5737783347993,37.82078849370757,279.31361138177533 1235.670383458268,83.91692117900033,316.1410811784681
1235.670383458268,83.91692117900033,316.1410811784681 1197.5522930139116,57.743930878628305,277.9051588067964
1235.670383458268,83.91692117900033,316.1410811784681 1206.9820662537647,114.36199782177825,273.1285508624173
1206.9820662537647,114.36199782177825,273.1285508624173 1223.558802357493,70.39255253307573,310.43672290489536
1223.558802357493,70.39255253307573,310.43672290489536 1179.0707498256827,45.90135071402517,278.48372280497654
1235.670383458268,83.91692117900033,316.1410811784681 1202.6158990792492,42.3963113299023,344.13107975289086
1235.670383458268,83.91692117900033,316.1410811784681 1194.64768027383,70.75790608702879,274.3801168068114
1194.64768027383,70.75790608702879,274.3801168068114 1216.5133687074733,122.19024684258987,296.21142445721756
1246.5737783347993,37.82078849370757,279.31361138177533 1232.3186183336638,-18.29607279305764,295.0517273002701
1246.5737783347993,37.82078849370757,279.31361138177533 1199.5719311791509,65.63809716752795,254.47364958425104
1246.5737783347993,37.82078849370757,279.31361138177533 1211.0017022806528,-2.4960731619627694,252.6832138737478
1246.5737783347993,37.82078849370757,279.31361138177533 1203.244156380627,27.276920144282684,319.4554935192449
1246.5737783347993,37.82078849370757,279.31361138177533 1191.279254740768,38.9199753594649,302.57962626923023
1246.5737783347993,37.82078849370757,279.31361138177533 1224.800261446383,83.20335501771365,311.9684214103763
1246.5737783347993,37.82078849370757,279.31361138177533 1205.2522410308611,60.10935646185947,241.9538697770971
1205.2522410308611,60.10935646185947,241.9538697770971 1184.6606244156721,12.255640430773731,271.7197426382998
1246.5737783347993,37.82078849370757,279.31361138177533 1216.1639698938732,79.81133234072469,249.11364816958064
1246.5737783347993,37.82078849370757,279.31361138177533 1235.3428869775137,66.93564558328244,330.5599983370962
1235.3428869775137,66.93564558328244,330.5599983370962 1200.0535274772524,31.07727739478709,363.25309450310067
1246.5737783347993,37.82078849370757,279.31361138177533 1217.1697900722816,79.79685650158231,248.1140089987963
1246.5737783347993,37.82078849370757,279.31361138177533 1214.3293419123943,54.91091441251092,326.9394858186918
1246.5737783347993,37.82078849370757,279.31361138177533 1189.86684293233,36.872340682189225,259.7323978338614
1246.5737783347993,37.82078849370757,279.31361138177533 1228.6581626194065,-1.3314738674954043,237.52687825344975
1246.5737783347993,37.82078849370757,279.31361138177533 1205.6522544861207,17.8561639176523,318.3884453729671
1246.5737783347993,37.82078849370757,279.31361138177533 1243.4165544269044,57.87476516869632,335.77483663162644
1246.5737783347993,37.82078849370757,279.31361138177533 1218.0784643755508,66.72982347806217,235.12894459976582
1246.5737783347993,37.82078849370757,279.31361138177533 1217.6101456496338,83.64055451237095,305.03630610207546
1246.5737783347993,37.82078849370757,279.31361138177533 1199.4027332999458,52.07820751508965,245.0846979726623
1246.5737783347993,37.82078849370757,279.31361138177533 1224.2623170457887,47.31762476533971,224.43184030996318
1246.5737783347993,37.82078849370757,279.31361138177533 1206.3379382794183,20.260948466695115,238.41459925111957
1246.5737783347993,37.82078849370757,279.31361138177533 1204.2745988407464,-4.601760347407499,282.64629257761595
1246.5737783347993,37.82078849370757,279.31361138177533 1208.9624113501914,15.617175722537624,320.4522143412475
1200.0,0.0,280.0 1236.2652299180747,-46.724652370208815,269.91833546122905
1236.2652299180747,-46.724652370208815,269.91833546122905 1204.333191413396,-3.680238524626695,296.8909762964528
1204.333191413396,-3.680238524626695,296.8909762964528 1188.6239426733887,-35.6800269631453,248.62884783204882
1188.6239426733887,-35.6800269631453,248.62884783204882 1151.6989135081715,-74.44668367602743,275.71553364728663
1204.333191413396,-3.680238524626695,296.8909762964528 1164.7916055344247,12.116264660211128,254.6188403993001
1236.2652299180747,-46.724652370208815,269.91833546122905 1189.5014696802746,-73.75865511871291,243.7972056270238
1200.0,0.0,280.0 1201.0912581707817,48.120068001551154,315.82273316109195
1201.0912581707817,48.120068001551154,315.82273316109195 1177.0750713211414,101.23203068256424,330.04743665093105
1177.0750713211414,101.23203068256424,330.04743665093105 1196.1906931366705,57.68965684278178,293.45980645980904
1201.0912581707817,48.120068001551154,315.82273316109195 1156.8485336707201,83.0282691783331,295.23150154632503
1156.8485336707201,83.0282691783331,295.23150154632503 1100.0827832930354,96.39956713276518,309.33320268739953
1100.0827832930354,96.39956713276518,309.33320268739953 1140.7776055972445,133.26505506883166,285.14917413828107
1156.8485336707201,83.0282691783331,295.23150154632503 1215.67036879686,73.57935112109651,302.3525730907513
1215.67036879686,73.57935112109651,302.3525730907513 1173.4761516094375,33.24383367300508,288.4711441968897
1215.67036879686,73.57935112109651,302.3525730907513 1207.3309628910101,112.91124216392406,346.8885883607844
1215.67036879686,73.57935112109651,302.3525730907513 1166.941682711351,103.20224975362723,321.00730517102323
1201.0912581707817,48.120068001551154,315.82273316109195 1153.4468912206546,16.672896643487547,334.29134738897113
1153.4468912206546,16.672896643487547,334.29134738897113 1189.5065379062826,-31.17862218939957,331.13951834958203
1189.5065379062826,-31.17862218939957,331.13951834958203 1143.3720550816306,-44.09914930741368,295.01930969162225
1153.4468912206546,16.672896643487547,334.29134738897113 1113.904892366131,49.235692482277294,365.5338609522259
1201.0912581707817,48.120068001551154,315.82273316109195 1164.063215765579,58.6162466629974,361.85266156800463
1164.063215765579,58.6162466629974,361.85266156800463 1203.6044930273506,89.73638939795319,329.17202343678576
1200.0,0.0,280.0 1144.9173741177956,-23.145085360124444,285.49630326616557
1144.9173741177956,-23.145085360124444,285.49630326616557 1175.2787501410216,27.181984961478843,297.5533691953488
1144.9173741177956,-23.145085360124444,285.49630326616557 1089.8732176160968,-46.38029478927801,279.9948600191737
1200.0,0.0,280.0 1234.101747384915,45.34452544136719,260.4821917779519
1200.0,0.0,280.0 1170.020246701804,-14.526260829987898,230.09807480188303
1170.020246701804,-14.526260829987898,230.09807480188303 1134.9124420959786,-22.724795858402103,278.05874701513557
1134.9124420959786,-22.724795858402103,278.05874701513557 1107.2140774220377,30.395797831021497,281.3758422010703
1170.020246701804,-14.526260829987898,230.09807480188303 1131.849203730898,-44.53256454563929,194.84763911893947
1131.849203730898,-44.53256454563929,194.84763911893947 1087.8306850673143,-36.16679744585835,234.75232500288018
1200.0,0.0,280.0 1218.3590907375833,-38.080919842262716,237.4231596844441
1218.3590907375833,-38.080919842262716,237.4231596844441 1179.873520358645,-66.13336778880361,273.91865306122145
1200.0,0.0,280.0 1189.0122383182195,34.08450155918932,328.1405841955207
1200.0,0.0,280.0 1169.5200313032326,-45.05886731916833,305.31145954222427
1169.5200313032326,-45.05886731916833,305.31145954222427 1116.9472829398985,-19.97323839757767,290.93031385998404
1200.0,0.0,280.0 1162.4616421959588,32.42134031664729,313.7598635282775
1200.0,0.0,280.0 1232.0464649209516,-21.72774402021409,234.16410548639567
1232.0464649209516,-21.72774402021409,234.16410548639567 1174.364270633644,-35.005131521845485,243.986296857614
1232.0464649209516,-21.72774402021409,234.16410548639567 1192.2741424922692,22.474922322700216,242.18200152001444
1200.0,0.0,280.0 1230.9903049272416,9.753197252254328,330.4428007140286
1230.9903049272416,9.753197252254328,330.4428007140286 1183.2281143177904,45.93803460075162,333.51374425783615
1200.0,0.0,280.0 1172.1566497022986,-52.748716329134304,273.4945584448083
1200.0,0.0,280.0 1218.4767911599868,55.71263333437234,267.5617253857292
1200.0,0.0,280.0 1210.123460355718,41.13051602129185,322.49466086755444
1200.0,0.0,280.0 1173.8204857288424,-48.26640178774876,255.81348534844543
1200.0,0.0,280.0 1197.1540529388133,31.229624591396362,228.84717863885342
1200.0,0.0,280.0 1248.0540418313271,1.0356077575473945,244.08709730131
1200.0,0.0,280.0 1172.4152364182912,43.491823229793845,249.2178277197726
1200.0,0.0,280.0 1219.7095084558107,41.32770691655319,241.22428701558405
1200.0,0.0,280.0 1191.868993852772,-30.81951320523371,229.16650371235352
1200.0,0.0,280.0 1226.6202119350708,-53.16462636345199,271.94476442514167
目标树
2480.0,0.0,0.0 2421.3859989562243,0.0,12.821812728325938
2421.3859989562243,0.0,12.821812728325938 2362.7719979124486,0.0,25.643625456651872
2362.7719979124486,0.0,25.643625456651872 2304.157996868673,0.0,38.465438184977806
2304.157996868673,0.0,38.465438184977806 2245.543995824897,0.0,51.28725091330374
2245.543995824897,0.0,51.28725091330374 2186.9299947811214,0.0,64.10906364162967
2186.9299947811214,0.0,64.10906364162967 2128.3159937373457,0.0,76.93087636995561
2128.3159937373457,0.0,76.93087636995561 2069.70199269357,0.0,89.75268909828155
2069.70199269357,0.0,89.75268909828155 2011.0879916497943,0.0,102.57450182660749
2011.0879916497943,0.0,102.57450182660749 2067.8004448769966,0.0,122.16270360605635
2067.8004448769966,0.0,122.16270360605635 2008.7689136159706,0.0,132.89947765502055
2008.7689136159706,0.0,132.89947765502055 2055.8172613075867,0.0,170.13458178390434
2055.8172613075867,0.0,170.13458178390434 1996.3056362915145,0.0,177.7743781127614
1996.3056362915145,0.0,177.7743781127614 1956.602368565052,0.0,222.75938152324085
1956.602368565052,0.0,222.75938152324085 1896.7733445274155,0.0,227.28573576301187
1896.7733445274155,0.0,227.28573576301187 1836.9443204897789,0.0,231.8120900027829
1836.9443204897789,0.0,231.8120900027829 1777.1152964521423,0.0,236.33844424255392
1777.1152964521423,0.0,236.33844424255392 1717.2862724145057,0.0,240.86479848232491
1717.2862724145057,0.0,240.86479848232491 1657.457248376869,0.0,245.3911527220959
1657.457248376869,0.0,245.3911527220959 1699.6140582508588,35.733820036008396,268.75560193200556
1699.6140582508588,35.733820036008396,268.75560193200556 1655.9093798464992,75.99204923176653,277.07281706649064
1655.9093798464992,75.99204923176653,277.07281706649064 1677.4441620457947,87.27532107608202,222.21900286805788
1677.4441620457947,87.27532107608202,222.21900286805788 1700.7461312463422,125.20643235026594,181.9915367673673
1700.7461312463422,125.20643235026594,181.9915367673673 1664.8593183823457,109.39946626330781,227.40383119949487
1655.9093798464992,75.99204923176653,277.07281706649064 1650.731238097422,130.39481130859312,252.30335347846233
1655.9093798464992,75.99204923176653,277.07281706649064 1665.9787331384114,53.52361687042348,222.35739262779688
1665.9787331384114,53.52361687042348,222.35739262779688 1711.8029543370226,58.037942093820526,183.88972283460353
1665.9787331384114,53.52361687042348,222.35739262779688 1679.799354368517,10.51759908196253,182.86723103288142
1665.9787331384114,53.52361687042348,222.35739262779688 1702.9976828245904,97.20494269676004,240.28890506221174
1655.9093798464992,75.99204923176653,277.07281706649064 1688.722070784806,113.69650862104777,310.26469944078815
1688.722070784806,113.69650862104777,310.26469944078815 1733.1705378514528,148.10475244479227,331.25056450256153
1655.9093798464992,75.99204923176653,277.07281706649064 1658.3678320236254,24.523689877999743,246.33255034148792
1655.9093798464992,75.99204923176653,277.07281706649064 1671.0613200614273,118.87596675805037,237.93986004402518
1671.0613200614273,118.87596675805037,237.93986004402518 1658.4989252506884,165.2859330784552,202.04694622029098
1658.4989252506884,165.2859330784552,202.04694622029098 1704.3720584677628,157.48650881776462,164.16786716535233
1671.0613200614273,118.87596675805037,237.93986004402518 1644.09036120918,170.72636806416165,251.50832580053566
1644.09036120918,170.72636806416165,251.50832580053566 1675.515687960076,139.60390181079126,292.05263406824724
1675.515687960076,139.60390181079126,292.05263406824724 1682.3580503983546,180.832285916802,335.10379456678055
1671.0613200614273,118.87596675805037,237.93986004402518 1677.9451359820118,177.97502797916934,245.68027612805702
1655.9093798464992,75.99204923176653,277.07281706649064 1664.1705100787012,17.088968117557776,284.9582950190021
1655.9093798464992,75.99204923176653,277.07281706649064 1688.995274644965,55.842803610049856,231.25435499866722
1655.9093798464992,75.99204923176653,277.07281706649064 1709.8092511726707,75.98467677199825,250.7136855051323
1655.9093798464992,75.99204923176653,277.07281706649064 1676.2697860436033,115.98553225966242,237.24851324600522
1655.9093798464992,75.99204923176653,277.07281706649064 1694.863949679232,114.6870968662318,252.88119087656284
1655.9093798464992,75.99204923176653,277.07281706649064 1705.1850357205544,43.66008813134392,265.82319353579186
1705.1850357205544,43.66008813134392,265.82319353579186 1673.534770652242,8.899310763632378,303.1052143755742
1699.6140582508588,35.733820036008396,268.75560193200556 1706.412959586789,-23.823951583585533,271.3337369813344
1699.6140582508588,35.733820036008396,268.75560193200556 1730.258489175006,-0.19394992466999383,231.7405482512699
1730.258489175006,-0.19394992466999383,231.7405482512699 1722.4647460646395,-37.63977055201862,277.9689819893282
1699.6140582508588,35.733820036008396,268.75560193200556 1745.1617332829805,60.198350657475174,299.20056934272145
1699.6140582508588,35.733820036008396,268.75560193200556 1678.5151204264523,-13.657263853696747,295.5017353886744
1678.5151204264523,-13.657263853696747,295.5017353886744 1732.163299604194,-17.37033798476461,322.1116198568587
1699.6140582508588,35.733820036008396,268.75560193200556 1662.4202192329817,6.110232043316881,232.16241440274666
1699.6140582508588,35.733820036008396,268.75560193200556 1660.7426734778733,76.21908136718613,289.96784039890844
1699.6140582508588,35.733820036008396,268.75560193200556 1738.826074458103,75.85119940575414,247.47148443875002
1657.457248376869,0.0,245.3911527220959 1713.222137029537,21.817568753782187,249.16883550781884
1657.457248376869,0.0,245.3911527220959 1695.4783066392629,40.55254823842255,267.9718958449002
1657.457248376869,0.0,245.3911527220959 1657.5758939153006,58.115986599118386,230.4741146499013
1657.457248376869,0.0,245.3911527220959 1682.8012749256225,-22.755572262707858,294.786134747528
1682.8012749256225,-22.755572262707858,294.786134747528 1658.8872353592196,-52.00587860582169,341.3966302442562
1658.8872353592196,-52.00587860582169,341.3966302442562 1684.3400745785484,-6.437007563195188,370.9876925363652
1684.3400745785484,-6.437007563195188,370.9876925363652 1722.8432683604647,35.638005122195175,352.3544594267718
1722.8432683604647,35.638005122195175,352.3544594267718 1740.1931885959577,-10.320735066803813,386.8040525747629
1682.8012749256225,-22.755572262707858,294.786134747528 1653.6444691070715,-63.6021953597966,261.900970067635
1657.457248376869,0.0,245.3911527220959 1649.1394203612783,-41.57316388568988,287.84684470369746
1649.1394203612783,-41.57316388568988,287.84684470369746 1651.0964633167816,-77.82857523789471,240.07954280634584
1649.1394203612783,-41.57316388568988,287.84684470369746 1673.775265357565,-20.147624652421268,237.50778025189618
1649.1394203612783,-41.57316388568988,287.84684470369746 1663.1110248429134,-78.72813010726762,332.83909685095244
1649.1394203612783,-41.57316388568988,287.84684470369746 1703.180077292802,-62.85705781855217,272.79349765182803
1649.1394203612783,-41.57316388568988,287.84684470369746 1657.7686410707927,-100.94532073634339,288.54221571825366
1649.1394203612783,-41.57316388568988,287.84684470369746 1690.5161081268898,-42.413325595405624,331.28949469018687
1690.5161081268898,-42.413325595405624,331.28949469018687 1655.6027253321097,-8.165876681914817,366.04820503368205
1655.6027253321097,-8.165876681914817,366.04820503368205 1693.7488979742564,-48.15882865521483,342.693691439585
1693.7488979742564,-48.15882865521483,342.693691439585 1646.6930661108952,-75.67525986502434,317.62190049591885
1646.6930661108952,-75.67525986502434,317.62190049591885 1654.4283084736446,-124.83581577925509,284.10465466942946
1654.4283084736446,-124.83581577925509,284.10465466942946 1659.699436236265,-174.49461987077774,317.3645161891337
1654.4283084736446,-124.83581577925509,284.10465466942946 1678.6442094038478,-178.90475169221367,293.5988798289125
1678.6442094038478,-178.90475169221367,293.5988798289125 1626.5304692289615,-205.87178617772327,281.071424538959
1626.5304692289615,-205.87178617772327,281.071424538959 1570.01163915882,-186.24493055574726,285.5889886941827
1570.01163915882,-186.24493055574726,285.5889886941827 1531.0391697398848,-227.91564991559466,267.02295046781336
1531.0391697398848,-227.91564991559466,267.02295046781336 1475.7080947343115,-207.62686301061643,278.2851556094375
1475.7080947343115,-207.62686301061643,278.2851556094375 1420.3770197287383,-187.33807610563818,289.5473607510616
1420.3770197287383,-187.33807610563818,289.5473607510616 1365.0459447231651,-167.04928920065993,300.8095658926857
1365.0459447231651,-167.04928920065993,300.8095658926857 1375.3370593605362,-205.36198843949018,345.82323089072185
1420.3770197287383,-187.33807610563818,289.5473607510616 1383.120136469965,-233.43166886182726,280.2036272002407
1646.6930661108952,-75.67525986502434,317.62190049591885 1650.8571079559795,-123.19809685284098,281.2317820550317
1650.8571079559795,-123.19809685284098,281.2317820550317 1679.6131454919441,-72.14767483586516,294.1524909024157
1646.6930661108952,-75.67525986502434,317.62190049591885 1696.7367203677552,-101.63525343949924,338.15751351898405
1646.6930661108952,-75.67525986502434,317.62190049591885 1704.0232719719188,-60.94702863272336,327.4365171822969
1646.6930661108952,-75.67525986502434,317.62190049591885 1664.5792992978088,-32.964742616717416,355.77808451326297
1646.6930661108952,-75.67525986502434,317.62190049591885 1683.0173693915733,-120.71871274387846,301.758976934237
1646.6930661108952,-75.67525986502434,317.62190049591885 1660.9293329826082,-133.0972680862654,307.61981684314463
1646.6930661108952,-75.67525986502434,317.62190049591885 1683.1540134859806,-51.51824619844783,276.54833226494964
1646.6930661108952,-75.67525986502434,317.62190049591885 1651.960742028552,-23.906256260010167,287.7518175336878
1646.6930661108952,-75.67525986502434,317.62190049591885 1675.3179670794045,-96.8814472639174,365.90142680413834
1646.6930661108952,-75.67525986502434,317.62190049591885 1648.0328384306351,-81.1114445116653,377.3601035708263
1648.0328384306351,-81.1114445116653,377.3601035708263 1661.8803822615382,-138.59132196800462,367.146915162918
1648.0328384306351,-81.1114445116653,377.3601035708263 1691.6698728817441,-54.04141859811266,346.3274929595303
1648.0328384306351,-81.1114445116653,377.3601035708263 1696.7824954508926,-105.98165168413526,352.76449958137977
1648.0328384306351,-81.1114445116653,377.3601035708263 1656.8697498082067,-138.87279770069284,363.73897751321414
1646.6930661108952,-75.67525986502434,317.62190049591885 1668.6353566206265,-110.17924335513149,361.53102267458434
1646.6930661108952,-75.67525986502434,317.62190049591885 1672.0426888009706,-121.98251902654991,346.13565820019414
1646.6930661108952,-75.67525986502434,317.62190049591885 1647.2184947382864,-120.76668689119572,357.2007728080626
1693.7488979742564,-48.15882865521483,342.693691439585 1672.453998419521,-5.681629817599763,379.3299416825267
1693.7488979742564,-48.15882865521483,342.693691439585 1653.0155463920612,-89.20376782801603,358.6970360019672
1693.7488979742564,-48.15882865521483,342.693691439585 1649.5217924127826,-29.75460099906177,306.5654817131849
1649.5217924127826,-29.75460099906177,306.5654817131849 1670.61554667058,-66.19383280846537,263.8193015744614
1670.61554667058,-66.19383280846537,263.8193015744614 1692.2796961581373,-102.50373880260267,221.24870898194888
1649.5217924127826,-29.75460099906177,306.5654817131849 1674.1593035953404,23.001917286617395,292.0829812004233
1693.7488979742564,-48.15882865521483,342.693691439585 1695.9725629617728,-107.7396179353378,335.9717227710417
1655.6027253321097,-8.165876681914817,366.04820503368205 1698.7542709031693,-13.184932162808114,324.6627825167078
1655.6027253321097,-8.165876681914817,366.04820503368205 1696.5778056441968,-16.63629144067761,323.0447764816172
1690.5161081268898,-42.413325595405624,331.28949469018687 1723.804688627464,-14.11752144778368,372.413914149873
1649.1394203612783,-41.57316388568988,287.84684470369746 1675.5157133689795,-94.09068614706335,299.9382061943668
1649.1394203612783,-41.57316388568988,287.84684470369746 1648.3998714140732,-90.83744921142262,253.60530182520728
1649.1394203612783,-41.57316388568988,287.84684470369746 1679.7650184557906,-34.67336055287607,338.97868855194815
1679.7650184557906,-34.67336055287607,338.97868855194815 1726.184858683977,-14.967747074879938,371.4884906221773
1726.184858683977,-14.967747074879938,371.4884906221773 1684.8913477942351,-55.471105120492474,387.4360279062754
1726.184858683977,-14.967747074879938,371.4884906221773 1768.1188985602403,-54.76324846241035,355.43064615378654
1726.184858683977,-14.967747074879938,371.4884906221773 1707.388737244668,13.389972414122838,420.9106067668932
1649.1394203612783,-41.57316388568988,287.84684470369746 1672.353228381902,-79.49130250482835,247.55622692683247
1672.353228381902,-79.49130250482835,247.55622692683247 1710.764516923597,-62.820907615214914,290.5291352155554
1649.1394203612783,-41.57316388568988,287.84684470369746 1683.887819407225,-12.657792174973547,248.39497475340522
1649.1394203612783,-41.57316388568988,287.84684470369746 1658.7445810053812,10.953244115406704,315.20954470759534
1649.1394203612783,-41.57316388568988,287.84684470369746 1690.3747521277985,-3.5589927435987647,309.16749681578847
1690.3747521277985,-3.5589927435987647,309.16749681578847 1705.9378273927862,-3.654198634645945,251.22112830028408
1690.3747521277985,-3.5589927435987647,309.16749681578847 1695.9764120583452,-41.76563412084161,355.0899745439475
1649.1394203612783,-41.57316388568988,287.84684470369746 1697.1834019720618,-77.04962369884606,293.60849638600246
1649.1394203612783,-41.57316388568988,287.84684470369746 1659.713788705379,3.4135630679504416,326.1140255787226
1659.713788705379,3.4135630679504416,326.1140255787226 1699.6683974318403,-8.030016785337216,369.38842588256074
1699.6683974318403,-8.030016785337216,369.38842588256074 1686.1429851258465,37.59027700300357,405.93773526890004
1659.713788705379,3.4135630679504416,326.1140255787226 1693.4300849295125,-23.059545384955953,284.1332454791682
1693.4300849295125,-23.059545384955953,284.1332454791682 1725.2242350580834,-50.23315291992019,241.1131679439332
1725.2242350580834,-50.23315291992019,241.1131679439332 1666.1029272195615,-45.39693380714687,250.12881790142234
1649.1394203612783,-41.57316388568988,287.84684470369746 1687.0982159364137,-60.25176564189383,330.3937561652622
1687.0982159364137,-60.25176564189383,330.3937561652622 1738.4434485906268,-89.82692921317728,320.96100558992305
1687.0982159364137,-60.25176564189383,330.3937561652622 1746.234699939419,-70.32362901045407,331.5911817568287
1649.1394203612783,-41.57316388568988,287.84684470369746 1683.157713159289,5.651527836164696,273.2665756086286
1649.1394203612783,-41.57316388568988,287.84684470369746 1668.6591577198594,-73.8331786521511,334.51879881663035
1668.6591577198594,-73.8331786521511,334.51879881663035 1657.2285085572632,-110.22837353420935,380.8300290876849
1649.1394203612783,-41.57316388568988,287.84684470369746 1653.0286365460447,6.238722005830965,323.88706619253327
1653.0286365460447,6.238722005830965,323.88706619253327 1683.9222654949767,-19.40230444969802,279.2987106198889
1683.9222654949767,-19.40230444969802,279.2987106198889 1711.6191077913747,-46.02571459616365,233.21097950865357
1711.6191077913747,-46.02571459616365,233.21097950865357 1652.668704184549,-41.59705294276799,243.46948186289967
1653.0286365460447,6.238722005830965,323.88706619253327 1707.7953244599985,29.721837864123106,330.89799797950786
1653.0286365460447,6.238722005830965,323.88706619253327 1711.9486346291856,12.173030533514488,314.23212920770885
1653.0286365460447,6.238722005830965,323.88706619253327 1694.5165023005345,49.55006530633776,325.58545856271076
1653.0286365460447,6.238722005830965,323.88706619253327 1712.7514454578081,10.480484566642662,327.78495614309463
1712.7514454578081,10.480484566642662,327.78495614309463 1735.697084608753,65.8140111785915,324.36465255432074
1653.0286365460447,6.238722005830965,323.88706619253327 1697.4801554611454,0.638796142325166,283.97837921258264
1697.4801554611454,0.638796142325166,283.97837921258264 1714.8643034215404,21.157680676905283,230.34287998727797
1653.0286365460447,6.238722005830965,323.88706619253327 1694.2532941844393,25.99279917276888,362.7496965445799
1694.2532941844393,25.99279917276888,362.7496965445799 1679.9192651368792,-24.912274262326523,391.09064059786164
1653.0286365460447,6.238722005830965,323.88706619253327 1685.3017759832278,-30.32553739199203,288.9371104621343
1653.0286365460447,6.238722005830965,323.88706619253327 1697.2716062036777,26.369542581758676,288.7116529211364
1653.0286365460447,6.238722005830965,323.88706619253327 1674.9861123830092,48.994491166004835,359.8010392168458
1674.9861123830092,48.994491166004835,359.8010392168458 1686.3078405893452,107.91124352368065,359.0043196638328
1653.0286365460447,6.238722005830965,323.88706619253327 1666.8837748782423,63.45627188110238,335.47098297687245
1653.0286365460447,6.238722005830965,323.88706619253327 1697.968154876013,-2.6375461485298892,285.1359171008955
1697.968154876013,-2.6375461485298892,285.1359171008955 1670.8288025813804,-9.650930672461705,338.1855918835677
1697.968154876013,-2.6375461485298892,285.1359171008955 1723.420121304539,44.70726374953074,258.4775904347731
1653.0286365460447,6.238722005830965,323.88706619253327 1683.698170923343,5.406565272071898,375.4495251743369
1653.0286365460447,6.238722005830965,323.88706619253327 1666.2308186804921,-33.56754003701351,366.79585187874534
1653.0286365460447,6.238722005830965,323.88706619253327 1702.333697056062,-26.872860859513864,315.364502713454
1653.0286365460447,6.238722005830965,323.88706619253327 1657.2477559494585,-32.66840425037063,278.40702048077384
1653.0286365460447,6.238722005830965,323.88706619253327 1680.1544153842453,-22.155331781507076,278.5222138072033
1653.0286365460447,6.238722005830965,323.88706619253327 1698.1207835364974,7.723728161367632,284.33339333514334
1653.0286365460447,6.238722005830965,323.88706619253327 1699.1202596891926,30.41684261087119,353.7363670225052
1653.0286365460447,6.238722005830965,323.88706619253327 1705.1970294927007,-16.848210951617556,305.300718945654
1653.0286365460447,6.238722005830965,323.88706619253327 1706.468836251015,17.527185264056694,348.7208265352718
1653.0286365460447,6.238722005830965,323.88706619253327 1691.3885807618888,-27.3645708493803,355.4993009924368
1653.0286365460447,6.238722005830965,323.88706619253327 1710.9450490121415,20.42754083962479,330.54789100322483
1653.0286365460447,6.238722005830965,323.88706619253327 1698.1164507331468,-4.935325524011761,361.86376528066046
1653.0286365460447,6.238722005830965,323.88706619253327 1711.2210467375917,-4.146816388082961,313.6019318537276
1653.0286365460447,6.238722005830965,323.88706619253327 1705.967376706746,-2.2173543356148304,296.94296548188817
1653.0286365460447,6.238722005830965,323.88706619253327 1679.6946582314101,2.8023536826540476,270.2483240351794
1653.0286365460447,6.238722005830965,323.88706619253327 1650.597834162717,-3.7894117609613467,264.7809943138461
1650.597834162717,-3.7894117609613467,264.7809943138461 1680.0848611491258,-29.27666379339347,310.39804401390984
1650.597834162717,-3.7894117609613467,264.7809943138461 1667.0387612401219,42.643310548797686,230.52171504909427
1649.1394203612783,-41.57316388568988,287.84684470369746 1655.9949835712287,1.8436363711312325,328.68778872478583
1649.1394203612783,-41.57316388568988,287.84684470369746 1684.4829761813046,-67.86593809845134,328.58408916369297
1684.4829761813046,-67.86593809845134,328.58408916369297 1651.5054119983852,-41.70306812882776,285.82915382852957
1649.1394203612783,-41.57316388568988,287.84684470369746 1663.0839399741449,-80.62905391464642,331.2079773781611
1663.0839399741449,-80.62905391464642,331.2079773781611 1668.1679390237387,-29.52971278086693,300.1755702952846
1649.1394203612783,-41.57316388568988,287.84684470369746 1659.396749328079,-19.880657655948138,232.85391446771666
1649.1394203612783,-41.57316388568988,287.84684470369746 1695.8231130144848,-71.73064466751151,310.4556746856982
1649.1394203612783,-41.57316388568988,287.84684470369746 1676.609681105716,-4.482646678265468,249.51046109858464
1649.1394203612783,-41.57316388568988,287.84684470369746 1673.8200068487142,-75.52959037336589,330.716761321569
1649.1394203612783,-41.57316388568988,287.84684470369746 1688.9075933060087,-77.99860520356562,261.547041559263
1649.1394203612783,-41.57316388568988,287.84684470369746 1657.5284875535797,-39.5049282561222,347.2214685174417
1649.1394203612783,-41.57316388568988,287.84684470369746 1648.5314625512694,-77.37327462243218,239.70141440612676
1649.1394203612783,-41.57316388568988,287.84684470369746 1682.8248894605024,-49.589030412072674,238.84648699687628
1649.1394203612783,-41.57316388568988,287.84684470369746 1662.1921606786377,-3.966257272749303,332.73945595781305
1649.1394203612783,-41.57316388568988,287.84684470369746 1697.2959227411106,-50.85602021084786,322.41243246070917
1649.1394203612783,-41.57316388568988,287.84684470369746 1685.8455826314246,-85.25530813387653,306.40830815026595
1649.1394203612783,-41.57316388568988,287.84684470369746 1683.656444261501,-72.20981547091155,249.50664855504442
1649.1394203612783,-41.57316388568988,287.84684470369746 1696.3617421386516,-49.63687267249611,251.72166059958818
1649.1394203612783,-41.57316388568988,287.84684470369746 1666.5565922974363,-18.68199044085155,340.5026734414986
1649.1394203612783,-41.57316388568988,287.84684470369746 1681.9100324153692,-47.115485264563986,337.8005198371003
1681.9100324153692,-47.115485264563986,337.8005198371003 1690.0342461116034,-104.3928071456872,353.7160955396668
1649.1394203612783,-41.57316388568988,287.84684470369746 1699.0737316681389,-11.416755851330311,301.88805579016525
1649.1394203612783,-41.57316388568988,287.84684470369746 1667.3151675222791,-0.6056855199605096,247.95564352483012
1667.3151675222791,-0.6056855199605096,247.95564352483012 1721.099261559718,-12.579415836092277,224.20904353896924
1649.1394203612783,-41.57316388568988,287.84684470369746 1694.8792491945387,-6.660485745551277,304.8460494906026
1649.1394203612783,-41.57316388568988,287.84684470369746 1672.1832207729858,-96.54745480450255,281.00501742152085
1649.1394203612783,-41.57316388568988,287.84684470369746 1697.5521695263174,-44.38764076440677,252.5157756824779
1649.1394203612783,-41.57316388568988,287.84684470369746 1663.7407189326254,-90.09321706686598,255.71264922090654
1649.1394203612783,-41.57316388568988,287.84684470369746 1707.7308243751065,-44.64347042836935,275.2921406680647
1649.1394203612783,-41.57316388568988,287.84684470369746 1685.5884506738375,-82.42992615589628,263.30722029601804
1685.5884506738375,-82.42992615589628,263.30722029601804 1699.4318208119364,-45.621652691265936,308.62291413129526
1649.1394203612783,-41.57316388568988,287.84684470369746 1696.518146976005,-4.847906649182249,290.39865685966083
1657.457248376869,0.0,245.3911527220959 1702.5401010114076,32.91047055612434,223.38121573656704
1657.457248376869,0.0,245.3911527220959 1688.4806743099723,-47.507213572799365,225.88188051830286
1688.4806743099723,-47.507213572799365,225.88188051830286 1651.5947168547364,-36.48592641494095,179.86060965368478
1657.457248376869,0.0,245.3911527220959 1708.684246394554,-30.069428261759906,236.92804702105593
1708.684246394554,-30.069428261759906,236.92804702105593 1675.0421153229368,15.010426415505034,216.04710548967873
1708.684246394554,-30.069428261759906,236.92804702105593 1766.2949293344304,-39.12290650943073,222.81976070343393
1657.457248376869,0.0,245.3911527220959 1705.8853487688764,-31.717189772826025,229.6196922527478
1705.8853487688764,-31.717189772826025,229.6196922527478 1745.495626608282,-21.523056906069172,273.51850253936027
1657.457248376869,0.0,245.3911527220959 1679.563364426678,-43.56603425738033,280.22390013422444
1679.563364426678,-43.56603425738033,280.22390013422444 1712.907138114552,-91.30604350718079,294.6836467807189
1657.457248376869,0.0,245.3911527220959 1693.2787427634014,48.07845783398985,247.68950696391676
1657.457248376869,0.0,245.3911527220959 1671.0519716047716,18.17153834076793,189.8485682063684
1657.457248376869,0.0,245.3911527220959 1688.0971921223834,-43.88369814744788,218.27261876143734
1657.457248376869,0.0,245.3911527220959 1701.3671630329436,-28.928314111706783,274.28876572993227
1701.3671630329436,-28.928314111706783,274.28876572993227 1722.889978871497,-82.09217399066088,256.67137656040313
1657.457248376869,0.0,245.3911527220959 1685.2773460084004,19.199807842661684,294.9634186232722
1685.2773460084004,19.199807842661684,294.9634186232722 1703.886045205355,-37.820144011345796,293.40091909881454
1703.886045205355,-37.820144011345796,293.40091909881454 1760.288568515098,-20.07428046697943,303.59109531704667
1703.886045205355,-37.820144011345796,293.40091909881454 1737.6911159656254,-84.57103666403708,309.880337385564
1657.457248376869,0.0,245.3911527220959 1663.5105721651823,58.65060805668628,234.27974211431052
1657.457248376869,0.0,245.3911527220959 1662.0983907175712,-40.45628155993514,289.4564347490681
1662.0983907175712,-40.45628155993514,289.4564347490681 1711.5106578950915,-32.27097563955236,256.4196579788218
1711.5106578950915,-32.27097563955236,256.4196579788218 1767.0377138400665,-26.398855390026867,234.45914200449343
1657.457248376869,0.0,245.3911527220959 1697.7235517759293,-44.47378817906562,246.23197112010152
1657.457248376869,0.0,245.3911527220959 1660.579756221457,-51.31676932520353,214.45833631646713
1657.457248376869,0.0,245.3911527220959 1708.2955259027372,29.609845002737483,233.61292632264656
1657.457248376869,0.0,245.3911527220959 1691.0851814693829,-28.585283538359196,204.74581250999998
1657.457248376869,0.0,245.3911527220959 1711.3835751075328,15.634604183170598,224.23671022475546
1657.457248376869,0.0,245.3911527220959 1666.12160940992,-4.020593235506027,304.6259708439029
1657.457248376869,0.0,245.3911527220959 1659.419594072441,-34.08620806703706,196.05273342251024
1657.457248376869,0.0,245.3911527220959 1666.3136915829698,-5.598517893887827,186.31306870501788
1657.457248376869,0.0,245.3911527220959 1716.5439789274692,7.700543846522133,252.42392581018566
1716.5439789274692,7.700543846522133,252.42392581018566 1716.8873055872086,30.56681038316617,307.8947828567454
1657.457248376869,0.0,245.3911527220959 1687.8126079006847,40.67191806889484,277.3965777118848
1657.457248376869,0.0,245.3911527220959 1694.8800665787257,17.332942906778946,288.9698375120379
1657.457248376869,0.0,245.3911527220959 1692.1862477346046,-19.30170906494302,200.43183076565742
1657.457248376869,0.0,245.3911527220959 1663.6713912602645,44.26857075143452,205.37018232094266
1663.6713912602645,44.26857075143452,205.37018232094266 1696.5782083721213,5.559030122105085,173.45290092303676
1657.457248376869,0.0,245.3911527220959 1672.63343044443,57.24965483128623,254.9911797819968
1717.2862724145057,0.0,240.86479848232491 1777.1996431780126,0.5334429694987873,244.0433897352007
1777.1996431780126,0.5334429694987873,244.0433897352007 1748.2962370160617,7.333782068050006,191.90560592746664
1777.1996431780126,0.5334429694987873,244.0433897352007 1759.7923015205802,-51.28825164045593,219.31493599919028
1777.1996431780126,0.5334429694987873,244.0433897352007 1823.1573580556292,26.463998313137314,215.48652116040438
1717.2862724145057,0.0,240.86479848232491 1761.3955627633243,1.1350043438951511,200.20668403928966
1761.3955627633243,1.1350043438951511,200.20668403928966 1717.0594611854845,-39.22269607174562,197.84742270555228
1717.0594611854845,-39.22269607174562,197.84742270555228 1767.2738616172078,-34.52250349269169,165.3447739057645
1761.3955627633243,1.1350043438951511,200.20668403928966 1723.7668852501413,-24.25250756047699,239.4438713481965
1723.7668852501413,-24.25250756047699,239.4438713481965 1764.287601633936,19.975719318291713,240.83509056321566
1717.2862724145057,0.0,240.86479848232491 1728.2878830635545,-52.90485871658336,214.787212564432
1717.2862724145057,0.0,240.86479848232491 1668.928096971595,-0.2581242625488972,276.3812769071035
1668.928096971595,-0.2581242625488972,276.3812769071035 1702.1053708935522,-37.59341945506724,309.62799445929113
1717.2862724145057,0.0,240.86479848232491 1754.347317110102,16.535684025770088,285.05812512641114
1754.347317110102,16.535684025770088,285.05812512641114 1711.7871366195038,28.292452658245203,325.6833565464308
1754.347317110102,16.535684025770088,285.05812512641114 1768.65778608355,53.48365004930193,240.00195701943693
1717.2862724145057,0.0,240.86479848232491 1718.7114655737614,-46.09411485029894,279.2484069711872
1718.7114655737614,-46.09411485029894,279.2484069711872 1677.4997312045807,-59.34482787140681,320.79370218877267
1718.7114655737614,-46.09411485029894,279.2484069711872 1735.8506096385488,-16.40143144206153,230.0082374675731
1718.7114655737614,-46.09411485029894,279.2484069711872 1717.925676395496,-11.756426372604793,230.05180459484262
1718.7114655737614,-46.09411485029894,279.2484069711872 1693.281379329482,-94.19717574230124,304.5348904441581
1693.281379329482,-94.19717574230124,304.5348904441581 1738.4267907158962,-59.5515680133823,323.5499817099212
1718.7114655737614,-46.09411485029894,279.2484069711872 1746.6611168614857,-99.1712561256376,277.97010069632455
1746.6611168614857,-99.1712561256376,277.97010069632455 1792.2895065067717,-121.73007494324027,309.73721815971015
1718.7114655737614,-46.09411485029894,279.2484069711872 1685.1553112412123,-29.2380286767682,232.4525004694359
1685.1553112412123,-29.2380286767682,232.4525004694359 1662.4352753293476,-31.003557342417523,176.9486008163994
1717.2862724145057,0.0,240.86479848232491 1775.9743362090694,-6.752031409601063,230.37093170744222
1717.2862724145057,0.0,240.86479848232491 1711.4242494755492,-40.05891041400652,285.14707917681653
1717.2862724145057,0.0,240.86479848232491 1775.731201956367,-13.210617588114207,237.75516927814505
1775.731201956367,-13.210617588114207,237.75516927814505 1759.5697106618122,-43.5103474539019,286.9561100130164
1717.2862724145057,0.0,240.86479848232491 1696.2559521886226,53.156342268153736,259.089202666487
1717.2862724145057,0.0,240.86479848232491 1759.6253663159775,30.384575700792123,211.12965619100268
1759.6253663159775,30.384575700792123,211.12965619100268 1774.788677218613,-1.9024952446942542,259.3750606584869
1717.2862724145057,0.0,240.86479848232491 1759.680840495965,40.41085430911069,227.83930612332603
1717.2862724145057,0.0,240.86479848232491 1718.338779828324,-58.36665720447795,254.72934156599047
1717.2862724145057,0.0,240.86479848232491 1739.554417450934,36.04395650653474,283.34965361908667
1717.2862724145057,0.0,240.86479848232491 1766.147187427007,-11.157948811233066,273.85132849787857
1717.2862724145057,0.0,240.86479848232491 1683.313240362901,43.69834359271898,217.7069086718669
1717.2862724145057,0.0,240.86479848232491 1671.7865231683543,39.03509086862947,243.32132029480215
1717.2862724145057,0.0,240.86479848232491 1677.9817332477835,-22.78658889432434,201.67392495987502
1717.2862724145057,0.0,240.86479848232491 1741.869105446334,-30.684584799295227,195.54217084640663
1717.2862724145057,0.0,240.86479848232491 1758.7582029163389,-22.87152799057513,204.02769506976733
1717.2862724145057,0.0,240.86479848232491 1740.7083652592057,54.16224199056921,251.72099990498052
1717.2862724145057,0.0,240.86479848232491 1670.4505647579197,-24.722945153204602,212.6656412031003
1717.2862724145057,0.0,240.86479848232491 1703.4594072204798,-56.151957478018296,256.8577803898074
1717.2862724145057,0.0,240.86479848232491 1752.7527307462028,45.34545298962721,257.77397429226585
1777.1152964521423,0.0,236.33844424255392 1735.3406348357423,25.504997658853227,201.6343704001768
1735.3406348357423,25.504997658853227,201.6343704001768 1688.1999607047624,42.62688895915305,168.70113975425525
1688.1999607047624,42.62688895915305,168.70113975425525 1717.9980247144763,92.88601368616122,155.05944766903238
1735.3406348357423,25.504997658853227,201.6343704001768 1768.1832145357491,72.76860872078527,184.67807280798067
1836.9443204897789,0.0,231.8120900027829 1800.5244431083481,-47.65893935254161,230.32278435506828
1896.7733445274155,0.0,227.28573576301187 1892.4654997933862,-55.14301361153266,250.5384887954126
1956.602368565052,0.0,222.75938152324085 1997.7303390618551,43.43721026401949,227.41757938222693
1997.7303390618551,43.43721026401949,227.41757938222693 1981.2723017815508,81.6988971074374,184.22989214643795
1981.2723017815508,81.6988971074374,184.22989214643795 2034.6700083907444,84.66509523398864,157.02903558726848
2034.6700083907444,84.66509523398864,157.02903558726848 2067.762398910575,83.77963243005598,207.07011516501007
1997.7303390618551,43.43721026401949,227.41757938222693 1983.6567230398578,42.501480767559265,285.7361676914001
1983.6567230398578,42.501480767559265,285.7361676914001 1979.8820281368937,78.97215780667176,238.24257449507215
1983.6567230398578,42.501480767559265,285.7361676914001 1991.764515219473,87.6870304149225,247.10289435043347
2055.8172613075867,0.0,170.13458178390434 2038.420191623724,49.256759598478276,199.6492154470982
2055.8172613075867,0.0,170.13458178390434 2018.7973977447082,-16.123465663497285,125.75481661120568
2008.7689136159706,0.0,132.89947765502055 2007.9440583433513,-36.938806987654964,85.62533935395783
2067.8004448769966,0.0,122.16270360605635 2030.6892581917348,-33.2898338751668,88.77787496525832
2067.8004448769966,0.0,122.16270360605635 2115.9051493843367,35.77249435769083,119.65949532657251
2011.0879916497943,0.0,102.57450182660749 2009.6558664441563,-24.255713517952568,47.71459498080261
2069.70199269357,0.0,89.75268909828155 2038.4906398177982,-43.82189256155624,63.191567435455056
2128.3159937373457,0.0,76.93087636995561 2112.138031930488,57.68831746481284,80.14515387117194
2112.138031930488,57.68831746481284,80.14515387117194 2123.0004409215,-0.41323337835440554,90.45135882405538
2186.9299947811214,0.0,64.10906364162967 2148.825135179231,4.713290851418072,18.002615458429112
2148.825135179231,4.713290851418072,18.002615458429112 2156.66266428615,44.12923269198047,-26.550237046428485
2148.825135179231,4.713290851418072,18.002615458429112 2174.780319004881,6.551710924307824,72.06691647316808
2245.543995824897,0.0,51.28725091330374 2192.4254473650435,-27.88311573151856,50.31171689496176
2192.4254473650435,-27.88311573151856,50.31171689496176 2204.358058180794,6.408498725885796,2.5445945509837244
2245.543995824897,0.0,51.28725091330374 2266.4817287783094,34.29540337325276,95.84548972766315
2245.543995824897,0.0,51.28725091330374 2245.967026621753,-59.96530317796109,49.29139026683546
2245.967026621753,-59.96530317796109,49.29139026683546 2275.626203656795,-55.240153008697085,-2.650944812384438
2245.543995824897,0.0,51.28725091330374 2248.6062407741388,-5.660677626009399,-8.366578676130338
2245.543995824897,0.0,51.28725091330374 2284.6551758642777,-22.724626817166367,11.867624685399406
2245.543995824897,0.0,51.28725091330374 2241.916912363598,-35.213457196690605,2.842883874177211
2362.7719979124486,0.0,25.643625456651872 2361.252082463756,4.932405729758015,-34.133972611068074
2361.252082463756,4.932405729758015,-34.133972611068074 2405.281853934711,-7.3409200861937585,-73.00227200313003
2405.281853934711,-7.3409200861937585,-73.00227200313003 2364.4528515915563,-50.040671330872655,-62.52735857603039
2361.252082463756,4.932405729758015,-34.133972611068074 2399.5039011160875,-30.882079284851166,-63.35932176086362
2362.7719979124486,0.0,25.643625456651872 2419.165348405494,10.88410419693505,8.284872736516697
2421.3859989562243,0.0,12.821812728325938 2393.3840015381606,-16.665774509319203,-37.558144601978405
2393.3840015381606,-16.665774509319203,-37.558144601978405 2346.8838236424244,-28.819766765577256,-1.6413807179684383
2393.3840015381606,-16.665774509319203,-37.558144601978405 2392.069353407831,-20.16580422705531,22.32525453558211
2421.3859989562243,0.0,12.821812728325938 2461.0861492646477,40.8681271279263,31.628573495247895
2421.3859989562243,0.0,12.821812728325938 2473.611499002404,4.290518895693797,-16.40298141179083
