起始树
1200.0,0.0,280.0 1206.5222223882572,-49.88259270323806,312.698433606535
1206.5222223882572,-49.88259270323806,312.698433606535 1241.4255094064436,-60.464012058364176,265.0560772441859
1241.4255094064436,-60.464012058364176,265.0560772441859 1229.8626959664352,-15.751944734889356,226.75291313190112
1241.4255094064436,-60.464012058364176,265.0560772441859 1232.5235782107545,-1.141670388267876,263.7850934663297
1241.4255094064436,-60.464012058364176,265.0560772441859 1222.8940640224375,-18.17862645830069,226.73465116642168
1241.4255094064436,-60.464012058364176,265.0560772441859 1184.6989324090525,-43.20681622735968,274.2367446605247
1184.6989324090525,-43.20681622735968,274.2367446605247 1223.7816014502994,-33.540978903628144,229.749481658138
1241.4255094064436,-60.464012058364176,265.0560772441859 1189.0137567653194,-66.09621174660396,236.3979804518761
1189.0137567653194,-66.09621174660396,236.3979804518761 1198.0598993586618,-34.812622494282024,286.7914755447244
1189.0137567653194,-66.09621174660396,236.3979804518761 1223.8758637508943,-102.8484879807817,204.24360768341705
1241.4255094064436,-60.464012058364176,265.0560772441859 1186.3358547594394,-51.05740310745808,286.88829332314936
1241.4255094064436,-60.464012058364176,265.0560772441859 1213.448113452742,-18.833150442439297,297.9823080756296
1241.4255094064436,-60.464012058364176,265.0560772441859 1184.9961809198346,-64.61736985882231,285.0180537378042
1184.9961809198346,-64.61736985882231,285.0180537378042 1223.691302860239,-27.117055154984925,258.6283979020341
1241.4255094064436,-60.464012058364176,265.0560772441859 1195.8058433977503,-99.37529271319113,267.2374325697942
1241.4255094064436,-60.464012058364176,265.0560772441859 1208.8673782435458,-26.88332948549224,227.47541927869048
1241.4255094064436,-60.464012058364176,265.0560772441859 1189.0774863320203,-35.10314890806454,279.7703934182872
1241.4255094064436,-60.464012058364176,265.0560772441859 1229.0219102432236,-43.05745248964485,321.1199908765644
1241.4255094064436,-60.464012058364176,265.0560772441859 1204.217773872176,-107.13722693592825,271.1548828161596
1241.4255094064436,-60.464012058364176,265.0560772441859 1206.6850398919664,-91.89595710396937,227.570978757404
1241.4255094064436,-60.464012058364176,265.0560772441859 1194.3508567941947,-82.77272497299568,294.826841586551
1241.4255094064436,-60.464012058364176,265.0560772441859 1210.82474064777,-95.23518436060017,226.91740227891722
1241.4255094064436,-60.464012058364176,265.0560772441859 1209.147852071783,-30.34044234776097,224.42698194442968
1206.5222223882572,-49.88259270323806,312.698433606535 1179.6481541690223,-16.6326849558426,354.7962731251801
1179.6481541690223,-16.6326849558426,354.7962731251801 1216.5192847105843,-41.377856319202294,395.14718670573063
1216.5192847105843,-41.377856319202294,395.14718670573063 1204.1112443776626,-75.6546007019376,442.8037217205344
1216.5192847105843,-41.377856319202294,395.14718670573063 1161.9321440249478,-19.102624981856238,406.2853257169952
1216.5192847105843,-41.377856319202294,395.14718670573063 1188.1059594939552,-74.28956446897433,353.80105730044886
1179.6481541690223,-16.6326849558426,354.7962731251801 1143.7063173111685,31.29367751677345,358.15009831842497
1206.5222223882572,-49.88259270323806,312.698433606535 1191.9867946722218,-18.263738812984073,263.821348793929
1191.9867946722218,-18.263738812984073,263.821348793929 1216.9434421037913,-56.54900614844386,224.94456839703005
1216.9434421037913,-56.54900614844386,224.94456839703005 1157.9738040765365,-45.73013540722404,227.29697712412482
1216.9434421037913,-56.54900614844386,224.94456839703005 1165.1349203623727,-65.53266492487252,196.0452440111961
1165.1349203623727,-65.53266492487252,196.0452440111961 1148.6070432221625,-36.95405305992411,145.9444234479484
1191.9867946722218,-18.263738812984073,263.821348793929 1171.3645235344936,26.204315945466057,298.42357472119426
1171.3645235344936,26.204315945466057,298.42357472119426 1141.0736918787554,-25.584714514600336,297.8220420038409
1191.9867946722218,-18.263738812984073,263.821348793929 1167.9486368287148,-72.77375084836812,256.69214439281
1167.9486368287148,-72.77375084836812,256.69214439281 1112.4575575072536,-95.47736217857495,254.39298187001887
1206.5222223882572,-49.88259270323806,312.698433606535 1211.0283446967067,-80.04672438709298,261.0281324510322
1206.5222223882572,-49.88259270323806,312.698433606535 1221.4413939385547,6.300092182749346,327.56195402582443
1206.5222223882572,-49.88259270323806,312.698433606535 1213.3640674205835,-92.42915210920484,270.94942835768893
1206.5222223882572,-49.88259270323806,312.698433606535 1223.9721418505274,-32.108007078824016,258.11304713139253
1206.5222223882572,-49.88259270323806,312.698433606535 1245.3117353191376,-31.811637593148497,354.7557072698883
1245.3117353191376,-31.811637593148497,354.7557072698883 1213.8192562828401,-75.90918927664347,328.9946960383808
1245.3117353191376,-31.811637593148497,354.7557072698883 1197.1978259830157,-35.3437594195805,390.4288882858657
1206.5222223882572,-49.88259270323806,312.698433606535 1227.2651207861127,-73.54092830899143,363.7867426646922
1206.5222223882572,-49.88259270323806,312.698433606535 1220.909207437886,1.5308997917273857,285.31837789709766
1206.5222223882572,-49.88259270323806,312.698433606535 1227.6052056931178,-44.92103276859255,368.6527965997984
1200.0,0.0,280.0 1153.08281091574,-0.8648259480843535,317.3902319397903
1153.08281091574,-0.8648259480843535,317.3902319397903 1134.0823425536576,-43.07698076436776,355.5624232285756
1134.0823425536576,-43.07698076436776,355.5624232285756 1154.1976304514972,12.344003400829102,344.43184790885266
1200.0,0.0,280.0 1240.4199387434685,-43.805745923718014,286.87642174687716
1240.4199387434685,-43.805745923718014,286.87642174687716 1229.4014671284608,4.448631532573351,320.78966900477076
1229.4014671284608,4.448631532573351,320.78966900477076 1171.3794694463409,19.648088780886027,319.2326576583843
1171.3794694463409,19.648088780886027,319.2326576583843 1178.513673268471,29.89905748089779,377.9184376782127
1240.4199387434685,-43.805745923718014,286.87642174687716 1193.1876161200214,-7.488237265744971,279.7950190275945
1193.1876161200214,-7.488237265744971,279.7950190275945 1227.2277207700183,27.46911636946392,314.71284688443865
1240.4199387434685,-43.805745923718014,286.87642174687716 1209.6644091480991,-77.83837617807622,248.19984644245682
1240.4199387434685,-43.805745923718014,286.87642174687716 1246.7088112930846,1.1873580479989414,326.0691593017476
1246.7088112930846,1.1873580479989414,326.0691593017476 1211.407182742758,-41.9614671679261,348.2496440615611
1211.407182742758,-41.9614671679261,348.2496440615611 1189.4702824786677,-97.67265576617883,352.12725566837094
1189.4702824786677,-97.67265576617883,352.12725566837094 1205.958259789442,-109.28997328513466,408.6355253097531
1189.4702824786677,-97.67265576617883,352.12725566837094 1161.5149826378217,-61.90480023897395,391.35940730186405
1246.7088112930846,1.1873580479989414,326.0691593017476 1226.9219901719775,6.64391238465435,382.4491887864192
1226.9219901719775,6.64391238465435,382.4491887864192 1190.467025822048,-8.426376726277045,427.65894393238653
1190.467025822048,-8.426376726277045,427.65894393238653 1244.8409566004505,7.068753513351876,407.57470656666976
1226.9219901719775,6.64391238465435,382.4491887864192 1167.9900481564532,15.399409774732401,389.5461934877855
1167.9900481564532,15.399409774732401,389.5461934877855 1112.1459301740774,22.273527492189086,368.70918332852676
1167.9900481564532,15.399409774732401,389.5461934877855 1125.480225905941,47.68901585239368,362.1546555320714
1226.9219901719775,6.64391238465435,382.4491887864192 1245.0475187440475,-20.209844720146084,331.948288365343
1246.7088112930846,1.1873580479989414,326.0691593017476 1208.5822055207855,0.7109364955376487,279.7427634265229
1208.5822055207855,0.7109364955376487,279.7427634265229 1180.4679197805597,47.571534794913376,304.515152579398
1246.7088112930846,1.1873580479989414,326.0691593017476 1194.2816951638729,-9.877506553024153,353.0685345859123
1246.7088112930846,1.1873580479989414,326.0691593017476 1210.584673022659,-6.219759410051811,373.3997122795209
1246.7088112930846,1.1873580479989414,326.0691593017476 1231.7369595080668,-23.28001351989606,378.7682236453014
1246.7088112930846,1.1873580479989414,326.0691593017476 1239.8307167776363,-47.28578374877265,360.75411771583015
1239.8307167776363,-47.28578374877265,360.75411771583015 1229.380845503257,7.370774415869306,383.19205077447026
1239.8307167776363,-47.28578374877265,360.75411771583015 1187.8095233696677,-74.96889011982378,372.04309721177196
1246.7088112930846,1.1873580479989414,326.0691593017476 1225.2096719150509,-15.680776753363201,379.4850093308069
1246.7088112930846,1.1873580479989414,326.0691593017476 1241.0200453314983,47.58404298361949,288.45286537452694
1246.7088112930846,1.1873580479989414,326.0691593017476 1216.4130949890862,-15.573381052531168,277.066636933694
1246.7088112930846,1.1873580479989414,326.0691593017476 1191.0337720605305,19.786914723442038,338.4927859031281
1246.7088112930846,1.1873580479989414,326.0691593017476 1197.9550460824405,-33.1889510993784,332.4987586041397
1246.7088112930846,1.1873580479989414,326.0691593017476 1228.5668001451795,-38.01331509098521,284.42573656826175
1228.5668001451795,-38.01331509098521,284.42573656826175 1221.0980828265122,-96.54944514018689,273.57494210533025
1246.7088112930846,1.1873580479989414,326.0691593017476 1214.1124733721615,-43.24126322279016,349.80892269824693
1246.7088112930846,1.1873580479989414,326.0691593017476 1204.2820618182113,-35.258220535918106,347.7876014806855
1246.7088112930846,1.1873580479989414,326.0691593017476 1228.7878159559054,-38.91354333058526,366.9440370966704
1246.7088112930846,1.1873580479989414,326.0691593017476 1230.15228265396,43.28454730479464,286.65205621058465
1240.4199387434685,-43.805745923718014,286.87642174687716 1239.069564617397,6.37555478376138,319.7399813383938
1240.4199387434685,-43.805745923718014,286.87642174687716 1225.8111610125372,-90.41046828273187,252.02554705129052
1225.8111610125372,-90.41046828273187,252.02554705129052 1236.0941210773462,-69.64740829478421,307.37133345136283
1236.0941210773462,-69.64740829478421,307.37133345136283 1189.6583614615365,-72.09240179875486,345.28890504644625
1189.6583614615365,-72.09240179875486,345.28890504644625 1143.5580849239336,-87.0583108040291,380.6553590785144
1189.6583614615365,-72.09240179875486,345.28890504644625 1232.1802168357117,-58.58225419684089,385.40583074261866
1232.1802168357117,-58.58225419684089,385.40583074261866 1188.8446241928236,-96.0103982585587,367.48488092445996
1232.1802168357117,-58.58225419684089,385.40583074261866 1191.8746934645517,-18.068664812415193,367.1270490280998
1236.0941210773462,-69.64740829478421,307.37133345136283 1196.3419003557435,-69.15958326385898,352.3104364068089
1236.0941210773462,-69.64740829478421,307.37133345136283 1191.3867499883388,-33.269024635124175,290.7020751409174
1236.0941210773462,-69.64740829478421,307.37133345136283 1212.8261079170259,-41.51736792525292,354.9875112943995
1236.0941210773462,-69.64740829478421,307.37133345136283 1221.3492486078042,-118.5057005848953,338.9221814645464
1221.3492486078042,-118.5057005848953,338.9221814645464 1237.5895916808581,-152.21700349532625,292.02016324623645
1237.5895916808581,-152.21700349532625,292.02016324623645 1295.1839949621751,-158.55655754811994,307.5988270233622
1295.1839949621751,-158.55655754811994,307.5988270233622 1352.7783982434921,-164.89611160091363,323.177490800488
1352.7783982434921,-164.89611160091363,323.177490800488 1410.3728015248091,-171.2356656537073,338.7561545776138
1410.3728015248091,-171.2356656537073,338.7561545776138 1467.9672048061261,-177.57521970650097,354.3348183547396
1225.8111610125372,-90.41046828273187,252.02554705129052 1218.2714845282978,-125.24844215841716,300.29011847537004
1225.8111610125372,-90.41046828273187,252.02554705129052 1223.8627570235892,-80.91426566017718,311.23725077316664
1225.8111610125372,-90.41046828273187,252.02554705129052 1187.2337517619187,-76.61522655015781,295.86017720885144
1225.8111610125372,-90.41046828273187,252.02554705129052 1214.1794408135545,-43.755769920329804,287.91485194739926
1240.4199387434685,-43.805745923718014,286.87642174687716 1184.6756285996394,-21.650083813997128,285.5731477662911
1240.4199387434685,-43.805745923718014,286.87642174687716 1199.9112554323556,-13.103559794626644,318.7578010033427
1240.4199387434685,-43.805745923718014,286.87642174687716 1205.6655439812234,-90.88561061313686,273.6243130265244
1205.6655439812234,-90.88561061313686,273.6243130265244 1187.6854676524429,-126.12364240582414,228.5133612455125
1205.6655439812234,-90.88561061313686,273.6243130265244 1169.843345845238,-72.34037088275764,318.04102389134385
1240.4199387434685,-43.805745923718014,286.87642174687716 1213.7855063693223,-93.9328717530532,306.31551298584804
1240.4199387434685,-43.805745923718014,286.87642174687716 1206.5722553109401,-80.76416831691716,253.88537234772605
1240.4199387434685,-43.805745923718014,286.87642174687716 1232.4838016997203,-7.08004573773556,333.65505655671507
1240.4199387434685,-43.805745923718014,286.87642174687716 1201.9823529830442,-83.59475642330412,263.65172273109124
1240.4199387434685,-43.805745923718014,286.87642174687716 1214.3719846167553,-68.59576862727984,238.84561017587066
1240.4199387434685,-43.805745923718014,286.87642174687716 1210.6457994637908,-2.6519694714017774,254.94106025108158
1210.6457994637908,-2.6519694714017774,254.94106025108158 1176.6807767821565,-9.08109195227308,303.9823043050615
1240.4199387434685,-43.805745923718014,286.87642174687716 1193.1391899344708,-25.338030729972946,254.8846370579422
1240.4199387434685,-43.805745923718014,286.87642174687716 1202.2581021513538,-7.189581405829699,315.21245400115856
1200.0,0.0,280.0 1196.3666813042628,42.95737822653157,238.26916426480392
1200.0,0.0,280.0 1161.5956611995664,17.089768747654812,237.1859069294561
1161.5956611995664,17.089768747654812,237.1859069294561 1212.2665052508548,45.814725010527155,222.786516288666
1212.2665052508548,45.814725010527155,222.786516288666 1182.734757426279,5.4581642438245055,189.63197099681963
1161.5956611995664,17.089768747654812,237.1859069294561 1117.6140803083115,-1.7967799385460204,273.36489006925376
1200.0,0.0,280.0 1155.3735794200786,-36.64937836087424,296.28820591671956
1155.3735794200786,-36.64937836087424,296.28820591671956 1138.5568540239378,-92.40340162150913,310.7341962671032
1138.5568540239378,-92.40340162150913,310.7341962671032 1107.3821142413835,-143.25196441447116,304.21045030483333
1138.5568540239378,-92.40340162150913,310.7341962671032 1146.937832840763,-103.34693444981818,369.1293868508118
1146.937832840763,-103.34693444981818,369.1293868508118 1176.1800991392047,-59.74710442131495,398.18011288677593
1176.1800991392047,-59.74710442131495,398.18011288677593 1188.4509597139681,-118.4787256972703,398.3305889727994
1176.1800991392047,-59.74710442131495,398.18011288677593 1168.713761155779,-0.21545342945659485,398.6662479511581
1138.5568540239378,-92.40340162150913,310.7341962671032 1162.4328275173393,-136.1402570556487,277.3122668423143
1155.3735794200786,-36.64937836087424,296.28820591671956 1168.8098554289923,-27.695336308586974,354.0748100558984
1155.3735794200786,-36.64937836087424,296.28820591671956 1139.8532054070877,-36.50869928149576,354.24593361452963
1200.0,0.0,280.0 1235.9499636657822,32.28905725810004,315.5670759806324
1235.9499636657822,32.28905725810004,315.5670759806324 1232.6373668891467,77.37895526158492,355.01232665331486
1200.0,0.0,280.0 1194.6052097213849,-19.723493303872868,336.4081558796407
1194.6052097213849,-19.723493303872868,336.4081558796407 1219.8251317798074,17.548212013001706,296.7247145704603
1200.0,0.0,280.0 1142.8340254813,18.01822423544361,277.28063376342783
1142.8340254813,18.01822423544361,277.28063376342783 1109.1840270349153,67.63187719612927,279.76318173979314
1109.1840270349153,67.63187719612927,279.76318173979314 1060.4891850437853,46.23354527267385,251.99766797986968
1060.4891850437853,46.23354527267385,251.99766797986968 1028.1569693320464,81.31841580820053,288.38007700779025
1200.0,0.0,280.0 1149.3176472459459,28.83590737086669,265.8653063205308
1149.3176472459459,28.83590737086669,265.8653063205308 1166.715375883374,73.6059812029103,301.8230527367312
1149.3176472459459,28.83590737086669,265.8653063205308 1111.067699893202,-15.177537942342678,251.7317236475687
1149.3176472459459,28.83590737086669,265.8653063205308 1199.1625561910287,1.3172450530225426,284.79169732602514
1200.0,0.0,280.0 1170.9819833433048,-44.1576702557721,251.57369410397718
1200.0,0.0,280.0 1186.2596364424396,-32.81429732217008,231.6841195820847
1186.2596364424396,-32.81429732217008,231.6841195820847 1151.3507001088353,-46.522263222066414,278.51848554281526
1200.0,0.0,280.0 1178.0070323166613,35.08378651255898,236.57837754734624
1200.0,0.0,280.0 1176.0013279252478,12.844772783929871,333.4703240197562
1200.0,0.0,280.0 1178.9548612592848,-33.670453180419685,324.98224892120464
目标树
2480.0,0.0,0.0 2421.3859989562243,0.0,12.821812728325938
2421.3859989562243,0.0,12.821812728325938 2362.7719979124486,0.0,25.643625456651872
2362.7719979124486,0.0,25.643625456651872 2304.157996868673,0.0,38.465438184977806
2304.157996868673,0.0,38.465438184977806 2245.543995824897,0.0,51.28725091330374
2245.543995824897,0.0,51.28725091330374 2186.9299947811214,0.0,64.10906364162967
2186.9299947811214,0.0,64.10906364162967 2128.3159937373457,0.0,76.93087636995561
2128.3159937373457,0.0,76.93087636995561 2069.70199269357,0.0,89.75268909828155
2069.70199269357,0.0,89.75268909828155 2011.0879916497943,0.0,102.57450182660749
2011.0879916497943,0.0,102.57450182660749 2067.8004448769966,0.0,122.16270360605635
2067.8004448769966,0.0,122.16270360605635 2008.7689136159706,0.0,132.89947765502055
2008.7689136159706,0.0,132.89947765502055 2055.8172613075867,0.0,170.13458178390434
2055.8172613075867,0.0,170.13458178390434 1996.3056362915145,0.0,177.7743781127614
1996.3056362915145,0.0,177.7743781127614 1956.602368565052,0.0,222.75938152324085
1956.602368565052,0.0,222.75938152324085 1896.7733445274155,0.0,227.28573576301187
1896.7733445274155,0.0,227.28573576301187 1836.9443204897789,0.0,231.8120900027829
1836.9443204897789,0.0,231.8120900027829 1777.1152964521423,0.0,236.33844424255392
1777.1152964521423,0.0,236.33844424255392 1717.2862724145057,0.0,240.86479848232491
1717.2862724145057,0.0,240.86479848232491 1657.457248376869,0.0,245.3911527220959
1657.457248376869,0.0,245.3911527220959 1702.0907634972161,20.952149292881884,211.2026053997754
1702.0907634972161,20.952149292881884,211.2026053997754 1719.4400031522082,69.76580600500091,180.93330078627218
1719.4400031522082,69.76580600500091,180.93330078627218 1679.8892755948307,97.42339520309733,216.5815505249542
1679.8892755948307,97.42339520309733,216.5815505249542 1719.9365154595191,53.80674896300731,226.26693900384123
1657.457248376869,0.0,245.3911527220959 1692.7376052002214,40.459346163311295,218.5893294547455
1657.457248376869,0.0,245.3911527220959 1676.3154687593135,-33.292407632488036,199.17445532776225
1657.457248376869,0.0,245.3911527220959 1653.555608712574,-41.757770866774386,288.2987951668629
1653.555608712574,-41.757770866774386,288.2987951668629 1694.3293310589995,-6.433317920589239,314.5606799063357
1653.555608712574,-41.757770866774386,288.2987951668629 1669.486214517303,-98.06497381178306,275.04305319577963
1653.555608712574,-41.757770866774386,288.2987951668629 1685.7913010352895,-91.60599382802987,297.0174423142239
1685.7913010352895,-91.60599382802987,297.0174423142239 1717.5421618083633,-101.14292828397814,247.0081459649267
1717.5421618083633,-101.14292828397814,247.0081459649267 1769.9301707133338,-102.97563685888495,217.81674822086194
1769.9301707133338,-102.97563685888495,217.81674822086194 1799.2587483654831,-79.21255858796388,264.4552585314618
1799.2587483654831,-79.21255858796388,264.4552585314618 1793.8815062032872,-98.72830280129828,207.97321718619165
1653.555608712574,-41.757770866774386,288.2987951668629 1696.432723981074,-37.56493432461334,246.5378911059775
1653.555608712574,-41.757770866774386,288.2987951668629 1694.1843869788852,-3.476985794680921,310.29615570968946
1694.1843869788852,-3.476985794680921,310.29615570968946 1731.9273315808125,42.357404908754745,301.65446828068207
1653.555608712574,-41.757770866774386,288.2987951668629 1650.8054970287872,12.806843514817125,313.10080603523636
1650.8054970287872,12.806843514817125,313.10080603523636 1679.0447420552402,-8.031313418434223,264.4354563913559
1679.0447420552402,-8.031313418434223,264.4354563913559 1705.6306155567156,-29.280145482915,215.02211339516663
1705.6306155567156,-29.280145482915,215.02211339516663 1758.7693600646844,-52.3380048809452,199.38213410817607
1758.7693600646844,-52.3380048809452,199.38213410817607 1709.249468712965,-62.362818805445535,167.02037478806125
1709.249468712965,-62.362818805445535,167.02037478806125 1754.3542503205636,-101.53699141741666,172.58300692566792
1709.249468712965,-62.362818805445535,167.02037478806125 1725.432255279403,-105.15214879650343,128.19782131895695
1679.0447420552402,-8.031313418434223,264.4354563913559 1693.5541160956473,39.31021342805731,230.54950206218754
1679.0447420552402,-8.031313418434223,264.4354563913559 1664.0527876997048,-55.57623173611152,231.0480029579636
1650.8054970287872,12.806843514817125,313.10080603523636 1692.5508237513836,55.90347155142904,313.1921772429301
1692.5508237513836,55.90347155142904,313.1921772429301 1696.819989217055,107.39734159116512,282.69372524028756
1650.8054970287872,12.806843514817125,313.10080603523636 1680.8268822164036,40.899369267987524,269.4026776059292
1650.8054970287872,12.806843514817125,313.10080603523636 1701.581457811282,17.492025438510645,281.48038736380767
1650.8054970287872,12.806843514817125,313.10080603523636 1698.6533542906354,47.924779219526144,304.3080165296411
1698.6533542906354,47.924779219526144,304.3080165296411 1747.0578267051062,13.293419691784528,296.71354567664343
1650.8054970287872,12.806843514817125,313.10080603523636 1685.3426631755485,26.383586241034394,360.24798210652517
1650.8054970287872,12.806843514817125,313.10080603523636 1689.2344904120853,41.365691412185406,349.26162287226873
1650.8054970287872,12.806843514817125,313.10080603523636 1680.4771854504017,54.741027457835216,282.09894926433077
1650.8054970287872,12.806843514817125,313.10080603523636 1693.392217204368,-25.705772626002805,295.6896124323665
1693.392217204368,-25.705772626002805,295.6896124323665 1649.801475667877,-59.31065060603188,271.80322659762425
1649.801475667877,-59.31065060603188,271.80322659762425 1665.88058847129,-96.81002229383233,227.81164496573348
1665.88058847129,-96.81002229383233,227.81164496573348 1687.8475399192687,-140.6570639360938,193.24446424031223
1649.801475667877,-59.31065060603188,271.80322659762425 1690.3881548606194,-28.32275914942949,240.29970210941448
1690.3881548606194,-28.32275914942949,240.29970210941448 1731.1794253106264,11.251160895054678,221.06491312208328
1649.801475667877,-59.31065060603188,271.80322659762425 1695.4742248603568,-22.095494505814784,283.1624579817146
1649.801475667877,-59.31065060603188,271.80322659762425 1699.1275230519425,-36.06823415278751,246.76862800130425
1699.1275230519425,-36.06823415278751,246.76862800130425 1671.8692524363844,-9.384090138772358,293.0821588674378
1649.801475667877,-59.31065060603188,271.80322659762425 1654.9899487239709,-14.066306921411133,232.73880401269275
1649.801475667877,-59.31065060603188,271.80322659762425 1702.3822095199887,-86.02114330451992,282.840255517465
1649.801475667877,-59.31065060603188,271.80322659762425 1650.8660077641248,-80.70724206635113,215.75813184976738
1649.801475667877,-59.31065060603188,271.80322659762425 1675.1199603979023,-106.50764354521444,298.84797079079834
1649.801475667877,-59.31065060603188,271.80322659762425 1689.2180089445583,-18.098010988269273,253.1523488653376
1689.2180089445583,-18.098010988269273,253.1523488653376 1733.9734421361427,-57.418218715801174,246.01985532539265
1649.801475667877,-59.31065060603188,271.80322659762425 1699.7290704507884,-82.87806218915586,248.31253928403066
1649.801475667877,-59.31065060603188,271.80322659762425 1653.3318732702332,-27.981598253248308,220.75396831265186
1649.801475667877,-59.31065060603188,271.80322659762425 1707.4941847735208,-42.85287410457525,270.97081523318354
1707.4941847735208,-42.85287410457525,270.97081523318354 1672.213670634465,-75.27140199313394,234.85538402126767
1649.801475667877,-59.31065060603188,271.80322659762425 1643.209237007476,-118.1771440456466,281.35719643053204
1643.209237007476,-118.1771440456466,281.35719643053204 1667.9897847724726,-170.6881384050114,296.47407189662897
1643.209237007476,-118.1771440456466,281.35719643053204 1695.1216631872883,-130.8802153312891,254.08574637672228
1695.1216631872883,-130.8802153312891,254.08574637672228 1664.0007531518438,-89.96896521358002,223.1380716276878
1643.209237007476,-118.1771440456466,281.35719643053204 1647.9651715035195,-60.55060092227289,297.37476849121884
1647.9651715035195,-60.55060092227289,297.37476849121884 1658.2471543296513,-103.55293858263646,256.8151853460827
1647.9651715035195,-60.55060092227289,297.37476849121884 1658.1798590872882,-103.85011130815906,257.115452079877
1647.9651715035195,-60.55060092227289,297.37476849121884 1693.929424396668,-79.97418827428234,330.69160673186747
1643.209237007476,-118.1771440456466,281.35719643053204 1670.7679277133586,-149.95124471988206,324.14650692884516
1643.209237007476,-118.1771440456466,281.35719643053204 1684.3265319652612,-122.59960260602178,324.8291404362498
1643.209237007476,-118.1771440456466,281.35719643053204 1679.4981573958673,-116.92010850959878,329.1226035648392
1643.209237007476,-118.1771440456466,281.35719643053204 1680.9413991511528,-89.01668737927902,317.7708162309884
1643.209237007476,-118.1771440456466,281.35719643053204 1691.8496640553526,-141.34291772903939,307.7665846523372
1649.801475667877,-59.31065060603188,271.80322659762425 1660.2092047500514,-2.4366693440784246,255.77108916161689
1649.801475667877,-59.31065060603188,271.80322659762425 1647.673094435126,-117.4992061924541,257.3269704485391
1647.673094435126,-117.4992061924541,257.3269704485391 1687.3952046896666,-151.07028921891805,287.2457996595288
1649.801475667877,-59.31065060603188,271.80322659762425 1666.3932951999172,-48.743646664445514,328.48699810512636
1649.801475667877,-59.31065060603188,271.80322659762425 1699.6041083943403,-35.71556906237941,295.5302133524021
1649.801475667877,-59.31065060603188,271.80322659762425 1684.626293667139,-98.28666913341493,301.2667978521644
1649.801475667877,-59.31065060603188,271.80322659762425 1699.0393344522913,-27.74466600843451,258.4158490086296
1649.801475667877,-59.31065060603188,271.80322659762425 1651.097101929318,-102.8117667819566,230.4997855298468
1693.392217204368,-25.705772626002805,295.6896124323665 1745.670454059822,-5.239333330909911,316.858240490541
1745.670454059822,-5.239333330909911,316.858240490541 1729.532973904863,35.058513267076165,275.43765027488274
1729.532973904863,35.058513267076165,275.43765027488274 1740.3822880159892,-8.503987120273003,315.2446966777537
1693.392217204368,-25.705772626002805,295.6896124323665 1709.628850778661,-37.11342022757324,352.3132586093175
1693.392217204368,-25.705772626002805,295.6896124323665 1675.2492626080516,-53.16395609234853,245.52108286208215
1693.392217204368,-25.705772626002805,295.6896124323665 1671.767737938386,-2.4263807272992217,244.7931311266644
1693.392217204368,-25.705772626002805,295.6896124323665 1654.402677835628,13.590212934503427,318.83353903616404
1654.402677835628,13.590212934503427,318.83353903616404 1710.4300049176247,12.60183949822198,340.2802576196077
1654.402677835628,13.590212934503427,318.83353903616404 1696.4351094582057,55.06513608946135,308.1984348437421
1693.392217204368,-25.705772626002805,295.6896124323665 1659.844660832374,22.160741510381563,282.1486270214299
1693.392217204368,-25.705772626002805,295.6896124323665 1714.2158048325746,-70.1655477628527,330.18173607054155
1693.392217204368,-25.705772626002805,295.6896124323665 1721.0902379447857,-54.30774298855721,340.5755449551843
1650.8054970287872,12.806843514817125,313.10080603523636 1663.8188491478052,64.09745101587015,284.8178385671758
1663.8188491478052,64.09745101587015,284.8178385671758 1660.4059096932554,100.42764360716816,332.446285429936
1650.8054970287872,12.806843514817125,313.10080603523636 1682.79619176959,36.37508069982648,358.0578260209061
1682.79619176959,36.37508069982648,358.0578260209061 1652.6003470009482,-10.328891946810565,335.54227810995656
1652.6003470009482,-10.328891946810565,335.54227810995656 1683.1844253028016,-45.59808428657875,297.85012738694076
1683.1844253028016,-45.59808428657875,297.85012738694076 1710.703110855039,-81.91766310315833,258.81667839683314
1710.703110855039,-81.91766310315833,258.81667839683314 1652.2350176847506,-71.44556867404162,267.29118837075697
1652.2350176847506,-71.44556867404162,267.29118837075697 1668.5240524728324,-110.41775475050056,224.67856045256207
1652.6003470009482,-10.328891946810565,335.54227810995656 1656.1545586411266,-43.65978135029407,385.3059133388018
1682.79619176959,36.37508069982648,358.0578260209061 1683.4257288536428,-20.95187525717045,340.3596960698537
1682.79619176959,36.37508069982648,358.0578260209061 1713.2541967681577,56.73449875824942,310.5414706489966
1650.8054970287872,12.806843514817125,313.10080603523636 1696.9705219919215,50.430557393779615,305.8037775916058
1650.8054970287872,12.806843514817125,313.10080603523636 1652.760241014116,-35.1830018435799,349.0612526179606
1652.760241014116,-35.1830018435799,349.0612526179606 1680.6969510224267,-80.74119571332596,321.7850504402712
1680.6969510224267,-80.74119571332596,321.7850504402712 1707.7048656733664,-126.65089044496796,294.1649042448761
1707.7048656733664,-126.65089044496796,294.1649042448761 1650.014952594586,-110.65297164799043,298.1574627138383
1650.014952594586,-110.65297164799043,298.1574627138383 1685.1437512064804,-63.84383080792333,311.38137446111364
1685.1437512064804,-63.84383080792333,311.38137446111364 1703.4498515717055,-39.647059629985684,363.1443240870848
1703.4498515717055,-39.647059629985684,363.1443240870848 1660.089231344627,-48.36025112029961,322.5988322590629
1650.014952594586,-110.65297164799043,298.1574627138383 1682.583032102967,-133.0253223920771,253.00441055432938
1707.7048656733664,-126.65089044496796,294.1649042448761 1660.0723501770228,-162.51918647801557,287.48592174929684
1660.0723501770228,-162.51918647801557,287.48592174929684 1622.7889788271823,-180.2020503656626,331.04354502606475
1622.7889788271823,-180.2020503656626,331.04354502606475 1598.453152309605,-214.96683380043916,373.46025612486955
1598.453152309605,-214.96683380043916,373.46025612486955 1543.5456377589005,-192.9468818116134,363.4459383610878
1543.5456377589005,-192.9468818116134,363.4459383610878 1552.4187376004718,-238.53940093536121,401.4273851364833
1543.5456377589005,-192.9468818116134,363.4459383610878 1534.9722125927046,-213.37478271582256,419.2061145226411
1543.5456377589005,-192.9468818116134,363.4459383610878 1485.245772157195,-179.47711304050952,359.0084841274006
1598.453152309605,-214.96683380043916,373.46025612486955 1569.6787428146422,-192.50568635500852,325.8416650742009
1598.453152309605,-214.96683380043916,373.46025612486955 1553.0250473634758,-181.26995038754777,353.4400830671392
1598.453152309605,-214.96683380043916,373.46025612486955 1621.028023292373,-269.117069390063,386.03511937261925
1622.7889788271823,-180.2020503656626,331.04354502606475 1663.8827768092822,-218.17598055330484,309.38066448098425
1707.7048656733664,-126.65089044496796,294.1649042448761 1757.8480609717262,-118.61778182337848,326.120015434548
1707.7048656733664,-126.65089044496796,294.1649042448761 1748.422693311106,-170.70176465929103,295.4214842929508
1652.760241014116,-35.1830018435799,349.0612526179606 1649.208528406779,-88.82464379984883,322.4161857989351
1649.208528406779,-88.82464379984883,322.4161857989351 1664.935173328942,-139.253617415212,293.9628686005274
1649.208528406779,-88.82464379984883,322.4161857989351 1664.922611854317,-139.37336769476906,294.16916659338125
1649.208528406779,-88.82464379984883,322.4161857989351 1692.7835882170625,-129.5580112387083,315.93490971925297
1649.208528406779,-88.82464379984883,322.4161857989351 1672.7099608074536,-54.75738794766488,278.9753668170334
1652.760241014116,-35.1830018435799,349.0612526179606 1680.6925163291633,-80.75882302224655,321.80996788467496
1680.6925163291633,-80.75882302224655,321.80996788467496 1707.6820216307349,-126.75598531426837,294.31764778145634
1707.6820216307349,-126.75598531426837,294.31764778145634 1649.3842872071298,-114.78497304913738,301.9379513464657
1652.760241014116,-35.1830018435799,349.0612526179606 1686.0497013031202,-64.66582727885634,389.3424496957515
1652.760241014116,-35.1830018435799,349.0612526179606 1700.5053941914568,-63.4258315369441,326.1976807407605
1652.760241014116,-35.1830018435799,349.0612526179606 1693.8931056703243,4.947418026099342,331.8090977885691
1652.760241014116,-35.1830018435799,349.0612526179606 1670.143455178792,20.817917982087593,361.77820366701985
1652.760241014116,-35.1830018435799,349.0612526179606 1702.2921278857239,-48.51675031636689,317.9356468471056
1652.760241014116,-35.1830018435799,349.0612526179606 1709.662980732275,-51.22209982683966,338.8228177546214
1652.760241014116,-35.1830018435799,349.0612526179606 1702.711528454574,-15.269897023404834,322.4466487422411
1652.760241014116,-35.1830018435799,349.0612526179606 1705.8975292996633,-60.56152577798983,337.55650939747943
1652.760241014116,-35.1830018435799,349.0612526179606 1683.4086027144162,-4.136104382272549,307.8694077562088
1652.760241014116,-35.1830018435799,349.0612526179606 1693.1287929120451,-50.92699204514039,307.5581588754771
1652.760241014116,-35.1830018435799,349.0612526179606 1685.827665238974,5.299525237944643,319.6043271805206
1652.760241014116,-35.1830018435799,349.0612526179606 1709.048774343019,-14.49143425839084,347.2011325819052
1650.8054970287872,12.806843514817125,313.10080603523636 1655.8573852885434,10.843323172258442,253.34611573501562
1650.8054970287872,12.806843514817125,313.10080603523636 1652.0623590089651,-46.5901953500092,304.7096158900249
1652.0623590089651,-46.5901953500092,304.7096158900249 1693.2546385157373,-66.03398440561762,265.65663679499335
1693.2546385157373,-66.03398440561762,265.65663679499335 1692.6086336528583,-34.68722833980287,214.5003706893886
1650.8054970287872,12.806843514817125,313.10080603523636 1649.9231493336406,-44.53970494890029,295.4771048960494
1650.8054970287872,12.806843514817125,313.10080603523636 1667.324003257389,-40.25931602214772,335.7088060346401
1650.8054970287872,12.806843514817125,313.10080603523636 1700.9097520763153,43.60436255034706,301.2232453686509
1650.8054970287872,12.806843514817125,313.10080603523636 1666.456697301944,44.670168362691456,361.47195921198386
1650.8054970287872,12.806843514817125,313.10080603523636 1658.745205241696,70.73086013119115,326.5829917823581
1650.8054970287872,12.806843514817125,313.10080603523636 1678.187451269749,-0.4296749347157167,261.3801799632228
1650.8054970287872,12.806843514817125,313.10080603523636 1664.8230323769815,-30.324331228427113,352.3845236295508
1650.8054970287872,12.806843514817125,313.10080603523636 1683.5074958965731,63.10535303179696,313.90031239644816
1683.5074958965731,63.10535303179696,313.90031239644816 1733.6207957754884,49.245534429749746,343.8429676488512
1733.6207957754884,49.245534429749746,343.8429676488512 1680.02584367682,68.97362518847446,325.44776325865877
1650.8054970287872,12.806843514817125,313.10080603523636 1679.0748731446583,-40.04710442308264,310.3984808517701
1650.8054970287872,12.806843514817125,313.10080603523636 1679.023116520564,52.59490046839567,348.03898678461275
1650.8054970287872,12.806843514817125,313.10080603523636 1699.9657293071884,-10.227729254319602,338.6484090475933
1650.8054970287872,12.806843514817125,313.10080603523636 1672.0152280305738,66.60735267097542,297.11166830457756
1650.8054970287872,12.806843514817125,313.10080603523636 1668.6629197530174,59.38089505822249,346.44702285934346
1650.8054970287872,12.806843514817125,313.10080603523636 1696.1859410797213,48.85994834384734,328.6181811330741
1650.8054970287872,12.806843514817125,313.10080603523636 1681.0960219931621,-15.228153085169975,356.6498940052649
1650.8054970287872,12.806843514817125,313.10080603523636 1691.394547899876,-19.254352653443554,282.69342782460353
1650.8054970287872,12.806843514817125,313.10080603523636 1663.9599293674873,45.51260420536422,361.6527795018136
1650.8054970287872,12.806843514817125,313.10080603523636 1679.5078235694925,-39.29916404506326,305.28157158930713
1650.8054970287872,12.806843514817125,313.10080603523636 1697.3263171359404,20.62846435018539,350.17688382220877
1650.8054970287872,12.806843514817125,313.10080603523636 1679.5954896440878,43.682353100839315,270.4646801205336
1679.5954896440878,43.682353100839315,270.4646801205336 1716.4373040444389,57.41105319035428,225.1413582482102
1650.8054970287872,12.806843514817125,313.10080603523636 1698.5767335771488,33.82050328781928,342.7037630089068
1650.8054970287872,12.806843514817125,313.10080603523636 1692.9047930367706,20.374282834386264,355.1767271514381
1650.8054970287872,12.806843514817125,313.10080603523636 1699.6305078170737,17.89760896878776,347.6001165880049
1650.8054970287872,12.806843514817125,313.10080603523636 1698.1616573407462,32.82556159056128,344.03048445438446
1650.8054970287872,12.806843514817125,313.10080603523636 1652.4049993366207,-40.72033751860047,286.04008758610837
1653.555608712574,-41.757770866774386,288.2987951668629 1657.0509802714148,-16.152686783340787,234.14935337153184
1653.555608712574,-41.757770866774386,288.2987951668629 1691.536463532182,-25.667193249019903,331.87112559683726
1653.555608712574,-41.757770866774386,288.2987951668629 1659.511067807786,-82.97892695410198,245.1091112389915
1653.555608712574,-41.757770866774386,288.2987951668629 1683.2689665364971,-85.58819084015198,316.512455896815
1683.2689665364971,-85.58819084015198,316.512455896815 1695.0740799301022,-27.914165178140557,304.9216810434339
1653.555608712574,-41.757770866774386,288.2987951668629 1695.2361051413,-63.52506477245857,325.5670273959146
1653.555608712574,-41.757770866774386,288.2987951668629 1683.8890790836188,-83.11905363765544,257.1680248134623
1653.555608712574,-41.757770866774386,288.2987951668629 1666.5697827713207,14.684446445146492,272.64927828989363
1653.555608712574,-41.757770866774386,288.2987951668629 1657.1717851631854,-10.969419690650913,339.67000013359245
1653.555608712574,-41.757770866774386,288.2987951668629 1669.6352720560506,11.563246862023547,310.62173169245636
1653.555608712574,-41.757770866774386,288.2987951668629 1700.0347360344265,-12.20533291547417,264.50080923246975
1653.555608712574,-41.757770866774386,288.2987951668629 1656.590267447167,17.72510033842368,281.04766563068875
1653.555608712574,-41.757770866774386,288.2987951668629 1702.0903359440058,-24.289601141621073,257.6517186501093
1653.555608712574,-41.757770866774386,288.2987951668629 1688.0309383238773,7.309679048194184,290.25762314145356
1657.457248376869,0.0,245.3911527220959 1705.523976777344,32.98145157496112,259.59725960904706
1705.523976777344,32.98145157496112,259.59725960904706 1653.8678132166085,42.399100847784894,230.56368166280316
1705.523976777344,32.98145157496112,259.59725960904706 1748.4911537407029,65.70527199566297,233.46350211279213
1657.457248376869,0.0,245.3911527220959 1710.9336411705085,-22.700623556999094,230.39258266012678
1657.457248376869,0.0,245.3911527220959 1703.1843515129501,11.236553455340022,282.57679383835864
1657.457248376869,0.0,245.3911527220959 1686.013165174637,16.340467692083976,295.5663331546855
1686.013165174637,16.340467692083976,295.5663331546855 1672.6179204150192,27.24113221112036,238.1055384258153
1657.457248376869,0.0,245.3911527220959 1713.055903426463,14.744011956276916,228.3206029913627
1657.457248376869,0.0,245.3911527220959 1697.519856601997,-3.220131263730341,200.8420991199792
1657.457248376869,0.0,245.3911527220959 1707.3621055600495,2.154576358220446,212.15167272852554
1657.457248376869,0.0,245.3911527220959 1701.6911802794916,-32.074441446151965,270.18206787970007
1701.6911802794916,-32.074441446151965,270.18206787970007 1704.0084589502123,-75.90668888407171,311.08884365221974
1704.0084589502123,-75.90668888407171,311.08884365221974 1722.8111487722285,-32.963706981871994,348.5369298623907
1722.8111487722285,-32.963706981871994,348.5369298623907 1749.1675330736105,11.291069895045212,317.76590891520493
1657.457248376869,0.0,245.3911527220959 1660.2658619226095,32.68452381063762,195.1533821383753
1660.2658619226095,32.68452381063762,195.1533821383753 1670.153040548807,-11.977827859618273,233.9801517966414
1660.2658619226095,32.68452381063762,195.1533821383753 1685.0571440030615,-10.67834270542727,228.39573675289384
1657.457248376869,0.0,245.3911527220959 1712.5348105606167,22.76472765788538,238.44641956971873
1657.457248376869,0.0,245.3911527220959 1689.3473546498867,30.409463584866824,286.1132062849542
1657.457248376869,0.0,245.3911527220959 1708.0732932679746,-16.303445847652174,217.60242023797076
1717.2862724145057,0.0,240.86479848232491 1768.9688357107398,25.842807993055875,257.02220935674404
1768.9688357107398,25.842807993055875,257.02220935674404 1718.0930304434542,12.592658042877439,285.93736048384403
1718.0930304434542,12.592658042877439,285.93736048384403 1711.277740206957,-7.258243875382014,229.72798838253027
1768.9688357107398,25.842807993055875,257.02220935674404 1802.381158594798,-20.76383802645724,274.66979350594823
1717.2862724145057,0.0,240.86479848232491 1753.4146657797353,39.337699802087876,268.2013046074326
1753.4146657797353,39.337699802087876,268.2013046074326 1693.436450745258,40.865767618213766,268.7292534944693
1693.436450745258,40.865767618213766,268.7292534944693 1658.0073505934547,77.74879747757679,237.35376989936228
1717.2862724145057,0.0,240.86479848232491 1750.3917063809072,32.04017544705605,202.4270904442786
1750.3917063809072,32.04017544705605,202.4270904442786 1740.7711304571615,80.70322136079758,236.18138619004299
1740.7711304571615,80.70322136079758,236.18138619004299 1789.9727410802268,46.36795091869289,235.64220554889667
1740.7711304571615,80.70322136079758,236.18138619004299 1779.2340069846214,50.3010868204417,270.7692069456713
1779.2340069846214,50.3010868204417,270.7692069456713 1737.5597658225824,92.81424765362658,278.24508679622846
1750.3917063809072,32.04017544705605,202.4270904442786 1720.9343519122551,4.472210466534619,158.0168261516522
1720.9343519122551,4.472210466534619,158.0168261516522 1683.2838951940637,33.04020191296132,194.980497149383
1750.3917063809072,32.04017544705605,202.4270904442786 1800.4274935826563,59.80277592151168,184.3810932704719
1717.2862724145057,0.0,240.86479848232491 1673.5490228249334,-28.80511851721854,270.144794137182
1717.2862724145057,0.0,240.86479848232491 1768.495892884558,-3.4481367530910814,271.94027312464027
1768.495892884558,-3.4481367530910814,271.94027312464027 1718.1293885927973,26.454793299526383,258.9391185722048
1717.2862724145057,0.0,240.86479848232491 1772.4470647070225,19.522390632140514,227.59214774225342
1777.1152964521423,0.0,236.33844424255392 1722.2274128713805,-22.094961891645035,226.38189388454882
1722.2274128713805,-22.094961891645035,226.38189388454882 1689.610315741386,-13.149985877253664,275.94107445600787
1689.610315741386,-13.149985877253664,275.94107445600787 1672.2652038318238,-57.133894401390435,312.88106476170674
1672.2652038318238,-57.133894401390435,312.88106476170674 1672.5843820042628,-11.935694419923777,352.340168194623
1689.610315741386,-13.149985877253664,275.94107445600787 1652.7681375675531,-44.35549025023404,240.3198672300385
1652.7681375675531,-44.35549025023404,240.3198672300385 1692.6223231741171,-78.90409657743767,268.92122542305884
1692.6223231741171,-78.90409657743767,268.92122542305884 1728.2258077321637,-87.1009089407284,221.32706449542042
1728.2258077321637,-87.1009089407284,221.32706449542042 1759.7350033340344,-36.61723706210599,213.6739954264368
1652.7681375675531,-44.35549025023404,240.3198672300385 1688.0668927434272,-89.60324067475361,222.808757483535
1689.610315741386,-13.149985877253664,275.94107445600787 1672.8970153571893,-59.04145956396547,310.79273486307375
1777.1152964521423,0.0,236.33844424255392 1740.7567743730526,5.269432037098123,188.9012124701291
1836.9443204897789,0.0,231.8120900027829 1879.1993393291923,26.092160781420954,265.4827378824614
1896.7733445274155,0.0,227.28573576301187 1925.2598293744509,-25.650028610328487,181.12735393100922
1925.2598293744509,-25.650028610328487,181.12735393100922 1979.8080657802197,-17.96925150185922,157.34720321596214
1956.602368565052,0.0,222.75938152324085 1957.2691237622214,-15.104667166172057,164.6955849947136
1956.602368565052,0.0,222.75938152324085 1946.1387697677678,-54.34065847593157,245.9457123371415
1996.3056362915145,0.0,177.7743781127614 2029.43237071071,35.30649236010395,142.33328524098334
2029.43237071071,35.30649236010395,142.33328524098334 2083.4348346535885,30.202514412483424,116.68794848732884
2069.70199269357,0.0,89.75268909828155 2100.129577047293,50.64732012769126,100.19352595555624
2128.3159937373457,0.0,76.93087636995561 2121.1445142932366,-51.00705933511852,107.70180064217107
2186.9299947811214,0.0,64.10906364162967 2222.0126492587165,-14.63673886641626,110.53075286296249
2186.9299947811214,0.0,64.10906364162967 2141.384242479236,-29.96455109869199,39.05491977860439
2245.543995824897,0.0,51.28725091330374 2198.7574580828796,-12.540078042501717,15.878687982809772
2198.7574580828796,-12.540078042501717,15.878687982809772 2154.073324134971,16.94859874456654,42.96643640664833
2198.7574580828796,-12.540078042501717,15.878687982809772 2251.1703880087107,-16.911330754984043,-12.996507710268155
2245.543995824897,0.0,51.28725091330374 2225.805541475205,31.055629222918107,98.67861419242604
2245.543995824897,0.0,51.28725091330374 2295.2184427073967,-16.08412956932107,80.84651516184374
2304.157996868673,0.0,38.465438184977806 2351.5401993912087,12.592656005241286,3.877117918635534
2351.5401993912087,12.592656005241286,3.877117918635534 2315.1585993352755,12.016480877884941,-43.83081852377138
2351.5401993912087,12.592656005241286,3.877117918635534 2377.0311379244736,-35.43933448599828,-21.48308598714518
2304.157996868673,0.0,38.465438184977806 2276.237098309637,48.40414221170578,60.31635213394126
2276.237098309637,48.40414221170578,60.31635213394126 2286.9884380090552,23.38724472673756,6.850816179512599
2286.9884380090552,23.38724472673756,6.850816179512599 2258.7365181340233,-22.2384238672586,-19.984373194248416
2362.7719979124486,0.0,25.643625456651872 2365.2727588503785,-49.166710101876234,59.942033765046986
2365.2727588503785,-49.166710101876234,59.942033765046986 2405.128029327962,-76.4979379156765,24.381361648946367
2405.128029327962,-76.4979379156765,24.381361648946367 2387.984046194851,-29.586514425083536,-8.86622756317319
2480.0,0.0,0.0 2463.1848673493205,4.974171769238237,-57.38038801846998
