起始树
1200.0,0.0,280.0 1159.741442810043,15.799417052923655,238.41121552905457
1200.0,0.0,280.0 1167.3583849579527,4.301028688376002,229.83999481989105
1200.0,0.0,280.0 1190.1508270871348,5.2215935107806315,221.04468849933318
1190.1508270871348,5.2215935107806315,221.04468849933318 1247.2178295187132,2.3074678332347385,202.74536870296674
1247.2178295187132,2.3074678332347385,202.74536870296674 1235.64861051216,30.832761868311874,151.24332241555405
1235.64861051216,30.832761868311874,151.24332241555405 1217.514269075397,-11.12157495087973,112.3720054489691
1235.64861051216,30.832761868311874,151.24332241555405 1190.510425329415,-6.072089166518598,137.08082939683771
1235.64861051216,30.832761868311874,151.24332241555405 1211.1819695537079,-22.058877336161107,165.5212067992449
1235.64861051216,30.832761868311874,151.24332241555405 1196.5460121843853,75.16082498544093,140.94722488782452
1235.64861051216,30.832761868311874,151.24332241555405 1224.6951692497005,-9.82044714709274,108.49593979088712
1235.64861051216,30.832761868311874,151.24332241555405 1238.2924782785294,-15.02608015164348,189.84353707587337
1247.2178295187132,2.3074678332347385,202.74536870296674 1197.6944220644177,-30.992931570299604,208.95145552808654
1247.2178295187132,2.3074678332347385,202.74536870296674 1202.296056252388,41.37862802076652,210.19377310989267
1247.2178295187132,2.3074678332347385,202.74536870296674 1198.8208962797694,10.993678529314696,237.12976337276615
1247.2178295187132,2.3074678332347385,202.74536870296674 1204.8101420976147,-37.21449510841464,187.26627012348555
1247.2178295187132,2.3074678332347385,202.74536870296674 1236.1188593844056,-44.151948175760396,239.05425915779716
1247.2178295187132,2.3074678332347385,202.74536870296674 1194.1079581034855,29.38541818579635,195.95374423144415
1247.2178295187132,2.3074678332347385,202.74536870296674 1212.7113519504057,5.613022926051027,251.7185890520132
1247.2178295187132,2.3074678332347385,202.74536870296674 1213.293680877647,26.98975069261108,245.639856132339
1247.2178295187132,2.3074678332347385,202.74536870296674 1219.0038253892974,-7.300949209459354,254.81885805137676
1247.2178295187132,2.3074678332347385,202.74536870296674 1239.5993820201747,-24.6025208686034,149.66230392917134
1247.2178295187132,2.3074678332347385,202.74536870296674 1203.114894170796,42.21763640815855,210.6263291786075
1247.2178295187132,2.3074678332347385,202.74536870296674 1192.955041941284,5.886993598757732,177.39311279504525
1247.2178295187132,2.3074678332347385,202.74536870296674 1236.1974710867364,60.370519967859806,192.3899992338184
1247.2178295187132,2.3074678332347385,202.74536870296674 1239.0001095702248,-9.136396950923707,144.42292844494844
1247.2178295187132,2.3074678332347385,202.74536870296674 1233.943501257126,-51.04066988950694,178.7085550472633
1247.2178295187132,2.3074678332347385,202.74536870296674 1202.5076829249394,40.77655855116554,213.75136029386263
1247.2178295187132,2.3074678332347385,202.74536870296674 1226.2829381913346,11.055448951540441,147.2007636412273
1247.2178295187132,2.3074678332347385,202.74536870296674 1197.5034700074123,28.46243046396269,181.66456254745316
1247.2178295187132,2.3074678332347385,202.74536870296674 1223.2897349186899,-34.04319341977464,161.4406992904016
1247.2178295187132,2.3074678332347385,202.74536870296674 1204.5083901803857,-8.021292626320086,161.8892737014268
1247.2178295187132,2.3074678332347385,202.74536870296674 1191.9940197930227,-6.056034701636509,180.82773505492122
1247.2178295187132,2.3074678332347385,202.74536870296674 1246.3706611193115,-9.815267687843365,143.9889087246031
1246.3706611193115,-9.815267687843365,143.9889087246031 1196.082133818455,17.328600229801232,162.27208285768162
1246.3706611193115,-9.815267687843365,143.9889087246031 1210.7447389585463,-46.219531969059766,175.69889472804462
1246.3706611193115,-9.815267687843365,143.9889087246031 1204.5053295452733,-52.59807262772446,148.10298379342834
1246.3706611193115,-9.815267687843365,143.9889087246031 1187.8169674798314,-22.15620209214716,148.3668419359008
1246.3706611193115,-9.815267687843365,143.9889087246031 1220.0479854635744,20.652715653444872,99.50499323329501
1246.3706611193115,-9.815267687843365,143.9889087246031 1210.2759179648554,-33.84892095498183,185.45640234609903
1246.3706611193115,-9.815267687843365,143.9889087246031 1212.7148991758875,5.109235227262708,191.36557915156064
1246.3706611193115,-9.815267687843365,143.9889087246031 1214.652953557627,37.97596213295502,161.59531037988415
1246.3706611193115,-9.815267687843365,143.9889087246031 1224.298077566946,-12.717904014645699,88.27198348928377
1246.3706611193115,-9.815267687843365,143.9889087246031 1197.877451901644,-34.22054967737748,118.43913630325164
1246.3706611193115,-9.815267687843365,143.9889087246031 1232.8108779146864,-60.34518071108574,114.61442712394968
1246.3706611193115,-9.815267687843365,143.9889087246031 1220.7619683285025,-58.32124068779217,168.30691515757786
1246.3706611193115,-9.815267687843365,143.9889087246031 1202.0534937033758,-50.103763119868866,147.57022245724124
1246.3706611193115,-9.815267687843365,143.9889087246031 1197.238357364218,-11.600494446082298,178.38119991229368
1246.3706611193115,-9.815267687843365,143.9889087246031 1187.368627074141,1.0795710606358586,143.73897437891935
1246.3706611193115,-9.815267687843365,143.9889087246031 1233.1283394419872,-47.1994925540311,189.01179898887398
1246.3706611193115,-9.815267687843365,143.9889087246031 1244.666453937993,50.034702976198304,147.871780007107
1246.3706611193115,-9.815267687843365,143.9889087246031 1203.4954574742421,-40.46817621548303,172.6614759481702
1247.2178295187132,2.3074678332347385,202.74536870296674 1189.673976686693,6.737205575362571,186.3416366647142
1247.2178295187132,2.3074678332347385,202.74536870296674 1193.1522875054047,-4.3001186780426846,177.5807712036393
1247.2178295187132,2.3074678332347385,202.74536870296674 1202.7160285981672,-20.89800597080762,235.62538847726128
1247.2178295187132,2.3074678332347385,202.74536870296674 1239.3833120905729,-51.44596421102409,228.2245539358468
1239.3833120905729,-51.44596421102409,228.2245539358468 1230.5971601465515,-3.5835170928478064,263.3242646166537
1247.2178295187132,2.3074678332347385,202.74536870296674 1211.6996596713032,-37.83493328186241,175.781555111318
1247.2178295187132,2.3074678332347385,202.74536870296674 1209.5296731810158,47.98650825978852,193.1002591870227
1247.2178295187132,2.3074678332347385,202.74536870296674 1204.406492638011,34.644193160514476,175.88413958747225
1247.2178295187132,2.3074678332347385,202.74536870296674 1219.6945473636608,43.30863040358848,236.82430071811066
1247.2178295187132,2.3074678332347385,202.74536870296674 1214.4200613231426,-27.45184184774734,162.26463391836808
1247.2178295187132,2.3074678332347385,202.74536870296674 1236.8303403355214,-51.93448630157913,226.19553885385955
1247.2178295187132,2.3074678332347385,202.74536870296674 1212.0274090738799,-32.20108116835032,236.96224107203435
1247.2178295187132,2.3074678332347385,202.74536870296674 1235.375267510752,55.43951445092509,177.5116740209909
1247.2178295187132,2.3074678332347385,202.74536870296674 1192.0267561820435,3.8900848878543375,226.2281442460064
1247.2178295187132,2.3074678332347385,202.74536870296674 1205.7148599818684,15.50697403633353,244.01613990509094
1247.2178295187132,2.3074678332347385,202.74536870296674 1203.6030353945937,30.317545015791815,172.52641257046832
1247.2178295187132,2.3074678332347385,202.74536870296674 1215.2491144844385,-29.334526407777894,242.45412667282847
1247.2178295187132,2.3074678332347385,202.74536870296674 1204.9474334834179,11.473877049172017,244.32890584334564
1247.2178295187132,2.3074678332347385,202.74536870296674 1200.9065325563306,21.484400630659632,235.72277039177578
1247.2178295187132,2.3074678332347385,202.74536870296674 1235.3795385633687,48.342821448896174,239.35958840976394
1247.2178295187132,2.3074678332347385,202.74536870296674 1223.8271126441368,52.00317293947852,178.59560145591732
1247.2178295187132,2.3074678332347385,202.74536870296674 1198.86855007344,14.161836411796676,169.25177046798322
1247.2178295187132,2.3074678332347385,202.74536870296674 1239.1956120534899,-54.678118377232586,219.72438490503396
1239.1956120534899,-54.678118377232586,219.72438490503396 1233.6855214411278,-102.6549987284707,184.11739327127555
1233.6855214411278,-102.6549987284707,184.11739327127555 1187.2238523883248,-83.33981828616531,216.80129012139105
1239.1956120534899,-54.678118377232586,219.72438490503396 1212.029564481821,-20.89668671320242,178.24160855071705
1247.2178295187132,2.3074678332347385,202.74536870296674 1204.8476262524487,39.807421873276844,222.70831743731327
1247.2178295187132,2.3074678332347385,202.74536870296674 1202.5343038349504,10.024103491287502,242.03704805864442
1247.2178295187132,2.3074678332347385,202.74536870296674 1226.0719374248636,-52.99340174200424,212.47496642217766
1247.2178295187132,2.3074678332347385,202.74536870296674 1220.7541658577354,41.05873106767844,240.1353954931885
1247.2178295187132,2.3074678332347385,202.74536870296674 1227.0149070778648,45.51185726028013,166.34176092729058
1247.2178295187132,2.3074678332347385,202.74536870296674 1211.5266720724555,48.35295352308041,188.39425279748187
1247.2178295187132,2.3074678332347385,202.74536870296674 1202.056340853568,23.151296194234032,169.1898213105436
1247.2178295187132,2.3074678332347385,202.74536870296674 1196.8119823533157,-26.549917907801216,187.69538997435546
1247.2178295187132,2.3074678332347385,202.74536870296674 1216.5042362964891,-47.47580900879541,216.09829116396915
1247.2178295187132,2.3074678332347385,202.74536870296674 1220.4117542549436,-19.23795233412083,251.91069386984864
1247.2178295187132,2.3074678332347385,202.74536870296674 1188.9437254745103,-5.510655537633577,214.7038696459482
1247.2178295187132,2.3074678332347385,202.74536870296674 1202.4208559994813,-8.228846012561473,164.245793977262
1247.2178295187132,2.3074678332347385,202.74536870296674 1225.5760381502535,55.73077789990084,219.40618524612904
1247.2178295187132,2.3074678332347385,202.74536870296674 1209.6597538285455,-4.305652663417977,156.42412532858845
1247.2178295187132,2.3074678332347385,202.74536870296674 1221.2509695826482,53.99960527038084,218.6716084424651
1247.2178295187132,2.3074678332347385,202.74536870296674 1195.101428310207,22.94500966715019,224.1456629095283
1247.2178295187132,2.3074678332347385,202.74536870296674 1188.2465350417547,4.569110712583193,213.57456069489893
1247.2178295187132,2.3074678332347385,202.74536870296674 1203.4854730678078,42.39985132601062,193.7965260337085
1247.2178295187132,2.3074678332347385,202.74536870296674 1214.995899423963,52.921173663298624,202.74360325987814
1247.2178295187132,2.3074678332347385,202.74536870296674 1201.6777201780887,-21.695326667997634,171.92387786661078
1247.2178295187132,2.3074678332347385,202.74536870296674 1239.2824303482312,-0.3664738221920989,143.33257987742442
1247.2178295187132,2.3074678332347385,202.74536870296674 1193.3680967162975,-10.00419374444399,179.32253227555793
1247.2178295187132,2.3074678332347385,202.74536870296674 1230.026361591906,-21.351164607716864,150.35526905097615
1247.2178295187132,2.3074678332347385,202.74536870296674 1199.6055343013206,9.845423344877778,238.46999005626247
1247.2178295187132,2.3074678332347385,202.74536870296674 1239.3301636135718,61.77746243096606,201.69443144761897
1239.3301636135718,61.77746243096606,201.69443144761897 1242.1516843085165,26.602084503413742,250.22001035835288
1242.1516843085165,26.602084503413742,250.22001035835288 1233.482783742217,35.66667901380032,308.89439394551874
1242.1516843085165,26.602084503413742,250.22001035835288 1233.9812280082476,-13.397387667534574,206.25086356323155
1247.2178295187132,2.3074678332347385,202.74536870296674 1210.4995334884286,-25.827923166454696,240.95749387191
1247.2178295187132,2.3074678332347385,202.74536870296674 1244.984345069479,7.683334435440351,143.02843973395227
1247.2178295187132,2.3074678332347385,202.74536870296674 1228.5836247525485,58.22807266732701,213.9548453955668
1247.2178295187132,2.3074678332347385,202.74536870296674 1207.3786847480512,27.160998943497905,165.39373506675986
1247.2178295187132,2.3074678332347385,202.74536870296674 1195.4577967490777,25.114491902876587,182.72691070108675
1247.2178295187132,2.3074678332347385,202.74536870296674 1226.8354551047519,10.731432939093732,258.54497107739553
1247.2178295187132,2.3074678332347385,202.74536870296674 1215.7563572009306,3.259672900462327,253.82637363735833
1247.2178295187132,2.3074678332347385,202.74536870296674 1241.1979688080755,-49.88724680911978,173.77170755309297
1241.1979688080755,-49.88724680911978,173.77170755309297 1197.1838754214384,-82.92044680436696,149.86423421469124
1241.1979688080755,-49.88724680911978,173.77170755309297 1233.2171619337423,-14.775031067720711,125.7775513737825
1247.2178295187132,2.3074678332347385,202.74536870296674 1204.2643808545504,-25.007902170644556,170.98262622996387
1247.2178295187132,2.3074678332347385,202.74536870296674 1220.1543425919099,33.944802244852276,159.54066124312817
1247.2178295187132,2.3074678332347385,202.74536870296674 1230.358298481174,42.23182377698186,244.23997095038243
1247.2178295187132,2.3074678332347385,202.74536870296674 1210.1902257271595,28.40947118441807,242.0854497719037
1247.2178295187132,2.3074678332347385,202.74536870296674 1226.363584174155,25.47278541809968,151.47677683327208
1247.2178295187132,2.3074678332347385,202.74536870296674 1226.3670730849042,48.500641698287566,170.6293813382449
1247.2178295187132,2.3074678332347385,202.74536870296674 1204.3178639124983,-35.97392293836488,219.89553113886416
1247.2178295187132,2.3074678332347385,202.74536870296674 1220.4897851720125,-36.39801581008605,239.9944919320768
1247.2178295187132,2.3074678332347385,202.74536870296674 1219.856553734251,-19.96948260790558,154.2160160749996
1247.2178295187132,2.3074678332347385,202.74536870296674 1217.329679538977,-35.72656324071075,238.24341049480287
1247.2178295187132,2.3074678332347385,202.74536870296674 1203.22115042909,-9.12636198513098,163.58467712621646
1247.2178295187132,2.3074678332347385,202.74536870296674 1210.0423785808339,-27.188960426244588,166.03097687225934
1247.2178295187132,2.3074678332347385,202.74536870296674 1220.030653467052,37.099558262769136,162.12064837311001
1247.2178295187132,2.3074678332347385,202.74536870296674 1227.2608827528893,-41.20777996123389,238.91363497565482
1247.2178295187132,2.3074678332347385,202.74536870296674 1229.790995921996,-52.46514698791909,185.53298547327287
1247.2178295187132,2.3074678332347385,202.74536870296674 1225.5782006066688,8.799163852889745,258.32939827385525
1247.2178295187132,2.3074678332347385,202.74536870296674 1238.6185091085733,0.8570564257831661,262.10821899869364
1247.2178295187132,2.3074678332347385,202.74536870296674 1215.120730880906,-13.115189201141934,251.0353046009866
1247.2178295187132,2.3074678332347385,202.74536870296674 1212.4309190639572,-45.70154025504779,211.96523873415546
1247.2178295187132,2.3074678332347385,202.74536870296674 1231.468536521792,43.57346052634104,243.3542053909295
1247.2178295187132,2.3074678332347385,202.74536870296674 1189.3629002935345,14.996577180247225,193.1644674755699
1247.2178295187132,2.3074678332347385,202.74536870296674 1205.2655200429197,0.07284798508787027,159.90834962155174
1247.2178295187132,2.3074678332347385,202.74536870296674 1214.6869272606757,-35.374384433002625,169.2518109931104
1247.2178295187132,2.3074678332347385,202.74536870296674 1208.9243056017237,-36.721139767471705,178.03962413274496
1247.2178295187132,2.3074678332347385,202.74536870296674 1246.8055114136255,26.916201266702167,148.0257174560814
1246.8055114136255,26.916201266702167,148.0257174560814 1209.1605863070877,58.085808759548556,182.82967100255448
1246.8055114136255,26.916201266702167,148.0257174560814 1213.0224847884163,-18.764503892171078,167.31250796742603
1246.8055114136255,26.916201266702167,148.0257174560814 1211.3588166451664,-16.560187090800426,169.3173938902965
1246.8055114136255,26.916201266702167,148.0257174560814 1189.5373742080858,30.647017282163837,165.53118725458285
1246.8055114136255,26.916201266702167,148.0257174560814 1234.1327668109373,-17.684112870636945,109.94404833449869
1246.8055114136255,26.916201266702167,148.0257174560814 1240.4501744633146,68.04274413230519,104.80283966929201
1246.8055114136255,26.916201266702167,148.0257174560814 1226.3160523983256,33.54953129963957,92.02410139069914
1246.8055114136255,26.916201266702167,148.0257174560814 1222.1702398405055,0.03622687087871057,195.67621977241066
1247.2178295187132,2.3074678332347385,202.74536870296674 1215.2899446102188,39.488659969847106,168.13078916528866
1247.2178295187132,2.3074678332347385,202.74536870296674 1214.3832999823458,-44.56101312268748,184.71098035709338
1247.2178295187132,2.3074678332347385,202.74536870296674 1229.0497477910421,18.168745608979243,257.6847960175769
1247.2178295187132,2.3074678332347385,202.74536870296674 1209.7294436642599,-12.64699139524147,247.14114637620358
1247.2178295187132,2.3074678332347385,202.74536870296674 1221.6037916509515,-42.57942215282985,172.26442102268936
1247.2178295187132,2.3074678332347385,202.74536870296674 1221.3685263776692,-26.309491682499775,248.71147747015772
1247.2178295187132,2.3074678332347385,202.74536870296674 1240.0313009444822,-54.9784914562768,219.07548429754198
1247.2178295187132,2.3074678332347385,202.74536870296674 1240.6508022946148,18.60505652842445,260.11489681816374
1247.2178295187132,2.3074678332347385,202.74536870296674 1206.9306993299533,-17.728071913690435,242.43824322980467
1247.2178295187132,2.3074678332347385,202.74536870296674 1245.6485448374553,49.42165415313504,239.86397310834394
1245.6485448374553,49.42165415313504,239.86397310834394 1245.9728968632787,-10.524974154759839,242.3732658928633
1245.9728968632787,-10.524974154759839,242.3732658928633 1219.9007572523926,-24.427670934891317,294.59355465451404
1245.9728968632787,-10.524974154759839,242.3732658928633 1211.8713119520235,26.67702149578195,209.92186490372995
1245.9728968632787,-10.524974154759839,242.3732658928633 1225.073351971646,19.812459366613638,289.73199424001035
1245.9728968632787,-10.524974154759839,242.3732658928633 1227.1226492219025,4.012491414539401,297.44894345274656
1245.9728968632787,-10.524974154759839,242.3732658928633 1247.144695384338,29.104687266254295,197.3386478320667
1247.144695384338,29.104687266254295,197.3386478320667 1236.9176698371461,62.7247476751946,148.70635931346737
1247.144695384338,29.104687266254295,197.3386478320667 1244.7454037011175,-25.057066911375586,171.63363307189158
1244.7454037011175,-25.057066911375586,171.63363307189158 1211.53786598471,24.900502502359224,172.8586624940819
1244.7454037011175,-25.057066911375586,171.63363307189158 1230.404750289424,-76.21057860392065,143.74700722281585
1247.144695384338,29.104687266254295,197.3386478320667 1237.74568906656,-29.96077868916803,202.12711436188775
1247.144695384338,29.104687266254295,197.3386478320667 1212.1581261879116,32.61734361189224,148.72176577180784
1247.144695384338,29.104687266254295,197.3386478320667 1232.399204677048,-8.559401139250056,241.65554019134177
1247.144695384338,29.104687266254295,197.3386478320667 1199.352554648326,28.713968969100065,161.06526057527083
1247.144695384338,29.104687266254295,197.3386478320667 1193.9020084718645,34.83341586206502,224.40149984392707
1247.144695384338,29.104687266254295,197.3386478320667 1227.2417685474445,-18.209413889520043,166.2701857660677
1247.144695384338,29.104687266254295,197.3386478320667 1203.287792100769,67.02316436120731,212.7905450998839
1247.144695384338,29.104687266254295,197.3386478320667 1195.6224444974287,53.186290919305904,178.2197035870597
1247.144695384338,29.104687266254295,197.3386478320667 1246.5584044317513,-30.70973724752107,192.6598784420686
1246.5584044317513,-30.70973724752107,192.6598784420686 1209.4665700722344,-11.898010703998214,149.4127424872117
1246.5584044317513,-30.70973724752107,192.6598784420686 1213.2648915532077,-70.66868804061482,222.57349159262873
1246.5584044317513,-30.70973724752107,192.6598784420686 1199.6652650847209,-2.5751931476755914,217.3475456156563
1246.5584044317513,-30.70973724752107,192.6598784420686 1214.5267873057942,-72.08340731626384,163.2967224580995
1246.5584044317513,-30.70973724752107,192.6598784420686 1243.3929067997433,-40.9906641304778,133.63207001952043
1247.144695384338,29.104687266254295,197.3386478320667 1212.481307276915,73.82483086679707,217.302572327541
1247.144695384338,29.104687266254295,197.3386478320667 1199.6110433986707,-6.495230782172932,188.78307866042553
1247.144695384338,29.104687266254295,197.3386478320667 1212.240726549639,-18.574848074634218,186.9283227044193
1247.144695384338,29.104687266254295,197.3386478320667 1239.5651697983587,-26.50238359005862,176.1159132610346
1247.144695384338,29.104687266254295,197.3386478320667 1213.4372669307024,-4.596429832484439,160.89631018284157
1247.144695384338,29.104687266254295,197.3386478320667 1217.53104768731,64.35680855394081,235.8135723257489
1247.144695384338,29.104687266254295,197.3386478320667 1188.30217483382,27.71787056008152,185.69242463802973
1247.144695384338,29.104687266254295,197.3386478320667 1236.545572454485,71.47670475029227,238.47586610761664
1247.144695384338,29.104687266254295,197.3386478320667 1204.625713365296,-1.8542167491666,168.46508847011208
1247.144695384338,29.104687266254295,197.3386478320667 1242.115228637612,45.03986983975564,139.71248692755427
1247.144695384338,29.104687266254295,197.3386478320667 1205.0222692039713,69.86771386030777,210.14789744209617
1245.9728968632787,-10.524974154759839,242.3732658928633 1230.3769516392476,44.16847473732962,223.25800652090032
1245.9728968632787,-10.524974154759839,242.3732658928633 1200.0715641678075,25.11808375163055,227.45213725387086
1245.9728968632787,-10.524974154759839,242.3732658928633 1186.4391288159384,-16.18876387495175,247.23659274707842
1245.9728968632787,-10.524974154759839,242.3732658928633 1238.215096083452,-67.1218686993303,260.720147234696
1238.215096083452,-67.1218686993303,260.720147234696 1209.5907435257843,-98.59907860883789,303.0265497875857
1209.5907435257843,-98.59907860883789,303.0265497875857 1237.2343992587382,-80.2070160364849,253.05095242194548
1237.2343992587382,-80.2070160364849,253.05095242194548 1230.2731559973245,-77.62032585555816,312.5895963951107
1230.2731559973245,-77.62032585555816,312.5895963951107 1215.1791020422645,-25.92091500103873,339.0346422921655
1237.2343992587382,-80.2070160364849,253.05095242194548 1204.0741552702243,-40.71762172590312,222.37545803952986
1238.215096083452,-67.1218686993303,260.720147234696 1189.7368969593192,-86.03545197606276,230.85142484295233
1238.215096083452,-67.1218686993303,260.720147234696 1198.006733462482,-48.272182485694906,220.37195142635676
1245.9728968632787,-10.524974154759839,242.3732658928633 1244.3081371627768,48.545575305063565,231.98583302164133
1245.9728968632787,-10.524974154759839,242.3732658928633 1246.1278357642948,-24.852385047800873,300.63733107062893
1246.1278357642948,-24.852385047800873,300.63733107062893 1203.0252546293132,-64.49401292821514,313.7028903197806
1246.1278357642948,-24.852385047800873,300.63733107062893 1224.6558958859146,4.878662189762569,253.15027359159578
1246.1278357642948,-24.852385047800873,300.63733107062893 1200.0152017901685,-43.4412532315031,267.05044423041704
1246.1278357642948,-24.852385047800873,300.63733107062893 1227.9316211402995,-59.910244056700115,255.4726956235267
1246.1278357642948,-24.852385047800873,300.63733107062893 1210.5298306892378,-32.33529872298444,252.92163095414776
1246.1278357642948,-24.852385047800873,300.63733107062893 1202.5834781724905,-44.64980822901903,336.85819463433825
1246.1278357642948,-24.852385047800873,300.63733107062893 1194.2575364141032,-54.493693949487565,295.08171662069503
1246.1278357642948,-24.852385047800873,300.63733107062893 1198.7591778320984,-44.50179685242315,331.7839337976509
1246.1278357642948,-24.852385047800873,300.63733107062893 1207.0722301561552,-60.596294000396036,272.4055645058168
1246.1278357642948,-24.852385047800873,300.63733107062893 1191.4345260471039,-4.615877220207182,286.5261431998946
1246.1278357642948,-24.852385047800873,300.63733107062893 1221.508572163309,-52.38910917105218,253.354980406717
1246.1278357642948,-24.852385047800873,300.63733107062893 1209.3879369477706,22.03991905005543,293.47551207363296
1246.1278357642948,-24.852385047800873,300.63733107062893 1219.7195788600861,21.209521714680648,272.69265872175765
1246.1278357642948,-24.852385047800873,300.63733107062893 1186.6847587426328,-21.488814127846442,293.2071907716031
1246.1278357642948,-24.852385047800873,300.63733107062893 1220.2458865431365,-70.10109413118545,330.34724575917386
1246.1278357642948,-24.852385047800873,300.63733107062893 1190.655718798949,-47.70549272668612,299.8759449660242
1246.1278357642948,-24.852385047800873,300.63733107062893 1215.15148893396,-10.780720910924533,350.05852293672785
1246.1278357642948,-24.852385047800873,300.63733107062893 1203.330970620712,-19.90411448189996,342.39787407821706
1246.1278357642948,-24.852385047800873,300.63733107062893 1203.5164288404526,-64.66024163262568,314.7654078715509
1246.1278357642948,-24.852385047800873,300.63733107062893 1220.115976214093,8.87505172036768,258.37809336110826
1246.1278357642948,-24.852385047800873,300.63733107062893 1209.358588905131,20.10582054802581,315.6966217250138
1246.1278357642948,-24.852385047800873,300.63733107062893 1227.050836768398,21.96704363760417,332.94846238605686
1246.1278357642948,-24.852385047800873,300.63733107062893 1235.8388474889327,-58.67031349113308,349.11912596387856
1235.8388474889327,-58.67031349113308,349.11912596387856 1219.87939243297,-83.96372043789896,297.10432653773444
1235.8388474889327,-58.67031349113308,349.11912596387856 1206.1474939690108,-97.31028164155241,314.11374941270293
1235.8388474889327,-58.67031349113308,349.11912596387856 1180.45015974691,-64.40645436348933,326.77656661833413
1235.8388474889327,-58.67031349113308,349.11912596387856 1230.0123804079278,-27.436801947023742,400.0162775342558
1235.8388474889327,-58.67031349113308,349.11912596387856 1200.0497386839043,-10.662660118237753,352.9145058618284
1235.8388474889327,-58.67031349113308,349.11912596387856 1197.4669087075906,-99.24642974794725,327.1834676953323
1235.8388474889327,-58.67031349113308,349.11912596387856 1191.09740498911,-57.40827192275155,309.161516249148
1235.8388474889327,-58.67031349113308,349.11912596387856 1191.4138555441818,-56.61335646682716,389.39553367992227
1246.1278357642948,-24.852385047800873,300.63733107062893 1208.6867267836428,4.4157367581496665,264.01028635977383
1246.1278357642948,-24.852385047800873,300.63733107062893 1197.2728743095265,-51.9495021578806,322.5220057443758
1246.1278357642948,-24.852385047800873,300.63733107062893 1242.810760175241,31.338403578540984,321.41213030157877
1246.1278357642948,-24.852385047800873,300.63733107062893 1192.2187768747788,-17.40076788659552,325.9016690063344
1246.1278357642948,-24.852385047800873,300.63733107062893 1214.5037364537293,18.37725106890978,327.6764675955306
1246.1278357642948,-24.852385047800873,300.63733107062893 1209.2508683935687,-62.740875434451524,272.2727127273641
1245.9728968632787,-10.524974154759839,242.3732658928633 1215.5913668589146,-40.836874239836135,200.44295051334018
1245.9728968632787,-10.524974154759839,242.3732658928633 1215.4400500213126,-52.53263117771518,212.32161011207825
1245.9728968632787,-10.524974154759839,242.3732658928633 1204.6927729819513,-53.47176140308321,249.5513462343965
1245.9728968632787,-10.524974154759839,242.3732658928633 1221.9940649952387,38.269980210666084,216.99477006036238
1245.9728968632787,-10.524974154759839,242.3732658928633 1223.683123426796,-55.14468378686032,209.02289089501187
1245.9728968632787,-10.524974154759839,242.3732658928633 1223.7420848662937,-52.933021153357615,278.5305410628678
1245.9728968632787,-10.524974154759839,242.3732658928633 1225.3653908794092,36.84056065066296,211.84726370258184
1245.9728968632787,-10.524974154759839,242.3732658928633 1205.705374806359,-5.348248098220277,286.5516336165698
1245.9728968632787,-10.524974154759839,242.3732658928633 1208.897548029279,-49.11576495235004,215.2408245273342
1245.9728968632787,-10.524974154759839,242.3732658928633 1195.1501528065762,21.363905533380564,242.75802397559545
1245.9728968632787,-10.524974154759839,242.3732658928633 1216.6338698935606,-58.82449738774484,262.5320741893994
1245.9728968632787,-10.524974154759839,242.3732658928633 1214.4699539442374,36.91843090971843,223.48708302475947
1245.9728968632787,-10.524974154759839,242.3732658928633 1232.6427737785243,-11.757491155317876,300.8607749900084
1245.9728968632787,-10.524974154759839,242.3732658928633 1234.9853056416691,47.35404585131129,253.74392472529794
1245.9728968632787,-10.524974154759839,242.3732658928633 1188.8759095465548,-14.837500835262304,224.44741436542353
1245.9728968632787,-10.524974154759839,242.3732658928633 1223.3495285093852,-49.37998577582617,202.64328632766777
1245.9728968632787,-10.524974154759839,242.3732658928633 1240.3368074257596,31.140947972972235,199.56923069642352
1245.9728968632787,-10.524974154759839,242.3732658928633 1208.1716565585984,-52.24050419627908,263.1309339888446
1245.9728968632787,-10.524974154759839,242.3732658928633 1220.5110760215055,-11.082941891788263,188.04662094376044
1245.6485448374553,49.42165415313504,239.86397310834394 1217.3435720918621,3.067136572479619,265.36078109946186
1245.6485448374553,49.42165415313504,239.86397310834394 1233.6414722116815,31.432460773314343,183.8977410705981
1245.6485448374553,49.42165415313504,239.86397310834394 1199.4966896926967,61.74239920329465,276.17107307661723
1245.6485448374553,49.42165415313504,239.86397310834394 1225.2307167987722,87.491312147869,281.503058573166
1245.6485448374553,49.42165415313504,239.86397310834394 1238.1434383054855,98.02787629719708,274.231232888924
1238.1434383054855,98.02787629719708,274.231232888924 1202.5743231535596,138.8513093253971,300.0824487810461
1238.1434383054855,98.02787629719708,274.231232888924 1198.1240078171954,75.71033308623427,235.49659143686296
1245.6485448374553,49.42165415313504,239.86397310834394 1207.9384803020828,79.93054724348444,204.5488421424299
1245.6485448374553,49.42165415313504,239.86397310834394 1214.1960203050205,100.47097425491697,242.03321668212527
1245.6485448374553,49.42165415313504,239.86397310834394 1212.7199095281194,98.64532345080406,230.23405319494552
1245.6485448374553,49.42165415313504,239.86397310834394 1194.3503897001594,30.29882704383995,215.31164607284842
1245.6485448374553,49.42165415313504,239.86397310834394 1218.2426695091003,1.0066450051165106,262.3340618194269
1245.6485448374553,49.42165415313504,239.86397310834394 1246.4519541742163,56.824579857224336,299.40010687983886
1246.4519541742163,56.824579857224336,299.40010687983886 1235.1176732959138,98.74513864714362,257.99719843474685
1246.4519541742163,56.824579857224336,299.40010687983886 1194.3489958281846,28.10170550889866,291.6362018854451
1246.4519541742163,56.824579857224336,299.40010687983886 1210.6835862789987,29.940825068543084,259.4265207688277
1246.4519541742163,56.824579857224336,299.40010687983886 1204.4218865206046,95.8162303787711,281.7047797385173
1246.4519541742163,56.824579857224336,299.40010687983886 1242.5505802974012,13.613008542926892,257.9569001214003
1246.4519541742163,56.824579857224336,299.40010687983886 1201.87177915061,27.536388041406756,271.9263045397091
1246.4519541742163,56.824579857224336,299.40010687983886 1216.1456535642437,68.60428653266729,248.9742538481003
1246.4519541742163,56.824579857224336,299.40010687983886 1235.6463189991541,82.99916444310324,352.2974543579509
1246.4519541742163,56.824579857224336,299.40010687983886 1193.4429367101247,84.85103637551964,301.5359445421447
1246.4519541742163,56.824579857224336,299.40010687983886 1207.9702325640562,57.11084874687061,345.4335203100958
1246.4519541742163,56.824579857224336,299.40010687983886 1203.6664743304261,56.76891895617752,257.33587484832884
1246.4519541742163,56.824579857224336,299.40010687983886 1237.0091987986245,47.72349661678518,357.94927130399896
1246.4519541742163,56.824579857224336,299.40010687983886 1234.54343281419,11.087214627224903,262.43687459645435
1246.4519541742163,56.824579857224336,299.40010687983886 1215.680415501583,27.882158270316467,256.7920250126119
1246.4519541742163,56.824579857224336,299.40010687983886 1218.1556283560794,99.39419887581194,330.8189783077904
1246.4519541742163,56.824579857224336,299.40010687983886 1199.5053827497622,80.2253244098653,328.5278356939891
1246.4519541742163,56.824579857224336,299.40010687983886 1206.5671668733662,36.59508779114371,259.40046447250825
1246.4519541742163,56.824579857224336,299.40010687983886 1227.8485814654616,106.34019804922116,327.721796075993
1246.4519541742163,56.824579857224336,299.40010687983886 1246.2356722420943,4.337500406399251,328.4700176614118
1246.2356722420943,4.337500406399251,328.4700176614118 1210.778022491058,26.830794101086163,371.3280018988604
1246.2356722420943,4.337500406399251,328.4700176614118 1196.7056748253303,-28.495683190705236,336.7622677043247
1245.6485448374553,49.42165415313504,239.86397310834394 1213.9800636560033,3.3221245241211435,218.1397776653895
1245.6485448374553,49.42165415313504,239.86397310834394 1203.9881551248275,92.25956056681626,245.27929425160536
1245.6485448374553,49.42165415313504,239.86397310834394 1198.1545393307215,43.84931214478974,276.10301897696985
1245.6485448374553,49.42165415313504,239.86397310834394 1210.5083650094325,74.15810881401809,281.73610671130587
1245.6485448374553,49.42165415313504,239.86397310834394 1193.8072131860476,35.291384509476885,213.1654373356418
1245.6485448374553,49.42165415313504,239.86397310834394 1215.4200995659855,8.25811984556099,271.35690151741585
1245.6485448374553,49.42165415313504,239.86397310834394 1212.0921566036752,28.655694877829227,194.66725039441084
1245.6485448374553,49.42165415313504,239.86397310834394 1208.3834595188991,47.649975690654095,286.85519113497435
1245.6485448374553,49.42165415313504,239.86397310834394 1202.959097965698,8.368459979526413,249.4684706968384
1245.6485448374553,49.42165415313504,239.86397310834394 1204.6147105698503,19.482370464640027,207.9286676061486
1245.6485448374553,49.42165415313504,239.86397310834394 1214.3026964825406,13.79585148458031,203.14558568280617
1245.6485448374553,49.42165415313504,239.86397310834394 1233.2800707740316,50.34877053282584,298.56798749033425
1245.6485448374553,49.42165415313504,239.86397310834394 1207.6744318502053,19.269256647563008,275.2023328254777
1245.6485448374553,49.42165415313504,239.86397310834394 1229.403402075815,-8.214871142123357,243.62246862423387
1245.6485448374553,49.42165415313504,239.86397310834394 1200.8707503394512,9.640235362174082,243.38360929304977
1245.6485448374553,49.42165415313504,239.86397310834394 1188.8840678161048,52.154885704739556,220.6201794652525
1247.2178295187132,2.3074678332347385,202.74536870296674 1224.7556265590893,15.076169753047541,148.59364029579925
1247.2178295187132,2.3074678332347385,202.74536870296674 1213.493571566486,39.028694652556965,169.3653458381524
1247.2178295187132,2.3074678332347385,202.74536870296674 1192.0997615347508,-21.392964523133784,202.20863055777227
1247.2178295187132,2.3074678332347385,202.74536870296674 1209.5293061263283,36.21805445836718,234.8334867412849
1247.2178295187132,2.3074678332347385,202.74536870296674 1214.3497904741248,-26.213910132899876,161.43891632229975
1247.2178295187132,2.3074678332347385,202.74536870296674 1202.0554516764826,8.2619870809762,241.7953793068561
1247.2178295187132,2.3074678332347385,202.74536870296674 1209.2731129748686,-2.9814220617983405,248.9214028558203
1247.2178295187132,2.3074678332347385,202.74536870296674 1238.7074255848281,51.43607033267652,169.36942764756043
1247.2178295187132,2.3074678332347385,202.74536870296674 1192.8214896489437,24.850751501588018,191.2198071018693
1247.2178295187132,2.3074678332347385,202.74536870296674 1222.4908603254157,-52.07000476501656,208.37275427178514
1247.2178295187132,2.3074678332347385,202.74536870296674 1187.9924308958462,11.75740199779889,200.9986854895864
1247.2178295187132,2.3074678332347385,202.74536870296674 1228.4953465094202,0.5906833206179505,145.76711600157225
1247.2178295187132,2.3074678332347385,202.74536870296674 1194.4894064727644,9.485725598343588,230.461537603901
1247.2178295187132,2.3074678332347385,202.74536870296674 1204.516447993132,21.5877951470028,240.2268440538747
1247.2178295187132,2.3074678332347385,202.74536870296674 1243.4787751329682,-40.13394040803938,160.4991104213396
1247.2178295187132,2.3074678332347385,202.74536870296674 1201.7431437758073,37.27733211543206,185.16237838082154
1247.2178295187132,2.3074678332347385,202.74536870296674 1232.3925332366796,-25.649994747660557,253.72174437040468
1247.2178295187132,2.3074678332347385,202.74536870296674 1238.8478177418413,-49.42650054677013,231.96076564553252
1247.2178295187132,2.3074678332347385,202.74536870296674 1202.5971960684196,1.6603833323910835,162.63825771073346
1247.2178295187132,2.3074678332347385,202.74536870296674 1228.5417441003246,-27.289409079596986,154.00905051568728
1247.2178295187132,2.3074678332347385,202.74536870296674 1206.6899558714777,-37.972939384368786,184.44290296695897
1247.2178295187132,2.3074678332347385,202.74536870296674 1222.1557719463676,-21.4448715687154,153.67684882336363
1247.2178295187132,2.3074678332347385,202.74536870296674 1214.646292746342,38.098703995094695,167.27591133057336
1247.2178295187132,2.3074678332347385,202.74536870296674 1192.83005935253,26.34016762280069,194.72042028101134
1247.2178295187132,2.3074678332347385,202.74536870296674 1239.8771874323936,-51.03408655743331,229.21787423130604
1247.2178295187132,2.3074678332347385,202.74536870296674 1208.4611071915417,16.511844825296198,246.29019788763486
1247.2178295187132,2.3074678332347385,202.74536870296674 1210.8124219952256,43.99538138690036,225.91354011529234
1247.2178295187132,2.3074678332347385,202.74536870296674 1188.8798327617524,15.541039096177803,198.10309275108466
1247.2178295187132,2.3074678332347385,202.74536870296674 1191.6565211449183,22.097977566755624,213.7579404407347
1247.2178295187132,2.3074678332347385,202.74536870296674 1208.9767174939534,45.8287613843103,218.3503153145665
1247.2178295187132,2.3074678332347385,202.74536870296674 1246.8985712884223,-19.73578216440269,258.54853352113855
1246.8985712884223,-19.73578216440269,258.54853352113855 1222.4349459377365,-68.05312140240515,284.3742138347541
1246.8985712884223,-19.73578216440269,258.54853352113855 1208.1330340581521,17.188477289348686,231.45919637456754
1246.8985712884223,-19.73578216440269,258.54853352113855 1213.9431956335372,-60.412074944771376,229.2333084479597
1246.8985712884223,-19.73578216440269,258.54853352113855 1208.9890349020743,26.610867048521687,262.40277244812324
1247.2178295187132,2.3074678332347385,202.74536870296674 1233.2609922140107,-56.02828453930599,204.21052657148124
1247.2178295187132,2.3074678332347385,202.74536870296674 1215.7746589877593,-40.97640425737798,229.9084584352638
1247.2178295187132,2.3074678332347385,202.74536870296674 1226.9630621012013,-6.638422108203304,258.5101913962936
目标树
2280.0,0.0,-200.0 2224.1310836333014,0.7879398057770953,-178.13579786790044
2224.1310836333014,0.7879398057770953,-178.13579786790044 2168.262167266603,1.5758796115541909,-156.27159573580087
2168.262167266603,1.5758796115541909,-156.27159573580087 2112.393250899904,2.3638194173312863,-134.4073936037013
2112.393250899904,2.3638194173312863,-134.4073936037013 2056.5243345332055,3.1517592231083817,-112.54319147160174
2056.5243345332055,3.1517592231083817,-112.54319147160174 2000.655418166507,3.939699028885477,-90.67898933950218
2000.655418166507,3.939699028885477,-90.67898933950218 1944.7865017998083,4.727638834662573,-68.81478720740262
1944.7865017998083,4.727638834662573,-68.81478720740262 1991.671000343448,34.41241494227175,-45.99685864776875
1944.7865017998083,4.727638834662573,-68.81478720740262 1949.600020751084,44.490676395421836,-113.4883910383827
1944.7865017998083,4.727638834662573,-68.81478720740262 1952.3089325698768,-33.69799943962761,-23.351798320584663
1952.3089325698768,-33.69799943962761,-23.351798320584663 1996.7862737329874,-55.73419479217743,-57.058952122775054
1952.3089325698768,-33.69799943962761,-23.351798320584663 1993.7397568968365,-44.36430429125859,-65.41979965652499
1952.3089325698768,-33.69799943962761,-23.351798320584663 1961.9801641205331,0.43194859554773046,25.038427215259027
1961.9801641205331,0.43194859554773046,25.038427215259027 1953.7994830514058,-52.07051270343043,-2.828542745512138
1953.7994830514058,-52.07051270343043,-2.828542745512138 1996.8426193779444,-25.00855964232037,29.029566295880752
1953.7994830514058,-52.07051270343043,-2.828542745512138 1980.8784436125695,-4.40004499681757,-27.205917574638406
1953.7994830514058,-52.07051270343043,-2.828542745512138 1988.2390138398682,-76.02444359474623,-45.72525490302625
1953.7994830514058,-52.07051270343043,-2.828542745512138 1964.6094979365575,-14.991503597658287,43.08758363636881
1964.6094979365575,-14.991503597658287,43.08758363636881 1976.4423924177104,24.25437115184024,86.90246607766466
1964.6094979365575,-14.991503597658287,43.08758363636881 1952.9095093168057,33.61572454817552,76.26057925443952
1952.9095093168057,33.61572454817552,76.26057925443952 1947.4842049423921,88.04676550576991,51.606414236786804
1952.9095093168057,33.61572454817552,76.26057925443952 1955.174531440807,29.373228343694983,136.06752618147092
1955.174531440807,29.373228343694983,136.06752618147092 1896.0117523250276,26.42588712515114,145.611044769444
1896.0117523250276,26.42588712515114,145.611044769444 1836.8489732092482,23.47854590660729,155.15456335741706
1836.8489732092482,23.47854590660729,155.15456335741706 1777.686194093469,20.531204688063443,164.69808194539013
1777.686194093469,20.531204688063443,164.69808194539013 1718.5234149776898,17.5838634695196,174.2416005333632
1718.5234149776898,17.5838634695196,174.2416005333632 1659.3606358619104,14.636522250975752,183.78511912133627
1659.3606358619104,14.636522250975752,183.78511912133627 1701.8828862660835,55.24459319245468,195.73680498470355
1659.3606358619104,14.636522250975752,183.78511912133627 1694.059062776742,-20.108962008222043,218.26367032683126
1659.3606358619104,14.636522250975752,183.78511912133627 1701.5305514297895,33.10245809588019,145.30515765605125
1659.3606358619104,14.636522250975752,183.78511912133627 1704.3967666360502,52.99348219791652,193.8096165413245
1659.3606358619104,14.636522250975752,183.78511912133627 1675.6456444588027,-4.644839671533493,238.21881803489856
1659.3606358619104,14.636522250975752,183.78511912133627 1712.1049546752658,37.63349472043679,166.77994078784127
1659.3606358619104,14.636522250975752,183.78511912133627 1701.7193747019148,15.292135950378777,226.27402843378445
1659.3606358619104,14.636522250975752,183.78511912133627 1661.3912969700148,-16.917034525049928,234.77776045561268
1661.3912969700148,-16.917034525049928,234.77776045561268 1681.3304936987868,39.54947934063643,238.51423548799013
1661.3912969700148,-16.917034525049928,234.77776045561268 1696.733219470526,7.317339483744899,192.7820031655041
1661.3912969700148,-16.917034525049928,234.77776045561268 1710.2285132879488,16.943933250179448,243.04584146877338
1661.3912969700148,-16.917034525049928,234.77776045561268 1721.0821625215708,-22.945997358417664,233.97018577799932
1661.3912969700148,-16.917034525049928,234.77776045561268 1654.0913248403756,-41.69382668788084,180.6222346338983
1654.0913248403756,-41.69382668788084,180.6222346338983 1701.626935772382,-77.52634086806361,173.11246627209633
1654.0913248403756,-41.69382668788084,180.6222346338983 1699.5170198329185,-3.3056232455923293,188.5501644341625
1654.0913248403756,-41.69382668788084,180.6222346338983 1690.4905275724698,-11.428700316790927,217.4884816114503
1654.0913248403756,-41.69382668788084,180.6222346338983 1679.4177845773886,-92.60691087961905,161.47991776068696
1654.0913248403756,-41.69382668788084,180.6222346338983 1675.9521488446185,-91.87601250547185,205.19564710397026
1654.0913248403756,-41.69382668788084,180.6222346338983 1698.8829960783848,-71.82767835164098,154.43717836868115
1654.0913248403756,-41.69382668788084,180.6222346338983 1691.3718128641062,-5.098946176619982,210.1346037878481
1654.0913248403756,-41.69382668788084,180.6222346338983 1710.0637201217182,-62.83888956316209,176.1526392976796
1654.0913248403756,-41.69382668788084,180.6222346338983 1699.1159568011237,-52.7483582273797,142.5357560720595
1654.0913248403756,-41.69382668788084,180.6222346338983 1652.7103240201898,16.444485143286784,195.38805781300215
1652.7103240201898,16.444485143286784,195.38805781300215 1701.7756916698795,50.690106835825055,190.93529549143813
1652.7103240201898,16.444485143286784,195.38805781300215 1699.6839369787265,-20.555467974636557,200.33610337595587
1652.7103240201898,16.444485143286784,195.38805781300215 1690.8355444786603,10.599163670099635,149.42829517362247
1652.7103240201898,16.444485143286784,195.38805781300215 1661.849911960581,57.25604586087814,238.40996437319785
1652.7103240201898,16.444485143286784,195.38805781300215 1690.8242547168627,39.483183353221065,235.59435920520656
1652.7103240201898,16.444485143286784,195.38805781300215 1697.5265228077842,-22.169584994558093,185.3649887410854
1652.7103240201898,16.444485143286784,195.38805781300215 1662.1122870595368,23.486542536206088,254.22692692757286
1652.7103240201898,16.444485143286784,195.38805781300215 1655.5810119548164,-18.15256482827555,244.32478516626114
1655.5810119548164,-18.15256482827555,244.32478516626114 1715.4251444173742,-20.223916773169655,248.1181096876039
1655.5810119548164,-18.15256482827555,244.32478516626114 1686.7272097605976,-36.22734365298592,292.316625438134
1655.5810119548164,-18.15256482827555,244.32478516626114 1674.4752036154557,-40.139098433029524,191.79287237472033
1655.5810119548164,-18.15256482827555,244.32478516626114 1689.473067235712,-6.07864838499539,196.30865110116378
1655.5810119548164,-18.15256482827555,244.32478516626114 1699.0130518763763,-39.30963633914065,279.90618808037027
1655.5810119548164,-18.15256482827555,244.32478516626114 1674.4109866884958,-53.259320613338375,289.19067142494276
1655.5810119548164,-18.15256482827555,244.32478516626114 1696.8037368358714,-55.1520559958756,267.38393967633675
1655.5810119548164,-18.15256482827555,244.32478516626114 1696.6241488968813,-29.328088664620815,286.6398956699358
1655.5810119548164,-18.15256482827555,244.32478516626114 1699.0966743805711,-11.885354226962168,285.1550336950975
1655.5810119548164,-18.15256482827555,244.32478516626114 1675.5529392484475,5.665553118597941,193.0040351946684
1655.5810119548164,-18.15256482827555,244.32478516626114 1671.2505583752682,-23.32538291205306,302.0110683542899
1655.5810119548164,-18.15256482827555,244.32478516626114 1685.4387653126155,-40.798074965408325,197.46653685228924
1655.5810119548164,-18.15256482827555,244.32478516626114 1705.1850919089272,7.493957806878946,222.37732224612662
1655.5810119548164,-18.15256482827555,244.32478516626114 1696.9616498363573,-20.301932722627495,200.9309719416607
1655.5810119548164,-18.15256482827555,244.32478516626114 1697.3727402609022,-8.01331749684887,286.16552020691825
1655.5810119548164,-18.15256482827555,244.32478516626114 1693.6246266174994,15.211658241353447,276.5662491894304
1652.7103240201898,16.444485143286784,195.38805781300215 1689.65835835284,-1.9874426672002379,238.9208821659234
1652.7103240201898,16.444485143286784,195.38805781300215 1692.6576444072934,21.3266801763671,150.886644739381
1652.7103240201898,16.444485143286784,195.38805781300215 1658.8201492647793,69.3214966604182,223.07725586021414
1652.7103240201898,16.444485143286784,195.38805781300215 1692.31945354019,28.348273519407005,238.85547872757206
1652.7103240201898,16.444485143286784,195.38805781300215 1696.3012569600971,-23.42328650722694,205.89478656418754
1652.7103240201898,16.444485143286784,195.38805781300215 1692.584702819092,-21.568086182818497,219.15943422623104
1652.7103240201898,16.444485143286784,195.38805781300215 1691.5682613815393,57.51535553123929,215.4690017548949
1652.7103240201898,16.444485143286784,195.38805781300215 1675.8463770254587,57.3275503869432,232.71496536801294
1652.7103240201898,16.444485143286784,195.38805781300215 1703.4764584556676,39.55213219782988,217.4976991959295
1652.7103240201898,16.444485143286784,195.38805781300215 1698.909915211008,-20.65849946152128,204.82025306207572
1652.7103240201898,16.444485143286784,195.38805781300215 1698.5457465694674,52.013486259581306,210.68381537247652
1652.7103240201898,16.444485143286784,195.38805781300215 1700.84034483537,4.308270227704337,229.09582225760926
1652.7103240201898,16.444485143286784,195.38805781300215 1694.3036412886904,27.710546983433545,153.63794632553618
1652.7103240201898,16.444485143286784,195.38805781300215 1683.1595608566865,-17.371271249524135,234.49481676407086
1652.7103240201898,16.444485143286784,195.38805781300215 1681.8208085181411,20.83029266545802,247.6694539752414
1652.7103240201898,16.444485143286784,195.38805781300215 1660.6409235354272,65.52094317080739,228.9828023246356
1652.7103240201898,16.444485143286784,195.38805781300215 1664.7396849248125,-35.60377438735791,222.7060583997396
1652.7103240201898,16.444485143286784,195.38805781300215 1660.8738531789165,55.360298405967846,240.3204099635268
1652.7103240201898,16.444485143286784,195.38805781300215 1687.7585222858195,44.49536591715096,235.19725130073272
1652.7103240201898,16.444485143286784,195.38805781300215 1676.0372736629438,70.84115164723337,205.22960716373086
1652.7103240201898,16.444485143286784,195.38805781300215 1683.4965719802085,65.88018188700923,180.95480370982267
1652.7103240201898,16.444485143286784,195.38805781300215 1652.3705786560138,54.9043923182931,241.43933481133757
1652.3705786560138,54.9043923182931,241.43933481133757 1676.43323079914,101.38824175402341,212.10947778005857
1652.3705786560138,54.9043923182931,241.43933481133757 1658.5178464665646,-0.41597561616222833,263.84174517410554
1652.3705786560138,54.9043923182931,241.43933481133757 1695.9916926887943,43.512127520598106,281.029923507622
1652.3705786560138,54.9043923182931,241.43933481133757 1691.6570748166191,25.708428632512653,206.7382264157641
1652.3705786560138,54.9043923182931,241.43933481133757 1675.5693638858518,93.02252699887816,201.32918432131044
1652.3705786560138,54.9043923182931,241.43933481133757 1703.2131167118305,49.85103050292431,272.8956514807412
1652.3705786560138,54.9043923182931,241.43933481133757 1692.4830851163067,10.417712003498607,237.9864953939551
1652.3705786560138,54.9043923182931,241.43933481133757 1702.9787517252162,50.85988161467474,273.4151811920977
1652.3705786560138,54.9043923182931,241.43933481133757 1683.3916751552058,96.0085411705828,272.2312252878353
1652.3705786560138,54.9043923182931,241.43933481133757 1663.0044160506923,1.190958354884522,216.90795665759163
1652.3705786560138,54.9043923182931,241.43933481133757 1687.2281131042666,36.39052936184752,196.24874762087487
1652.3705786560138,54.9043923182931,241.43933481133757 1651.007220803872,113.10676796384966,255.95225059626955
1651.007220803872,113.10676796384966,255.95225059626955 1670.004794546063,105.63864433853064,312.37316268945506
1651.007220803872,113.10676796384966,255.95225059626955 1706.8859635213414,115.4399346053029,234.22387178564287
1651.007220803872,113.10676796384966,255.95225059626955 1692.041814099139,90.04349219019366,218.7467743369831
1651.007220803872,113.10676796384966,255.95225059626955 1692.5669007610911,72.09341454035787,269.76158956717177
1651.007220803872,113.10676796384966,255.95225059626955 1686.792905518357,148.78079381669326,223.5987554378462
1651.007220803872,113.10676796384966,255.95225059626955 1665.3305534003186,59.42206903317789,278.59723335304597
1651.007220803872,113.10676796384966,255.95225059626955 1653.4936948187376,53.52171488482194,249.3614314861098
1651.007220803872,113.10676796384966,255.95225059626955 1653.871118278748,143.79514048464102,307.4306138499564
1653.871118278748,143.79514048464102,307.4306138499564 1659.7297077484811,101.22361349783482,349.30354089639974
1653.871118278748,143.79514048464102,307.4306138499564 1671.1375980524738,201.16035315772473,310.76243785422173
1651.007220803872,113.10676796384966,255.95225059626955 1710.2914801473653,121.70012606296886,259.3479523902651
1652.3705786560138,54.9043923182931,241.43933481133757 1696.5196321791127,39.89295738122461,203.6833035826094
1652.3705786560138,54.9043923182931,241.43933481133757 1682.896438735963,4.80132395781532,228.87532242497625
1652.3705786560138,54.9043923182931,241.43933481133757 1664.1261787287888,17.375779314710485,196.12477784609405
1652.3705786560138,54.9043923182931,241.43933481133757 1679.0460096823665,35.989349332958675,191.13384278093147
1652.3705786560138,54.9043923182931,241.43933481133757 1691.73145660135,22.998374823031796,209.30325952258409
1652.3705786560138,54.9043923182931,241.43933481133757 1661.3191448523223,74.63216118382842,185.48633401050205
1652.3705786560138,54.9043923182931,241.43933481133757 1694.7874072573413,39.33222368894032,280.9148996025424
1652.3705786560138,54.9043923182931,241.43933481133757 1684.8231814022693,83.39880419182268,283.0914304005799
1652.3705786560138,54.9043923182931,241.43933481133757 1688.538806879769,80.967457945847,201.28244402970245
1652.3705786560138,54.9043923182931,241.43933481133757 1690.781726915487,99.1609369416584,228.55748915984665
1652.3705786560138,54.9043923182931,241.43933481133757 1696.5405163349578,16.748732671713896,255.33761680490062
1652.3705786560138,54.9043923182931,241.43933481133757 1657.4027789860738,105.54031492819,209.64813632366375
1652.3705786560138,54.9043923182931,241.43933481133757 1675.9050687598187,107.75028744253507,225.51956270016933
1652.3705786560138,54.9043923182931,241.43933481133757 1660.3445412547517,105.24720711732066,209.78468399056968
1652.3705786560138,54.9043923182931,241.43933481133757 1659.2260316491102,-4.680775393721085,239.8236142319715
1652.3705786560138,54.9043923182931,241.43933481133757 1694.8661777212765,37.25544047817032,279.944380701837
1652.3705786560138,54.9043923182931,241.43933481133757 1697.1320815236659,40.63414778139952,204.1195279805616
1652.3705786560138,54.9043923182931,241.43933481133757 1692.700301181094,31.95624652251201,279.4774221132199
1652.3705786560138,54.9043923182931,241.43933481133757 1672.0724354711383,11.391718133116896,205.1283994985281
1652.3705786560138,54.9043923182931,241.43933481133757 1663.659746441458,113.70271825556239,237.5263362569386
1652.3705786560138,54.9043923182931,241.43933481133757 1699.7809723261016,57.09640791140265,204.73171108428534
1652.3705786560138,54.9043923182931,241.43933481133757 1657.3176993122695,4.54576344667457,209.19752196864778
1652.3705786560138,54.9043923182931,241.43933481133757 1707.459852979511,52.20021037847441,265.0583791304211
1652.3705786560138,54.9043923182931,241.43933481133757 1657.9701727822217,40.16168765004079,299.3297243823746
1652.3705786560138,54.9043923182931,241.43933481133757 1692.4309949889885,89.92343216372458,213.71155286735905
1652.3705786560138,54.9043923182931,241.43933481133757 1699.3500334112587,87.73293730047973,259.19369949308424
1652.3705786560138,54.9043923182931,241.43933481133757 1690.5336610074435,39.28209444059813,285.022851815574
1652.3705786560138,54.9043923182931,241.43933481133757 1701.5453075136218,82.33219553258458,220.71346564696125
1652.3705786560138,54.9043923182931,241.43933481133757 1653.7717045509137,15.891306718467007,287.00265337141707
1653.7717045509137,15.891306718467007,287.00265337141707 1710.943826727849,8.226382604751173,303.51317680698855
1653.7717045509137,15.891306718467007,287.00265337141707 1699.865145045894,-12.787447139095544,261.45027930337693
1653.7717045509137,15.891306718467007,287.00265337141707 1700.0808614631546,53.96305824388221,284.5524040240062
1653.7717045509137,15.891306718467007,287.00265337141707 1667.7370911443886,-23.940785239754355,329.64503167664986
1653.7717045509137,15.891306718467007,287.00265337141707 1702.43485313501,17.803280589803496,322.0489417026727
1653.7717045509137,15.891306718467007,287.00265337141707 1660.7238139953688,-27.026406294450986,245.65367413355526
1653.7717045509137,15.891306718467007,287.00265337141707 1702.6104027431134,-13.54462814114386,305.6656461065597
1653.7717045509137,15.891306718467007,287.00265337141707 1665.5797420844272,15.137044534158976,345.8244294255661
1652.3705786560138,54.9043923182931,241.43933481133757 1681.208941808565,16.09842439713705,276.9702462038672
1652.3705786560138,54.9043923182931,241.43933481133757 1688.2139681315327,15.951672140792716,269.68711386880716
1652.3705786560138,54.9043923182931,241.43933481133757 1683.4382319367803,91.72425106157016,277.20382728293845
1652.3705786560138,54.9043923182931,241.43933481133757 1706.6154778156892,64.38860069668485,217.61622194605738
1652.3705786560138,54.9043923182931,241.43933481133757 1654.5474360760743,64.84860292079122,300.5694791310151
1654.5474360760743,64.84860292079122,300.5694791310151 1660.1311184311032,18.31128379886276,263.11149706708204
1654.5474360760743,64.84860292079122,300.5694791310151 1668.095665511013,25.991664202254952,344.2339245368848
1652.3705786560138,54.9043923182931,241.43933481133757 1663.2897730451891,112.57463183193768,228.9928626874677
1652.3705786560138,54.9043923182931,241.43933481133757 1660.6831093198264,7.224188301278623,205.97808865642855
1652.3705786560138,54.9043923182931,241.43933481133757 1676.8487402924002,3.3554418833607684,222.90489896991454
1652.3705786560138,54.9043923182931,241.43933481133757 1694.099535432735,45.805327314112574,199.2978922354571
1652.3705786560138,54.9043923182931,241.43933481133757 1671.885323679894,109.15106524833394,258.0668181649337
1652.7103240201898,16.444485143286784,195.38805781300215 1690.3080738289643,62.398545257627745,186.74898562182761
1652.7103240201898,16.444485143286784,195.38805781300215 1660.6253321230167,-21.76621481726947,240.9654102509897
1652.7103240201898,16.444485143286784,195.38805781300215 1678.0113654868312,68.88285215442781,209.8820208979615
1652.7103240201898,16.444485143286784,195.38805781300215 1703.4370536668666,-7.090485691895715,217.13441491344702
1652.7103240201898,16.444485143286784,195.38805781300215 1699.0868237287916,41.47809163324687,224.06799541551243
1652.7103240201898,16.444485143286784,195.38805781300215 1710.8072576296984,30.208430468785615,189.44666788731786
1652.7103240201898,16.444485143286784,195.38805781300215 1701.3497666734904,-18.530963126234752,192.08311655447667
1652.7103240201898,16.444485143286784,195.38805781300215 1689.9920504404902,38.680615653742365,153.96792532837736
1652.7103240201898,16.444485143286784,195.38805781300215 1673.0983481648643,71.62664396345745,207.18881284908485
1652.7103240201898,16.444485143286784,195.38805781300215 1688.8806262999049,-6.6666660260131145,237.31160638207967
1652.7103240201898,16.444485143286784,195.38805781300215 1676.4098758160787,1.0416450900822838,248.31332364104853
1652.7103240201898,16.444485143286784,195.38805781300215 1709.722877667078,9.645007121145849,212.80459665650181
1652.7103240201898,16.444485143286784,195.38805781300215 1686.3019167757639,50.99342948892268,231.13683878167046
1652.7103240201898,16.444485143286784,195.38805781300215 1677.212829824101,1.7659811711198152,248.15328054984252
1652.7103240201898,16.444485143286784,195.38805781300215 1705.8679119227158,29.034352651577098,220.20269229567987
1652.7103240201898,16.444485143286784,195.38805781300215 1654.6306098493005,-19.839978719640563,243.13478738178452
1654.6306098493005,-19.839978719640563,243.13478738178452 1711.2464964829649,-33.37847341507794,228.59688718726923
1654.6306098493005,-19.839978719640563,243.13478738178452 1696.2787706062536,5.694205909522378,277.969197393823
1654.6306098493005,-19.839978719640563,243.13478738178452 1678.8011764836206,29.90580239918831,219.87235050484784
1654.6306098493005,-19.839978719640563,243.13478738178452 1704.8605971614234,-48.854668889092075,227.80194260350802
1654.6306098493005,-19.839978719640563,243.13478738178452 1690.0112447296626,8.769932860000097,204.02361717597697
1654.6306098493005,-19.839978719640563,243.13478738178452 1701.1693781076108,-9.999095543124596,206.56567381164922
1654.6306098493005,-19.839978719640563,243.13478738178452 1699.3907656364306,-20.226154355746676,203.18007148628692
1654.6306098493005,-19.839978719640563,243.13478738178452 1689.2852535391164,-61.71470044518068,217.7268486393267
1654.6306098493005,-19.839978719640563,243.13478738178452 1685.9981195697603,-44.76884400404294,198.4734953094656
1654.6306098493005,-19.839978719640563,243.13478738178452 1695.7996604847563,6.245823539612925,208.1399278983347
1654.6306098493005,-19.839978719640563,243.13478738178452 1661.305773374,-3.3374301628143925,300.43319995183845
1654.6306098493005,-19.839978719640563,243.13478738178452 1648.3301916101339,-61.959641652083,285.3987049057081
1648.3301916101339,-61.959641652083,285.3987049057081 1693.9891970054753,-91.24673368483117,311.04088629835724
1648.3301916101339,-61.959641652083,285.3987049057081 1704.9792058102676,-71.836584902238,302.5257356520538
1648.3301916101339,-61.959641652083,285.3987049057081 1674.0743432878278,-37.05363283787666,333.53319752111395
1648.3301916101339,-61.959641652083,285.3987049057081 1654.3245542225607,-14.032185369972972,249.80338848349922
1648.3301916101339,-61.959641652083,285.3987049057081 1708.2528754947339,-62.16072806222089,288.43704661162957
1648.3301916101339,-61.959641652083,285.3987049057081 1645.2989064079607,-105.47570241012548,326.59535241646364
1645.2989064079607,-105.47570241012548,326.59535241646364 1664.0486715376219,-140.79008540398848,281.8590063280167
1645.2989064079607,-105.47570241012548,326.59535241646364 1683.2825570687373,-80.90194125703303,287.1825049518254
1645.2989064079607,-105.47570241012548,326.59535241646364 1670.0140884072073,-79.41112574323293,374.65570636771747
1645.2989064079607,-105.47570241012548,326.59535241646364 1672.108903189489,-151.7341680777138,299.36708720079133
1645.2989064079607,-105.47570241012548,326.59535241646364 1691.863307878748,-83.81273574353376,295.57161326610515
1645.2989064079607,-105.47570241012548,326.59535241646364 1686.6529464552668,-125.82270230655654,288.1786507493445
1645.2989064079607,-105.47570241012548,326.59535241646364 1634.701657932487,-162.40813305663522,342.29237969647534
1634.701657932487,-162.40813305663522,342.29237969647534 1623.2550458243468,-213.07690867824516,372.31987123760683
1634.701657932487,-162.40813305663522,342.29237969647534 1648.4724213723646,-218.54027244179204,326.1818551138226
1634.701657932487,-162.40813305663522,342.29237969647534 1589.3304328084682,-200.85886984377717,334.3555811434356
1589.3304328084682,-200.85886984377717,334.3555811434356 1622.4904570312224,-250.85497739516904,333.46002363215575
1589.3304328084682,-200.85886984377717,334.3555811434356 1634.9089237612434,-161.8436528152638,334.9990115482163
1589.3304328084682,-200.85886984377717,334.3555811434356 1531.2603868029857,-185.80097670449337,333.2927494883498
1531.2603868029857,-185.80097670449337,333.2927494883498 1480.9160288439532,-192.01482316295989,365.33699599038806
1480.9160288439532,-192.01482316295989,365.33699599038806 1427.3207693430159,-167.12245100174752,354.9486386989348
1427.3207693430159,-167.12245100174752,354.9486386989348 1485.6605208139829,-178.67855268143535,347.0158011060865
1427.3207693430159,-167.12245100174752,354.9486386989348 1397.2537745011148,-213.43019662305718,331.46314282064503
1397.2537745011148,-213.43019662305718,331.46314282064503 1354.1011041399313,-177.50369717501835,310.3176071663016
1354.1011041399313,-177.50369717501835,310.3176071663016 1340.0134289020323,-190.42961553088318,253.4453112653183
1340.0134289020323,-190.42961553088318,253.4453112653183 1382.3402990688785,-231.25181883268837,241.5296165954711
1340.0134289020323,-190.42961553088318,253.4453112653183 1291.8012445249044,-156.63782706284996,241.8824262569166
1291.8012445249044,-156.63782706284996,241.8824262569166 1261.5495677998272,-151.60250306108657,190.3122646562518
1354.1011041399313,-177.50369717501835,310.3176071663016 1395.8737057672001,-180.49580030810216,353.28383893184616
1354.1011041399313,-177.50369717501835,310.3176071663016 1413.6647353288265,-176.56771255967695,303.15536084317773
1645.2989064079607,-105.47570241012548,326.59535241646364 1687.506865531032,-117.05818788656696,367.6359934549898
1648.3301916101339,-61.959641652083,285.3987049057081 1693.0533597669187,-97.96002632791257,267.9685433111545
1648.3301916101339,-61.959641652083,285.3987049057081 1703.7423270172333,-54.9679898912311,307.32157094279967
1648.3301916101339,-61.959641652083,285.3987049057081 1688.4642929424558,-23.30076924277983,263.1558297703277
1648.3301916101339,-61.959641652083,285.3987049057081 1687.8482355687415,-104.38470551984346,269.95726204883783
1648.3301916101339,-61.959641652083,285.3987049057081 1688.338223178188,-105.78947932827347,276.54982139826075
1648.3301916101339,-61.959641652083,285.3987049057081 1679.9694970529997,-35.32106796409863,328.86525230670213
1648.3301916101339,-61.959641652083,285.3987049057081 1675.6868969168495,-93.6698800951961,328.3646385350664
1648.3301916101339,-61.959641652083,285.3987049057081 1697.101784436485,-51.755199931251,251.97414653395475
1648.3301916101339,-61.959641652083,285.3987049057081 1687.936706004043,-42.72631566787153,244.63839100664524
1648.3301916101339,-61.959641652083,285.3987049057081 1667.077520236406,-76.94393583093937,340.3896914156813
1648.3301916101339,-61.959641652083,285.3987049057081 1671.9112707861395,-82.79049237733412,336.486945851715
1648.3301916101339,-61.959641652083,285.3987049057081 1693.4318351294505,-68.30433185148692,324.4574639506403
1648.3301916101339,-61.959641652083,285.3987049057081 1658.3377575658374,-121.00766136522695,289.0291307207341
1648.3301916101339,-61.959641652083,285.3987049057081 1692.983861067856,-24.66367128906274,270.7337671751477
1648.3301916101339,-61.959641652083,285.3987049057081 1682.1265135859423,-110.28843027138069,296.45025735315744
1648.3301916101339,-61.959641652083,285.3987049057081 1672.6425573450383,-15.26136190758696,256.62059618958443
1648.3301916101339,-61.959641652083,285.3987049057081 1653.409043707135,-4.530907947397665,268.78106950071964
1648.3301916101339,-61.959641652083,285.3987049057081 1692.8809082206835,-23.080251944390206,295.5784252085381
1648.3301916101339,-61.959641652083,285.3987049057081 1672.0691586648038,-109.4564689946693,257.46104509738063
1648.3301916101339,-61.959641652083,285.3987049057081 1701.9510401075854,-46.5240310989215,263.3409050774279
1648.3301916101339,-61.959641652083,285.3987049057081 1671.536600783345,-20.34534171606611,321.86392962900754
1648.3301916101339,-61.959641652083,285.3987049057081 1689.0552318920475,-100.48421160460988,264.0134622367697
1648.3301916101339,-61.959641652083,285.3987049057081 1657.8335534254688,-20.324942924031554,327.544143283203
1652.7103240201898,16.444485143286784,195.38805781300215 1688.6484080882042,-21.787776444024026,224.48699744041417
1652.7103240201898,16.444485143286784,195.38805781300215 1691.8634378183806,-29.014162494110337,194.64979303334184
1652.7103240201898,16.444485143286784,195.38805781300215 1656.533206209022,75.25984848885305,206.61920229160847
1652.7103240201898,16.444485143286784,195.38805781300215 1675.8653395597944,-38.77916271392634,199.15554672515412
1652.7103240201898,16.444485143286784,195.38805781300215 1672.6395945375903,-39.252645123404086,205.42069738090967
1652.7103240201898,16.444485143286784,195.38805781300215 1691.7418121366725,55.50594183770825,171.9200895088924
1652.7103240201898,16.444485143286784,195.38805781300215 1685.9941371894852,55.645313472381496,164.4771723642757
1652.7103240201898,16.444485143286784,195.38805781300215 1698.3538870764248,8.866189969845008,157.1881285749044
1652.7103240201898,16.444485143286784,195.38805781300215 1671.2578704111265,11.580453106162613,252.24163918847822
1652.7103240201898,16.444485143286784,195.38805781300215 1670.4509525371386,0.8581023130857712,250.54542151082617
1652.7103240201898,16.444485143286784,195.38805781300215 1711.7243847462807,5.612135515466159,195.3591068562067
1652.7103240201898,16.444485143286784,195.38805781300215 1691.4993290709795,53.246569216051675,222.60973474648566
1652.7103240201898,16.444485143286784,195.38805781300215 1705.303721877145,45.299403778660576,196.54052143757357
1652.7103240201898,16.444485143286784,195.38805781300215 1696.423746195067,16.117819582987824,236.485868112003
1652.7103240201898,16.444485143286784,195.38805781300215 1689.943016921447,30.220171948737867,150.39964783488907
1652.7103240201898,16.444485143286784,195.38805781300215 1687.0600213973535,59.197366953797484,219.72505407371156
1652.7103240201898,16.444485143286784,195.38805781300215 1694.8403246173043,36.179517210919855,233.277258899547
1652.7103240201898,16.444485143286784,195.38805781300215 1674.6352570735744,61.674003190690364,228.15371068005487
1652.7103240201898,16.444485143286784,195.38805781300215 1681.4722615632677,-21.542701342539317,231.8534470425051
1652.7103240201898,16.444485143286784,195.38805781300215 1685.248035540192,66.59998201872126,200.45988807627015
1652.7103240201898,16.444485143286784,195.38805781300215 1654.096081443799,-33.475509982969044,228.64574508914188
1654.096081443799,-33.475509982969044,228.64574508914188 1701.1582940373678,-44.90876337366744,264.0636623444213
1652.7103240201898,16.444485143286784,195.38805781300215 1691.2791489809986,1.5147441060174707,238.85699584583858
1652.7103240201898,16.444485143286784,195.38805781300215 1658.7076110874104,13.648695128032534,255.02207583982937
1652.7103240201898,16.444485143286784,195.38805781300215 1666.2361593169271,28.94546456115126,252.49127394939558
1652.7103240201898,16.444485143286784,195.38805781300215 1705.1095612434422,39.19027693898238,177.0318900754759
1652.7103240201898,16.444485143286784,195.38805781300215 1682.8830321415694,68.28605553553629,193.9530442634234
1652.7103240201898,16.444485143286784,195.38805781300215 1673.9602918983267,50.895204520810466,239.6778625038028
1652.7103240201898,16.444485143286784,195.38805781300215 1676.969335752026,69.50108643960439,209.4058111521868
1652.7103240201898,16.444485143286784,195.38805781300215 1669.5206736316466,71.22358635742933,177.59305244319907
1652.7103240201898,16.444485143286784,195.38805781300215 1689.5824776719874,23.136377594162283,148.53015708639964
1652.7103240201898,16.444485143286784,195.38805781300215 1653.3577575038744,72.16951876997899,217.62094914967327
1653.3577575038744,72.16951876997899,217.62094914967327 1688.5497233262763,60.86162364010885,264.8825302625261
1652.7103240201898,16.444485143286784,195.38805781300215 1681.6440867814563,48.68503542361143,236.9017217093219
1652.7103240201898,16.444485143286784,195.38805781300215 1690.4156362190388,13.79789869935354,148.79079381411356
1652.7103240201898,16.444485143286784,195.38805781300215 1701.399462903552,20.316652472998886,160.54018736203508
1652.7103240201898,16.444485143286784,195.38805781300215 1695.8749902853715,11.639226516071286,236.78517215375115
1654.0913248403756,-41.69382668788084,180.6222346338983 1702.8588039855738,-6.748121062777848,181.35068242633602
1654.0913248403756,-41.69382668788084,180.6222346338983 1699.2935965403165,-52.25754916026586,218.6375263030563
1654.0913248403756,-41.69382668788084,180.6222346338983 1700.224720528491,-78.95418255753792,189.75326320412424
1654.0913248403756,-41.69382668788084,180.6222346338983 1675.7825002936052,-62.26498315434129,232.64454166741626
1654.0913248403756,-41.69382668788084,180.6222346338983 1679.2214792844766,-93.97685534506071,165.29382140720904
1654.0913248403756,-41.69382668788084,180.6222346338983 1699.0194026652546,-8.929680496353221,158.08385520453788
1654.0913248403756,-41.69382668788084,180.6222346338983 1689.1858059589042,-24.66838427090026,226.21293221056754
1654.0913248403756,-41.69382668788084,180.6222346338983 1709.5350557029444,-60.41833560994234,193.86555271007018
1654.0913248403756,-41.69382668788084,180.6222346338983 1694.029158774264,-34.918656010682895,136.36089164745025
1654.0913248403756,-41.69382668788084,180.6222346338983 1662.8676499382543,-31.72175984528655,239.13320796936057
1654.0913248403756,-41.69382668788084,180.6222346338983 1712.1138721549153,-43.11022023349057,165.4111257835892
1654.0913248403756,-41.69382668788084,180.6222346338983 1705.3553223617173,-14.807000775965385,164.83929604457876
1654.0913248403756,-41.69382668788084,180.6222346338983 1689.6680367883566,-2.4520147939618937,208.80694265531775
1654.0913248403756,-41.69382668788084,180.6222346338983 1704.8240460489155,-25.405631789990835,208.2063914226224
1654.0913248403756,-41.69382668788084,180.6222346338983 1710.0733285930994,-63.27926137419415,180.91251937845752
1654.0913248403756,-41.69382668788084,180.6222346338983 1698.6112652413783,-3.6539854199204953,193.69684296453465
1654.0913248403756,-41.69382668788084,180.6222346338983 1668.6899646453073,-88.66390862007415,214.98342086384253
1654.0913248403756,-41.69382668788084,180.6222346338983 1697.0774961568811,-81.38358470262025,167.32140066457634
1654.0913248403756,-41.69382668788084,180.6222346338983 1660.257553965446,-57.108829562268326,238.27945711954843
1654.0913248403756,-41.69382668788084,180.6222346338983 1694.8246439474567,-76.13204174900798,208.09596859789127
1654.0913248403756,-41.69382668788084,180.6222346338983 1712.5485901240984,-32.56060391004103,190.5887975940571
1654.0913248403756,-41.69382668788084,180.6222346338983 1685.948775322243,-73.48003413611761,220.30522676973683
1654.0913248403756,-41.69382668788084,180.6222346338983 1671.88758542745,-81.48603896386723,221.85175016949225
1654.0913248403756,-41.69382668788084,180.6222346338983 1706.232688861062,-53.97029172983648,207.65122951228636
1654.0913248403756,-41.69382668788084,180.6222346338983 1678.7303461006147,-56.64200522963017,233.2479943872878
1654.0913248403756,-41.69382668788084,180.6222346338983 1667.723383999275,-99.96302582327388,176.27857313601683
1654.0913248403756,-41.69382668788084,180.6222346338983 1694.525644114075,-81.24754181445027,200.63646568479615
1654.0913248403756,-41.69382668788084,180.6222346338983 1699.607954211091,-26.22479857165861,216.52412344031688
1654.0913248403756,-41.69382668788084,180.6222346338983 1703.5646500832402,-30.498659310191726,148.57448406074172
1654.0913248403756,-41.69382668788084,180.6222346338983 1684.2076206409015,-88.72082231347001,202.56466863029092
1654.0913248403756,-41.69382668788084,180.6222346338983 1712.3096235508829,-38.014775589135,194.66126160399034
1654.0913248403756,-41.69382668788084,180.6222346338983 1665.059427594741,9.097815187698401,210.620731888804
1654.0913248403756,-41.69382668788084,180.6222346338983 1689.4543892117176,1.4404299436114343,202.73308226841655
1654.0913248403756,-41.69382668788084,180.6222346338983 1703.3384414855416,-10.174646480105057,167.1588479437976
1654.0913248403756,-41.69382668788084,180.6222346338983 1663.0563148459312,-8.461644832044321,229.7674382991686
1654.0913248403756,-41.69382668788084,180.6222346338983 1709.6552469576302,-35.94819212730236,158.72158983873427
1654.0913248403756,-41.69382668788084,180.6222346338983 1676.8495283438058,-37.2909506516485,235.9637096404974
1654.0913248403756,-41.69382668788084,180.6222346338983 1699.3729784563807,-71.04070036131739,206.8583328841239
1654.0913248403756,-41.69382668788084,180.6222346338983 1686.4973996095364,-30.92028739264941,229.95556179829768
1654.0913248403756,-41.69382668788084,180.6222346338983 1694.572518636379,-1.8878754082913076,200.03252034991382
1654.0913248403756,-41.69382668788084,180.6222346338983 1686.444854417424,3.9049452812635863,158.85066788244438
1654.0913248403756,-41.69382668788084,180.6222346338983 1705.5006108356142,-52.66772170524052,209.5472919650037
1654.0913248403756,-41.69382668788084,180.6222346338983 1685.8260054979673,-9.499128577753332,220.0736155623071
1654.0913248403756,-41.69382668788084,180.6222346338983 1708.8413570547696,-56.15637363781599,200.45323834636164
1654.0913248403756,-41.69382668788084,180.6222346338983 1689.3637446293212,-76.3806041982732,214.57343296587078
1654.0913248403756,-41.69382668788084,180.6222346338983 1700.538617558999,-61.64925849529513,148.30459640815295
1654.0913248403756,-41.69382668788084,180.6222346338983 1698.558651280913,-1.5334712849054952,177.49130296147447
1659.3606358619104,14.636522250975752,183.78511912133627 1695.95306001231,32.32690461156167,227.92178037627855
1659.3606358619104,14.636522250975752,183.78511912133627 1675.6662848423853,46.221707652542506,232.12249466525873
1659.3606358619104,14.636522250975752,183.78511912133627 1693.5795816763032,-34.64276417021578,184.5697701073289
1659.3606358619104,14.636522250975752,183.78511912133627 1674.4647204680589,9.1261387507008,241.5908480925222
1659.3606358619104,14.636522250975752,183.78511912133627 1679.703020357317,-21.085156717923745,227.49037103325097
1659.3606358619104,14.636522250975752,183.78511912133627 1694.601235348964,-10.46237615462896,225.35608791709802
1659.3606358619104,14.636522250975752,183.78511912133627 1688.0102226055114,35.09893160002156,232.37000342759927
1659.3606358619104,14.636522250975752,183.78511912133627 1716.8460053915614,9.711356737811013,200.2525121969687
1659.3606358619104,14.636522250975752,183.78511912133627 1693.0940175327626,-31.922812737022134,200.93992272044545
1659.3606358619104,14.636522250975752,183.78511912133627 1674.422513903917,65.92929226128739,211.0283122990274
1659.3606358619104,14.636522250975752,183.78511912133627 1678.8836376762506,71.13425055552155,188.96769537094352
1659.3606358619104,14.636522250975752,183.78511912133627 1700.3829741665197,39.975531048176464,219.49369502681833
1659.3606358619104,14.636522250975752,183.78511912133627 1658.4333180370845,-43.744520954398766,197.59793476131185
1658.4333180370845,-43.744520954398766,197.59793476131185 1687.720230007209,-64.94321473534903,245.48208839521965
1658.4333180370845,-43.744520954398766,197.59793476131185 1688.774468099492,-8.491855443281075,235.50128800679298
1658.4333180370845,-43.744520954398766,197.59793476131185 1696.8292386713974,7.965099643314488E-5,212.16375765320493
1658.4333180370845,-43.744520954398766,197.59793476131185 1708.019121478589,-76.49604657969795,205.8795811118777
1659.3606358619104,14.636522250975752,183.78511912133627 1695.1817210728832,43.284161479298405,222.4653805081483
1659.3606358619104,14.636522250975752,183.78511912133627 1705.194924038363,5.983495125169464,221.52559008975362
1659.3606358619104,14.636522250975752,183.78511912133627 1704.419420970532,-24.74202376986498,188.14814534399252
1659.3606358619104,14.636522250975752,183.78511912133627 1684.6753170651295,-22.631592269381926,223.41155670632347
1659.3606358619104,14.636522250975752,183.78511912133627 1685.0613268936831,21.164931865209578,237.60755262631753
1659.3606358619104,14.636522250975752,183.78511912133627 1665.0716992607336,-9.258647901708034,238.52454365456381
1659.3606358619104,14.636522250975752,183.78511912133627 1716.4657772701041,-3.361658276867132,187.66691283525012
1659.3606358619104,14.636522250975752,183.78511912133627 1696.4169425328755,52.963516461922,211.314587889576
1659.3606358619104,14.636522250975752,183.78511912133627 1696.9795292810593,-23.76680069989016,157.1392255493389
1659.3606358619104,14.636522250975752,183.78511912133627 1661.7415172426988,3.9622803416103007,242.77996604469865
1659.3606358619104,14.636522250975752,183.78511912133627 1677.2064143562616,47.1529079082422,230.94668030964368
1961.9801641205331,0.43194859554773046,25.038427215259027 1977.437062142634,51.663493555824516,-2.0985052664625172
1961.9801641205331,0.43194859554773046,25.038427215259027 2018.906622592423,-8.609140962487855,8.375983653411176
1961.9801641205331,0.43194859554773046,25.038427215259027 2017.6775708920507,8.847882725035696,4.375152265333263
