起始树
1200.0,0.0,280.0 1231.454960321357,11.782736752010852,230.283276598164
1231.454960321357,11.782736752010852,230.283276598164 1195.704929801917,-14.667760438089225,270.56114293012865
1195.704929801917,-14.667760438089225,270.56114293012865 1215.5018647180116,37.12793224407052,247.64198964072511
1215.5018647180116,37.12793224407052,247.64198964072511 1242.3920914646073,-7.607312963027219,218.0502079813268
1242.3920914646073,-7.607312963027219,218.0502079813268 1194.6806793582027,-9.620127346091483,181.7243255684773
1194.6806793582027,-9.620127346091483,181.7243255684773 1197.814711484966,-7.104414088754009,241.58958285043735
1242.3920914646073,-7.607312963027219,218.0502079813268 1215.019705185143,-55.68985584702494,241.26273776970422
1215.019705185143,-55.68985584702494,241.26273776970422 1232.5047733244537,-0.7321886194660863,224.7119914098397
1232.5047733244537,-0.7321886194660863,224.7119914098397 1206.5525743412104,-6.610408031753376,278.48865832473086
1232.5047733244537,-0.7321886194660863,224.7119914098397 1212.7120131684173,-52.02647859531562,248.73578089607773
1242.3920914646073,-7.607312963027219,218.0502079813268 1203.6404330283588,-21.00708344638381,261.85380508742867
1203.6404330283588,-21.00708344638381,261.85380508742867 1152.9146528709273,-38.65370921269308,288.6024840545058
1242.3920914646073,-7.607312963027219,218.0502079813268 1238.2524849957153,-6.969112648160819,158.19658354102398
1242.3920914646073,-7.607312963027219,218.0502079813268 1207.2313929942773,24.487470742364636,181.53103299088326
1242.3920914646073,-7.607312963027219,218.0502079813268 1204.1465998878339,31.769879673242684,242.27249264105797
1242.3920914646073,-7.607312963027219,218.0502079813268 1242.6200399286226,16.448443023158383,163.08413987171167
1242.6200399286226,16.448443023158383,163.08413987171167 1214.540828057057,30.387708194477213,214.24325193550132
1242.3920914646073,-7.607312963027219,218.0502079813268 1186.6020278694175,-2.6971640877070975,239.57598885141033
1242.3920914646073,-7.607312963027219,218.0502079813268 1196.2566521212516,17.155169100574685,247.3476604071835
1215.5018647180116,37.12793224407052,247.64198964072511 1157.1831822300094,45.85390941685297,258.72299118587773
1215.5018647180116,37.12793224407052,247.64198964072511 1238.5042916957466,70.54779373628344,291.84607554887697
1215.5018647180116,37.12793224407052,247.64198964072511 1239.2499696277562,-2.107762378989676,208.9562328219458
1215.5018647180116,37.12793224407052,247.64198964072511 1199.328616481716,2.092529681129342,201.6969506404172
1215.5018647180116,37.12793224407052,247.64198964072511 1237.4702920619652,12.832870689992646,197.37134031015648
1237.4702920619652,12.832870689992646,197.37134031015648 1201.3820868873802,-30.62908571512326,217.58766521645083
1237.4702920619652,12.832870689992646,197.37134031015648 1224.520046177034,49.457530976946074,151.64470266441356
1215.5018647180116,37.12793224407052,247.64198964072511 1220.0318329385775,77.2575736995332,292.0164334634557
1220.0318329385775,77.2575736995332,292.0164334634557 1198.9118546371944,52.492059006609836,241.61191185533306
1220.0318329385775,77.2575736995332,292.0164334634557 1183.9264932051597,125.15287629081239,293.57990153933105
1183.9264932051597,125.15287629081239,293.57990153933105 1220.0031600272248,122.36369725225966,245.71870022448095
1215.5018647180116,37.12793224407052,247.64198964072511 1162.1403541700256,63.127358473038655,238.8910452458827
1162.1403541700256,63.127358473038655,238.8910452458827 1182.8312457122138,13.790613764281247,211.72907497985992
1162.1403541700256,63.127358473038655,238.8910452458827 1117.288273703506,71.73470074911265,199.9782640966592
1117.288273703506,71.73470074911265,199.9782640966592 1159.6855956319393,31.291159928397136,187.06365612042143
1159.6855956319393,31.291159928397136,187.06365612042143 1190.043851955696,12.567179237003835,235.31081997540275
1215.5018647180116,37.12793224407052,247.64198964072511 1228.3373457481055,76.6930813193333,204.400234295014
1228.3373457481055,76.6930813193333,204.400234295014 1202.5850360376187,117.3546535503668,168.57489286920747
1215.5018647180116,37.12793224407052,247.64198964072511 1182.4829304876073,1.0679373667220844,212.8651762195124
1215.5018647180116,37.12793224407052,247.64198964072511 1169.2429907683677,63.923837660443176,220.4005499976414
1215.5018647180116,37.12793224407052,247.64198964072511 1172.3162177040463,8.366374626129868,277.77125606682773
1215.5018647180116,37.12793224407052,247.64198964072511 1181.327947691229,61.408152777946015,290.5676729302541
1215.5018647180116,37.12793224407052,247.64198964072511 1180.2152383591545,70.90858055401779,282.4804999413978
1200.0,0.0,280.0 1235.3337924617229,35.90638236576568,247.40774914683982
1235.3337924617229,35.90638236576568,247.40774914683982 1188.690044549952,52.50123217316559,281.304234814428
1188.690044549952,52.50123217316559,281.304234814428 1140.8628134331548,73.276645117958,310.9848375824618
1188.690044549952,52.50123217316559,281.304234814428 1147.0735506072647,80.66955825740503,248.52294689692513
1147.0735506072647,80.66955825740503,248.52294689692513 1198.3495741291308,110.13186100845286,238.38676771586123
1235.3337924617229,35.90638236576568,247.40774914683982 1195.7859593929895,65.94295111574091,213.73619680223268
1235.3337924617229,35.90638236576568,247.40774914683982 1183.0194731743693,54.1318945478444,224.36338534130732
1183.0194731743693,54.1318945478444,224.36338534130732 1202.4450570005401,55.64144866598157,281.11167112490455
1202.4450570005401,55.64144866598157,281.11167112490455 1169.6826020363233,7.781850856353209,296.4765805687728
1202.4450570005401,55.64144866598157,281.11167112490455 1232.8509085200214,107.35301098501706,282.29425976841674
1202.4450570005401,55.64144866598157,281.11167112490455 1194.1980207797437,48.771891304748614,222.07951399649187
1202.4450570005401,55.64144866598157,281.11167112490455 1218.0129100166944,81.48242682803341,332.97578010303874
1183.0194731743693,54.1318945478444,224.36338534130732 1145.3738932363296,98.7066906915475,210.36703367824967
1145.3738932363296,98.7066906915475,210.36703367824967 1092.1545100707192,126.08827248345537,214.60333324804
1092.1545100707192,126.08827248345537,214.60333324804 1072.6886679054396,174.52867730980137,244.17710827011223
1092.1545100707192,126.08827248345537,214.60333324804 1132.158706405456,159.25173188401678,184.60584608329344
1183.0194731743693,54.1318945478444,224.36338534130732 1231.9853664133173,19.6611849210463,228.1199099501597
1235.3337924617229,35.90638236576568,247.40774914683982 1193.5856471967627,15.914462824129412,285.58386104913455
1235.3337924617229,35.90638236576568,247.40774914683982 1226.8928005074722,94.82755456709445,254.96057121873048
1235.3337924617229,35.90638236576568,247.40774914683982 1175.6297927914206,36.107908316735546,241.45864747855074
1175.6297927914206,36.107908316735546,241.45864747855074 1211.1431837275359,73.03666077297899,210.23259575496365
1211.1431837275359,73.03666077297899,210.23259575496365 1228.909406182531,24.89009772592091,179.1477150822751
1211.1431837275359,73.03666077297899,210.23259575496365 1242.6192960814308,34.74439198723412,244.04023545851663
1242.6192960814308,34.74439198723412,244.04023545851663 1191.8963188465495,31.38957059496099,212.16666092010524
1191.8963188465495,31.38957059496099,212.16666092010524 1233.3464981424347,68.12686949892979,189.09604095488908
1191.8963188465495,31.38957059496099,212.16666092010524 1148.1540306547845,-8.818119750106543,203.80281845006033
1191.8963188465495,31.38957059496099,212.16666092010524 1146.995980089326,-1.624225606687805,234.3938703680446
1146.995980089326,-1.624225606687805,234.3938703680446 1139.376825501399,-14.819779651965558,292.426842347803
1242.6192960814308,34.74439198723412,244.04023545851663 1193.0008145696568,44.012429586153786,276.4764770954689
1193.0008145696568,44.012429586153786,276.4764770954689 1156.2447413020636,85.14786126055184,300.0745138550864
1242.6192960814308,34.74439198723412,244.04023545851663 1234.732519670486,49.571781402219194,301.6418611385281
1211.1431837275359,73.03666077297899,210.23259575496365 1176.187118253711,47.796672355925004,168.5071062875332
1211.1431837275359,73.03666077297899,210.23259575496365 1238.7682093496735,36.816929074934805,249.2837032309102
1211.1431837275359,73.03666077297899,210.23259575496365 1214.6411583237866,60.19460043651054,268.73768664488955
1211.1431837275359,73.03666077297899,210.23259575496365 1206.0059476572037,28.664413068713174,170.17373357405597
1206.0059476572037,28.664413068713174,170.17373357405597 1184.3308415892482,-3.1465150693277373,124.14923327324578
1175.6297927914206,36.107908316735546,241.45864747855074 1140.6126602123977,-6.037762275252092,265.9033376237501
1140.6126602123977,-6.037762275252092,265.9033376237501 1183.1481361115304,35.91470102994276,271.44627120269274
1183.1481361115304,35.91470102994276,271.44627120269274 1222.2256713667018,11.191306739155575,309.6784567683011
1183.1481361115304,35.91470102994276,271.44627120269274 1242.7358932555455,42.456300757464476,273.99708902267923
1242.7358932555455,42.456300757464476,273.99708902267923 1247.458857662418,18.983674000678914,218.98136944774274
1247.458857662418,18.983674000678914,218.98136944774274 1230.5841523530655,-5.99991102444401,167.10589547386022
1247.458857662418,18.983674000678914,218.98136944774274 1192.98629962167,23.4503943417409,243.73594134652691
1247.458857662418,18.983674000678914,218.98136944774274 1189.3310525978518,14.866757545287474,204.6911882986066
1247.458857662418,18.983674000678914,218.98136944774274 1200.6288049373932,13.441592140122946,181.88377531520794
1247.458857662418,18.983674000678914,218.98136944774274 1219.9047389001337,47.128251479368245,264.2434208570633
1247.458857662418,18.983674000678914,218.98136944774274 1229.7418753158313,63.155002941523946,255.5190518609774
1247.458857662418,18.983674000678914,218.98136944774274 1207.8901913929071,44.75444001433982,255.99742365022638
1247.458857662418,18.983674000678914,218.98136944774274 1231.1774243529137,76.20277326761136,211.17819006565153
1231.1774243529137,76.20277326761136,211.17819006565153 1216.4327650199762,119.26317304245546,172.08347184967988
1247.458857662418,18.983674000678914,218.98136944774274 1234.4231971447493,0.2963645448495633,163.47591007508134
1234.4231971447493,0.2963645448495633,163.47591007508134 1191.5039355038919,37.683026375328026,182.45417388864095
1234.4231971447493,0.2963645448495633,163.47591007508134 1202.847879653695,-41.32380494661393,133.96725343264913
1247.458857662418,18.983674000678914,218.98136944774274 1207.4509643549127,56.425163836841364,243.42525031686432
1207.4509643549127,56.425163836841364,243.42525031686432 1231.3054803449565,32.743173590703506,293.12560650132815
1231.3054803449565,32.743173590703506,293.12560650132815 1220.2245336204016,90.79363853169585,282.7643257010508
1247.458857662418,18.983674000678914,218.98136944774274 1215.606619425838,-2.9458630396665058,264.8565296601743
1247.458857662418,18.983674000678914,218.98136944774274 1213.2141139366252,52.43785147004441,182.81348954024787
1247.458857662418,18.983674000678914,218.98136944774274 1244.9075461346706,72.64324910579596,245.70478257231736
1244.9075461346706,72.64324910579596,245.70478257231736 1225.6956758692522,109.0743421890067,289.3359583262111
1225.6956758692522,109.0743421890067,289.3359583262111 1193.933292656614,94.82880792169189,240.46658380502168
1244.9075461346706,72.64324910579596,245.70478257231736 1191.8929719147172,67.22616247323732,273.274876745033
1191.8929719147172,67.22616247323732,273.274876745033 1220.7103619941624,107.62564495291812,239.54892465494285
1244.9075461346706,72.64324910579596,245.70478257231736 1234.1628052002152,130.10260982415122,259.23151196597985
1244.9075461346706,72.64324910579596,245.70478257231736 1220.4667286619126,30.652881745635042,210.49888121725954
1244.9075461346706,72.64324910579596,245.70478257231736 1193.747135673194,61.10422301040413,274.850335889815
1244.9075461346706,72.64324910579596,245.70478257231736 1219.5380292280834,101.78761168291214,291.60678407443015
1244.9075461346706,72.64324910579596,245.70478257231736 1224.0257538641501,110.71309305824309,204.29659820005637
1244.9075461346706,72.64324910579596,245.70478257231736 1204.9082642414958,101.48294638206579,279.8856150525752
1244.9075461346706,72.64324910579596,245.70478257231736 1208.362295968088,39.36608799519948,211.68897391397007
1244.9075461346706,72.64324910579596,245.70478257231736 1214.0387004241927,85.45449504914677,195.87520960724277
1247.458857662418,18.983674000678914,218.98136944774274 1210.602850555724,-26.215512263580674,204.8863951235347
1210.602850555724,-26.215512263580674,204.8863951235347 1242.6408860994234,7.743376036733654,242.57403479368958
1247.458857662418,18.983674000678914,218.98136944774274 1207.832306097951,11.4377634994074,174.56520520750888
1247.458857662418,18.983674000678914,218.98136944774274 1190.8373770445405,16.137549978567503,199.33684067533173
1247.458857662418,18.983674000678914,218.98136944774274 1235.67674115021,37.86727794893913,274.7002283055658
1247.458857662418,18.983674000678914,218.98136944774274 1204.8299090596045,-20.82032173801341,204.89539542203784
1247.458857662418,18.983674000678914,218.98136944774274 1207.0949976426296,45.511294553001946,183.38580578968433
1247.458857662418,18.983674000678914,218.98136944774274 1210.1085943901187,-26.138042165508647,205.98180931257167
1210.1085943901187,-26.138042165508647,205.98180931257167 1157.7168743914442,-49.68225126426117,188.63885992399526
1157.7168743914442,-49.68225126426117,188.63885992399526 1128.9294479580703,-70.57075531517376,236.96022660435824
1247.458857662418,18.983674000678914,218.98136944774274 1208.3106160830673,-0.628378033392984,260.0031026663386
1247.458857662418,18.983674000678914,218.98136944774274 1205.0042087719364,-20.961563270419934,233.193364625815
1247.458857662418,18.983674000678914,218.98136944774274 1202.6892985727372,31.057078517025925,180.90356118229474
1247.458857662418,18.983674000678914,218.98136944774274 1197.40542307137,51.94656352289033,216.13503847855418
1197.40542307137,51.94656352289033,216.13503847855418 1187.5444634971411,15.230783707243013,169.71615235658513
1187.5444634971411,15.230783707243013,169.71615235658513 1156.2192424274012,17.344167987472957,118.58627721674151
1156.2192424274012,17.344167987472957,118.58627721674151 1159.2119415023526,63.05241581826068,79.83321498307959
1156.2192424274012,17.344167987472957,118.58627721674151 1115.812410497155,17.198769545452507,74.23239584595406
1197.40542307137,51.94656352289033,216.13503847855418 1158.6423751174752,14.20015997127031,242.07024875806235
1247.458857662418,18.983674000678914,218.98136944774274 1203.6099254157798,0.6832691212171511,182.34305177242487
1247.458857662418,18.983674000678914,218.98136944774274 1198.3024909143912,32.27003372747839,250.71659047018974
1247.458857662418,18.983674000678914,218.98136944774274 1201.0750970301406,24.66073241835334,181.34737208724562
1247.458857662418,18.983674000678914,218.98136944774274 1241.8746829604297,45.35384322761792,165.37697440554237
1247.458857662418,18.983674000678914,218.98136944774274 1193.3082596553393,38.91866580291758,202.5402977880108
1247.458857662418,18.983674000678914,218.98136944774274 1215.7515271447617,59.24555789614598,250.18434841821957
1247.458857662418,18.983674000678914,218.98136944774274 1229.9503203145814,76.26840467388848,215.530173765482
1247.458857662418,18.983674000678914,218.98136944774274 1233.6314236071275,29.86415567120257,276.3435275841308
1247.458857662418,18.983674000678914,218.98136944774274 1214.7133664531007,-15.221967452198736,255.82844393483995
1247.458857662418,18.983674000678914,218.98136944774274 1192.9920499368052,4.088177723085014,198.69612735341963
1247.458857662418,18.983674000678914,218.98136944774274 1208.362777942632,57.075044791301906,194.07064842575278
1247.458857662418,18.983674000678914,218.98136944774274 1224.4468394440148,71.62529303855635,201.6808792065137
1224.4468394440148,71.62529303855635,201.6808792065137 1185.061915222501,77.8106789459702,246.52024522836973
1247.458857662418,18.983674000678914,218.98136944774274 1233.8205743783285,-29.845952977713207,186.89297967489802
1247.458857662418,18.983674000678914,218.98136944774274 1218.146692482717,66.74640639032722,240.4177489730444
1242.7358932555455,42.456300757464476,273.99708902267923 1202.0447450746856,5.506869344357874,249.93529403619848
1202.0447450746856,5.506869344357874,249.93529403619848 1182.2216609478257,46.54501895449418,210.9107426323001
1242.7358932555455,42.456300757464476,273.99708902267923 1213.2767456101012,-9.387596875067857,280.65808731658535
1242.7358932555455,42.456300757464476,273.99708902267923 1245.5537774677205,18.63062768291801,219.0025726495752
1242.7358932555455,42.456300757464476,273.99708902267923 1234.3600372257974,3.001686496073212,318.4175623345852
1242.7358932555455,42.456300757464476,273.99708902267923 1208.0251414268394,8.00130117703764,239.24055422131048
1242.7358932555455,42.456300757464476,273.99708902267923 1214.9153050453285,85.25091217316995,242.45923707591044
1242.7358932555455,42.456300757464476,273.99708902267923 1228.3667418299488,-3.8311831751857284,238.62766269862192
1242.7358932555455,42.456300757464476,273.99708902267923 1247.1990034784005,-16.62496701122911,283.45671089580793
1247.1990034784005,-16.62496701122911,283.45671089580793 1207.5829201468828,-22.941206823721075,328.07364777073616
1247.1990034784005,-16.62496701122911,283.45671089580793 1215.0804692874858,-13.574942214605315,232.8691915835603
1215.0804692874858,-13.574942214605315,232.8691915835603 1236.6445922325258,-66.21630601243467,213.7936727409238
1236.6445922325258,-66.21630601243467,213.7936727409238 1218.0515552050529,-121.94751541630269,201.61454007569546
1236.6445922325258,-66.21630601243467,213.7936727409238 1183.6476355825118,-39.66444918305783,204.50273711802663
1236.6445922325258,-66.21630601243467,213.7936727409238 1200.072801728465,-23.62886189717303,192.60844810070455
1236.6445922325258,-66.21630601243467,213.7936727409238 1231.3626263397775,-6.449653578661447,213.57437119420638
1236.6445922325258,-66.21630601243467,213.7936727409238 1176.7016555108298,-64.3691223569519,215.64630592686643
1236.6445922325258,-66.21630601243467,213.7936727409238 1195.4410534283684,-105.1644901183054,194.16442556051766
1236.6445922325258,-66.21630601243467,213.7936727409238 1204.8519224252675,-18.677047283921716,195.64856248856807
1236.6445922325258,-66.21630601243467,213.7936727409238 1216.7352419183248,-36.34843267459995,165.71532093533997
1216.7352419183248,-36.34843267459995,165.71532093533997 1236.0986012349122,3.701863372369104,125.45325314781982
1236.6445922325258,-66.21630601243467,213.7936727409238 1198.8761438662377,-109.89933036904941,197.50448334849435
1236.6445922325258,-66.21630601243467,213.7936727409238 1218.7461978278216,-21.498173019343795,249.5698667719535
1236.6445922325258,-66.21630601243467,213.7936727409238 1183.1701121362873,-39.7329830253225,220.04775796558303
1236.6445922325258,-66.21630601243467,213.7936727409238 1234.497598537761,-8.257347026152559,229.16082899382587
1215.0804692874858,-13.574942214605315,232.8691915835603 1176.3602631120393,-58.47549740934254,242.07167912418055
1215.0804692874858,-13.574942214605315,232.8691915835603 1206.9219042202662,28.54692094200793,190.92653477382197
1215.0804692874858,-13.574942214605315,232.8691915835603 1202.0753345029098,-53.20433423524373,189.7370949812669
1247.1990034784005,-16.62496701122911,283.45671089580793 1229.5574093939429,-62.023241185516184,248.41714953788727
1247.1990034784005,-16.62496701122911,283.45671089580793 1194.7541343532273,-20.096405859847774,254.51738100094425
1247.1990034784005,-16.62496701122911,283.45671089580793 1194.170845549957,-27.342002945578045,257.5113913275714
1247.1990034784005,-16.62496701122911,283.45671089580793 1214.2944079170825,19.319477425991444,318.4607750176446
1247.1990034784005,-16.62496701122911,283.45671089580793 1229.7145687280215,-4.276727252953286,339.50861109849393
1247.1990034784005,-16.62496701122911,283.45671089580793 1207.704641625637,-55.96380109969476,305.6524653187406
1247.1990034784005,-16.62496701122911,283.45671089580793 1210.036533477539,-38.033768416165344,325.41638255609473
1247.1990034784005,-16.62496701122911,283.45671089580793 1209.8396509164706,-53.87977489346037,312.0286913278932
1242.7358932555455,42.456300757464476,273.99708902267923 1237.483150963448,39.87823238428787,333.7110929235737
1242.7358932555455,42.456300757464476,273.99708902267923 1212.9590082504913,47.944358804883755,325.7968799321407
1242.7358932555455,42.456300757464476,273.99708902267923 1231.6531833676104,89.71451189909577,309.2651343503248
1242.7358932555455,42.456300757464476,273.99708902267923 1204.7936414579153,74.22143864078014,307.92880786772395
1242.7358932555455,42.456300757464476,273.99708902267923 1215.9535681311595,3.8328398253289464,311.2923343839244
1242.7358932555455,42.456300757464476,273.99708902267923 1223.103829763137,1.0203775819557421,235.29765293346247
1242.7358932555455,42.456300757464476,273.99708902267923 1195.4632348388334,30.81647242833371,309.0657383078344
1242.7358932555455,42.456300757464476,273.99708902267923 1238.1790927963982,-12.114882302532578,249.47726950850245
1242.7358932555455,42.456300757464476,273.99708902267923 1248.9759466014907,3.3368087757170883,228.93349971457195
1248.9759466014907,3.3368087757170883,228.93349971457195 1243.051813218148,5.612157829517428,169.270048336532
1248.9759466014907,3.3368087757170883,228.93349971457195 1242.0512189796336,14.086002711662688,170.31180597334233
1248.9759466014907,3.3368087757170883,228.93349971457195 1215.4622288514347,18.375536848789878,181.49230052532548
1248.9759466014907,3.3368087757170883,228.93349971457195 1224.1568100302518,-12.144204174084116,281.3200313606571
1248.9759466014907,3.3368087757170883,228.93349971457195 1213.5758622272697,36.12331445286241,264.5969133450777
1213.5758622272697,36.12331445286241,264.5969133450777 1242.2765275643899,53.597100466327504,214.88837673855244
1248.9759466014907,3.3368087757170883,228.93349971457195 1230.4865562086516,58.65541182555029,243.00455509489709
1242.7358932555455,42.456300757464476,273.99708902267923 1185.4361102427365,53.18071547581873,259.79420918675356
1242.7358932555455,42.456300757464476,273.99708902267923 1235.9260053077815,20.430433786650436,218.6031668802375
1242.7358932555455,42.456300757464476,273.99708902267923 1202.464171695851,35.65645744826546,317.95104872585927
1242.7358932555455,42.456300757464476,273.99708902267923 1233.7097180901367,10.341103025165467,224.1258324062805
1242.7358932555455,42.456300757464476,273.99708902267923 1219.1489979691748,48.81014005510593,328.7993435103326
1242.7358932555455,42.456300757464476,273.99708902267923 1209.4723347653883,32.104536136459856,322.8476432242766
1183.1481361115304,35.91470102994276,271.44627120269274 1146.7678619208202,69.90705971790587,304.92753761598124
1183.1481361115304,35.91470102994276,271.44627120269274 1132.0012422695152,54.363298303990625,296.81642116152454
1183.1481361115304,35.91470102994276,271.44627120269274 1173.3129558615287,63.26514027918008,218.9560559018983
1183.1481361115304,35.91470102994276,271.44627120269274 1232.2333778252305,60.426939084512334,247.16069458891337
1183.1481361115304,35.91470102994276,271.44627120269274 1152.205242899311,86.76881322489731,278.9560403416314
1183.1481361115304,35.91470102994276,271.44627120269274 1135.5202745024974,46.725409791937494,236.59350410144046
1183.1481361115304,35.91470102994276,271.44627120269274 1237.4277983020452,57.671160344119286,284.8766379361143
1183.1481361115304,35.91470102994276,271.44627120269274 1166.1914339301431,90.37300234275489,252.824679722513
1175.6297927914206,36.107908316735546,241.45864747855074 1215.7194305660882,78.83960969985063,254.3746313744924
1175.6297927914206,36.107908316735546,241.45864747855074 1215.8446172871181,62.79693466821636,205.8150819555813
1215.8446172871181,62.79693466821636,205.8150819555813 1187.5573811002953,9.883805630881177,205.6333007981004
1187.5573811002953,9.883805630881177,205.6333007981004 1211.4694616219501,-2.428913138145404,151.99926904921216
1187.5573811002953,9.883805630881177,205.6333007981004 1212.3654228866549,-17.124253412775435,253.12146573864743
1175.6297927914206,36.107908316735546,241.45864747855074 1210.871610415742,61.62922304193209,282.770592303644
1175.6297927914206,36.107908316735546,241.45864747855074 1120.486870084458,53.85339990595239,225.8267696773725
1120.486870084458,53.85339990595239,225.8267696773725 1156.8502080094634,88.83835279723019,193.36508878825455
1120.486870084458,53.85339990595239,225.8267696773725 1100.9229899752183,107.76283140423538,208.19078967615815
1235.3337924617229,35.90638236576568,247.40774914683982 1191.0348054007682,62.01787118470714,278.3236010198138
1191.0348054007682,62.01787118470714,278.3236010198138 1167.6805744173291,84.75584528979172,227.94935731562822
1167.6805744173291,84.75584528979172,227.94935731562822 1132.5269866017961,132.71393331976608,235.96478345556886
1167.6805744173291,84.75584528979172,227.94935731562822 1131.8529831036203,48.964619206076094,260.1265516632126
1167.6805744173291,84.75584528979172,227.94935731562822 1182.451160310716,139.90843784650545,209.50969011040993
1167.6805744173291,84.75584528979172,227.94935731562822 1214.3040018994761,112.02869067830827,254.0730613836015
1214.3040018994761,112.02869067830827,254.0730613836015 1162.0864197022902,84.741362713027,265.4188025226944
1191.0348054007682,62.01787118470714,278.3236010198138 1188.3115108522288,108.91332171465507,315.65187966208583
1188.3115108522288,108.91332171465507,315.65187966208583 1138.7372976290783,77.20639560171598,327.35949341443626
1235.3337924617229,35.90638236576568,247.40774914683982 1216.3417218226261,79.62145788755436,283.8535091878085
1216.3417218226261,79.62145788755436,283.8535091878085 1188.3838001633887,34.8451120374288,255.33275413458657
1235.3337924617229,35.90638236576568,247.40774914683982 1175.4596042992653,35.45047576248669,251.26439808804588
1200.0,0.0,280.0 1226.694473539609,-29.552229865343563,324.87840006538806
1226.694473539609,-29.552229865343563,324.87840006538806 1201.8300956035969,-45.14393017599354,272.5461768059274
1226.694473539609,-29.552229865343563,324.87840006538806 1223.7530581533008,23.2167232151117,296.47442734469456
1223.7530581533008,23.2167232151117,296.47442734469456 1185.437534497324,-22.292708899498848,304.2726473706954
1185.437534497324,-22.292708899498848,304.2726473706954 1221.3437591794857,20.700701297111074,282.7712588401807
1185.437534497324,-22.292708899498848,304.2726473706954 1220.2329070655562,20.571652738822685,280.77948774545365
1226.694473539609,-29.552229865343563,324.87840006538806 1175.5931719588327,-13.43061032914937,351.8737767117836
1175.5931719588327,-13.43061032914937,351.8737767117836 1140.3908840106096,11.891571590613264,310.40588520482567
1140.3908840106096,11.891571590613264,310.40588520482567 1134.3301030403052,-43.94233650178039,331.5208476997044
1175.5931719588327,-13.43061032914937,351.8737767117836 1186.785231127916,45.50870970455486,350.92806770774
1200.0,0.0,280.0 1188.2903057020756,-38.76085918344066,324.27729502590057
1200.0,0.0,280.0 1181.404456645779,50.727625587794336,253.90567552922974
1181.404456645779,50.727625587794336,253.90567552922974 1211.7399025010093,30.75826386294448,206.14601350083493
1211.7399025010093,30.75826386294448,206.14601350083493 1242.3239603613897,-16.173745316292816,184.65178359620958
1181.404456645779,50.727625587794336,253.90567552922974 1180.1454722995438,108.51819890486232,237.82262251991196
1180.1454722995438,108.51819890486232,237.82262251991196 1144.1958466458507,116.24391400337815,190.41020071321768
1144.1958466458507,116.24391400337815,190.41020071321768 1186.137862003999,149.4357224645845,163.22249763312212
1144.1958466458507,116.24391400337815,190.41020071321768 1195.445234714819,140.8900067527006,171.27723610372556
1195.445234714819,140.8900067527006,171.27723610372556 1155.727765777683,124.85846407364279,213.29523582476406
1144.1958466458507,116.24391400337815,190.41020071321768 1196.6136928691271,136.51394147672423,211.42199224898954
1144.1958466458507,116.24391400337815,190.41020071321768 1181.7770086843498,132.83620950176987,234.1406476573106
1181.404456645779,50.727625587794336,253.90567552922974 1240.7690243445227,50.12613049601139,245.21738999088416
1240.7690243445227,50.12613049601139,245.21738999088416 1199.5664313501475,8.033212859267962,256.64247709629336
1199.5664313501475,8.033212859267962,256.64247709629336 1198.111746256219,48.093774976805754,301.2859005100998
1240.7690243445227,50.12613049601139,245.21738999088416 1207.9769731869833,90.90982832751266,274.56651897404345
1240.7690243445227,50.12613049601139,245.21738999088416 1199.080283302163,56.760078419886916,202.57891434685598
1199.080283302163,56.760078419886916,202.57891434685598 1222.9533779832877,3.836949359475142,187.4389750867051
1222.9533779832877,3.836949359475142,187.4389750867051 1220.4210166192481,-46.69295226697337,155.18504218630744
1181.404456645779,50.727625587794336,253.90567552922974 1179.9406462811382,-6.3361998415269625,235.42387132649253
1179.9406462811382,-6.3361998415269625,235.42387132649253 1163.15069939019,32.16168838479476,278.2725619192374
1163.15069939019,32.16168838479476,278.2725619192374 1189.5664204384973,25.312552964912314,331.7075600524659
1181.404456645779,50.727625587794336,253.90567552922974 1155.2065287112484,-3.2201500443743356,252.0874136453604
1155.2065287112484,-3.2201500443743356,252.0874136453604 1192.5538759890076,-44.56844928249278,229.8277235884555
1181.404456645779,50.727625587794336,253.90567552922974 1192.7485531974942,-7.889872635245972,247.964263618141
1181.404456645779,50.727625587794336,253.90567552922974 1139.44723806512,66.27553871756713,293.8788441087137
1200.0,0.0,280.0 1151.8000379195705,29.811243017641125,299.6990721910525
1151.8000379195705,29.811243017641125,299.6990721910525 1109.167272132957,61.99230514546508,272.3709452572708
1200.0,0.0,280.0 1238.5248949260233,-43.938197646529105,293.61129158138226
1238.5248949260233,-43.938197646529105,293.61129158138226 1198.090899449427,-66.39977800127701,331.8286883761116
1238.5248949260233,-43.938197646529105,293.61129158138226 1206.637777093505,-83.84769557979715,262.13997621246943
1206.637777093505,-83.84769557979715,262.13997621246943 1164.9885139250744,-75.62450917114492,219.74047052177355
1238.5248949260233,-43.938197646529105,293.61129158138226 1209.7174966226055,-12.696812552913425,335.9682232504804
1209.7174966226055,-12.696812552913425,335.9682232504804 1213.8087218819549,-56.81207233421739,376.42938648518395
1213.8087218819549,-56.81207233421739,376.42938648518395 1195.8739305587183,-48.952470199005816,433.1441986110134
1195.8739305587183,-48.952470199005816,433.1441986110134 1186.3246676378085,-90.37787230884805,390.8033479144908
1238.5248949260233,-43.938197646529105,293.61129158138226 1195.8717288129653,-85.44005378680242,301.2469551048713
1195.8717288129653,-85.44005378680242,301.2469551048713 1218.3252111046447,-123.91905852987925,341.4365971405938
1218.3252111046447,-123.91905852987925,341.4365971405938 1180.1595738028846,-155.46148718520016,375.3255234126738
1180.1595738028846,-155.46148718520016,375.3255234126738 1155.2430778818357,-181.19639794545805,423.4595300937919
1195.8717288129653,-85.44005378680242,301.2469551048713 1198.6435111608848,-115.059308477152,249.14113034214475
1198.6435111608848,-115.059308477152,249.14113034214475 1143.0829424060603,-130.91744684945766,232.96885013788133
1238.5248949260233,-43.938197646529105,293.61129158138226 1232.2794858025497,-65.17116085876935,349.3800654437157
1232.2794858025497,-65.17116085876935,349.3800654437157 1193.2381452471927,-26.956695720107916,324.5722364011199
1238.5248949260233,-43.938197646529105,293.61129158138226 1184.954442690578,-55.689325109644884,269.27782387463174
1184.954442690578,-55.689325109644884,269.27782387463174 1136.285949710621,-67.18495625606678,236.12321249694716
1184.954442690578,-55.689325109644884,269.27782387463174 1136.9864868669385,-44.67125910324175,303.5951290657438
1238.5248949260233,-43.938197646529105,293.61129158138226 1234.1377598047188,-14.981190130064647,241.2448446795842
1234.1377598047188,-14.981190130064647,241.2448446795842 1205.3279780344153,14.948671955680044,197.95281504506846
1238.5248949260233,-43.938197646529105,293.61129158138226 1183.1073924024872,-65.3882871311133,285.31707219935487
1238.5248949260233,-43.938197646529105,293.61129158138226 1213.4037544380476,0.10977050668617494,261.537863293207
1213.4037544380476,0.10977050668617494,261.537863293207 1168.3766108693453,23.89467421045766,229.80720465135423
1213.4037544380476,0.10977050668617494,261.537863293207 1233.3453833007757,-19.107736466528237,208.31175255763227
1238.5248949260233,-43.938197646529105,293.61129158138226 1209.387889951411,-19.534967378828664,340.03884044637186
1238.5248949260233,-43.938197646529105,293.61129158138226 1197.4741089370623,-4.4357060637203745,312.436437754484
1197.4741089370623,-4.4357060637203745,312.436437754484 1207.8586185587455,-42.87507385844592,267.5523986820143
1207.8586185587455,-42.87507385844592,267.5523986820143 1187.8819534928855,-89.96877205944836,236.19771095275536
1187.8819534928855,-89.96877205944836,236.19771095275536 1213.129467296883,-144.3948424863886,236.80261143936622
1213.129467296883,-144.3948424863886,236.80261143936622 1272.7538162442806,-151.09735922810756,236.68736420104085
1272.7538162442806,-151.09735922810756,236.68736420104085 1332.3781651916784,-157.79987596982653,236.57211696271548
1332.3781651916784,-157.79987596982653,236.57211696271548 1392.002514139076,-164.5023927115455,236.45686972439012
1392.002514139076,-164.5023927115455,236.45686972439012 1451.6268630864738,-171.20490945326446,236.34162248606475
1451.6268630864738,-171.20490945326446,236.34162248606475 1511.2512120338715,-177.90742619498346,236.22637524773938
1187.8819534928855,-89.96877205944836,236.19771095275536 1201.880147724389,-40.97930425466374,267.88497341673406
1238.5248949260233,-43.938197646529105,293.61129158138226 1205.9461696847977,-63.63898723797482,247.23774792629473
1205.9461696847977,-63.63898723797482,247.23774792629473 1211.5397378167497,-86.88320428009524,192.2066806128943
1238.5248949260233,-43.938197646529105,293.61129158138226 1186.6535198347347,-45.52695472909075,323.72501431822513
1186.6535198347347,-45.52695472909075,323.72501431822513 1213.5406185797897,-9.586879407667105,283.90799651221596
1200.0,0.0,280.0 1188.6726799076093,51.70059145721991,251.73799967273786
1188.6726799076093,51.70059145721991,251.73799967273786 1156.6529984538888,24.678659786962445,208.7897143936933
1188.6726799076093,51.70059145721991,251.73799967273786 1154.5459287947365,93.33718741184006,225.24727043038342
1154.5459287947365,93.33718741184006,225.24727043038342 1117.990537139304,103.07357099622655,271.8187872149549
1188.6726799076093,51.70059145721991,251.73799967273786 1222.9096489723725,98.41603206203352,236.06963797291175
1188.6726799076093,51.70059145721991,251.73799967273786 1187.3165531707575,21.175747393851246,200.1008539810885
1200.0,0.0,280.0 1189.7159304372,-17.293608442828994,223.47417386491722
1200.0,0.0,280.0 1238.2484076963624,28.98320212593196,243.9856514258522
1238.2484076963624,28.98320212593196,243.9856514258522 1207.1514497007618,67.17556643008908,278.25404082889247
1207.1514497007618,67.17556643008908,278.25404082889247 1164.1480480671798,63.881500396453184,236.54245278783497
1238.2484076963624,28.98320212593196,243.9856514258522 1240.0522475910682,-30.50013461040146,236.33850736115497
1240.0522475910682,-30.50013461040146,236.33850736115497 1236.6827002079515,24.075409805050043,211.63716929638585
1236.6827002079515,24.075409805050043,211.63716929638585 1215.4848001846071,27.577390277460257,267.658461385833
1236.6827002079515,24.075409805050043,211.63716929638585 1176.903376085323,28.693784261395734,209.37818173052656
1240.0522475910682,-30.50013461040146,236.33850736115497 1222.7262877206806,22.39259785149075,213.929358174173
1222.7262877206806,22.39259785149075,213.929358174173 1196.4993605850009,66.24229623953913,182.47538792720837
1196.4993605850009,66.24229623953913,182.47538792720837 1235.775718518258,66.03891334687845,137.1176284708855
1222.7262877206806,22.39259785149075,213.929358174173 1225.3632368452622,-21.155544034532447,255.11923359992733
1240.0522475910682,-30.50013461040146,236.33850736115497 1237.0386986612195,19.090815299314023,202.69840911665668
1240.0522475910682,-30.50013461040146,236.33850736115497 1228.8706220012828,-51.103937961144595,181.1075872470218
1240.0522475910682,-30.50013461040146,236.33850736115497 1208.0204410356896,-65.18595697094844,199.3134199747438
1208.0204410356896,-65.18595697094844,199.3134199747438 1169.2786571125382,-98.49542538927793,167.85625080553606
1208.0204410356896,-65.18595697094844,199.3134199747438 1240.7489866804171,-58.14750129939703,149.5208257288061
1240.7489866804171,-58.14750129939703,149.5208257288061 1241.547620527165,-40.23669687363799,206.77958286516943
1241.547620527165,-40.23669687363799,206.77958286516943 1206.0264030411197,-74.07369369172383,172.23539732488047
1241.547620527165,-40.23669687363799,206.77958286516943 1215.0444256620426,-86.6407384264869,234.06044776170114
1240.7489866804171,-58.14750129939703,149.5208257288061 1241.3611706035172,-14.737688910199537,108.10569058259446
1240.0522475910682,-30.50013461040146,236.33850736115497 1225.406235282941,-75.74992191075401,199.76049384561477
1225.406235282941,-75.74992191075401,199.76049384561477 1215.8384255909732,-109.31411323216409,150.9557596629756
1215.8384255909732,-109.31411323216409,150.9557596629756 1170.1066211663335,-89.77590774191015,117.3870154164727
1215.8384255909732,-109.31411323216409,150.9557596629756 1174.4529514163207,-111.03582219976505,194.36403359283895
1225.406235282941,-75.74992191075401,199.76049384561477 1185.272309350698,-81.39798498657952,155.5183490879663
1240.0522475910682,-30.50013461040146,236.33850736115497 1199.9059165544359,-74.9965196546076,239.22707487722298
1199.9059165544359,-74.9965196546076,239.22707487722298 1203.9744189426897,-94.70839160403202,182.70372224694927
1240.0522475910682,-30.50013461040146,236.33850736115497 1227.1134334849874,9.587821202324818,279.0648796420448
1240.0522475910682,-30.50013461040146,236.33850736115497 1199.0096494943846,-64.46869671691297,208.7406463953087
1240.0522475910682,-30.50013461040146,236.33850736115497 1234.1464166948233,-75.31389006855136,275.7954266930301
1234.1464166948233,-75.31389006855136,275.7954266930301 1189.8400415929,-95.59342567064103,240.78563433301682
1189.8400415929,-95.59342567064103,240.78563433301682 1133.9829278118798,-97.84395881940182,262.5782463976704
1189.8400415929,-95.59342567064103,240.78563433301682 1156.9041428472874,-122.60610942778719,283.04130247416884
1234.1464166948233,-75.31389006855136,275.7954266930301 1196.3241173659424,-36.03563571183573,300.82925197335203
1234.1464166948233,-75.31389006855136,275.7954266930301 1221.5230303442352,-53.356647128403715,221.4030595859523
1234.1464166948233,-75.31389006855136,275.7954266930301 1195.652827909367,-33.91813982943235,295.9109799928194
1234.1464166948233,-75.31389006855136,275.7954266930301 1182.4795706191323,-67.5303685570316,246.30044729872344
1234.1464166948233,-75.31389006855136,275.7954266930301 1203.3402602552549,-87.55425673304984,325.8069668546715
1234.1464166948233,-75.31389006855136,275.7954266930301 1195.59084591601,-62.941636299535844,320.07177815286707
1234.1464166948233,-75.31389006855136,275.7954266930301 1189.6665265079844,-62.54047630999308,313.98415893068665
1234.1464166948233,-75.31389006855136,275.7954266930301 1218.153333128104,-53.04246799504924,222.42684945087518
1240.0522475910682,-30.50013461040146,236.33850736115497 1231.4930336907867,-53.839672848566174,181.73076237714673
1231.4930336907867,-53.839672848566174,181.73076237714673 1185.7304366911267,-70.76023258086161,216.65180723826927
1240.0522475910682,-30.50013461040146,236.33850736115497 1203.5309728514162,-50.97695861971346,279.3140372576265
1203.5309728514162,-50.97695861971346,279.3140372576265 1153.7946912464727,-46.97795432768329,312.6353556106883
1240.0522475910682,-30.50013461040146,236.33850736115497 1233.409882076668,23.499291527290467,211.04145304305177
1238.2484076963624,28.98320212593196,243.9856514258522 1196.405894675837,58.794641179196354,212.9940040720783
1196.405894675837,58.794641179196354,212.9940040720783 1170.9900077305615,97.53979796793621,174.8777933973413
1196.405894675837,58.794641179196354,212.9940040720783 1209.4686210622806,15.498146327261146,252.42468645127713
1238.2484076963624,28.98320212593196,243.9856514258522 1207.8589063788088,65.67482230934627,207.51370031288766
1207.8589063788088,65.67482230934627,207.51370031288766 1206.8208128607962,5.684958137170597,207.88593471722697
1200.0,0.0,280.0 1218.291349097152,39.67280081495422,238.87220618969354
1200.0,0.0,280.0 1162.2085321662514,-19.01540082665869,322.54667425748175
1162.2085321662514,-19.01540082665869,322.54667425748175 1124.583005788374,-16.957652877001212,369.23805931043705
1162.2085321662514,-19.01540082665869,322.54667425748175 1210.7479425247866,16.252742227965115,322.83603134538447
1210.7479425247866,16.252742227965115,322.83603134538447 1169.713989694155,50.988748206912476,296.19725127339086
1162.2085321662514,-19.01540082665869,322.54667425748175 1115.5545273801267,-44.94115516400689,349.95578039861186
1162.2085321662514,-19.01540082665869,322.54667425748175 1127.7361955789993,-15.094452179135276,273.5948186040065
1200.0,0.0,280.0 1234.4983472888803,32.13181453867184,242.88651823409444
1234.4983472888803,32.13181453867184,242.88651823409444 1207.128438289804,47.214667307948226,294.1056126591486
1200.0,0.0,280.0 1236.9243545288139,42.69031950995225,259.649848581186
1236.9243545288139,42.69031950995225,259.649848581186 1202.5107834564105,9.45075181501943,223.44436190445956
1202.5107834564105,9.45075181501943,223.44436190445956 1193.1465152469636,-42.91653668253318,195.69589210312387
1193.1465152469636,-42.91653668253318,195.69589210312387 1194.1141338224907,9.343973682612187,166.23570251332612
目标树
2480.0,0.0,0.0 2421.3859989562243,0.0,12.821812728325938
2421.3859989562243,0.0,12.821812728325938 2362.7719979124486,0.0,25.643625456651872
2362.7719979124486,0.0,25.643625456651872 2304.157996868673,0.0,38.465438184977806
2304.157996868673,0.0,38.465438184977806 2245.543995824897,0.0,51.28725091330374
2245.543995824897,0.0,51.28725091330374 2186.9299947811214,0.0,64.10906364162967
2186.9299947811214,0.0,64.10906364162967 2128.3159937373457,0.0,76.93087636995561
2128.3159937373457,0.0,76.93087636995561 2069.70199269357,0.0,89.75268909828155
2069.70199269357,0.0,89.75268909828155 2011.0879916497943,0.0,102.57450182660749
2011.0879916497943,0.0,102.57450182660749 2067.8004448769966,0.0,122.16270360605635
2067.8004448769966,0.0,122.16270360605635 2008.7689136159706,0.0,132.89947765502055
2008.7689136159706,0.0,132.89947765502055 2055.8172613075867,0.0,170.13458178390434
2055.8172613075867,0.0,170.13458178390434 1996.3056362915145,0.0,177.7743781127614
1996.3056362915145,0.0,177.7743781127614 1956.602368565052,0.0,222.75938152324085
1956.602368565052,0.0,222.75938152324085 1896.7733445274155,0.0,227.28573576301187
1896.7733445274155,0.0,227.28573576301187 1836.9443204897789,0.0,231.8120900027829
1836.9443204897789,0.0,231.8120900027829 1777.1152964521423,0.0,236.33844424255392
1777.1152964521423,0.0,236.33844424255392 1717.2862724145057,0.0,240.86479848232491
1717.2862724145057,0.0,240.86479848232491 1657.457248376869,0.0,245.3911527220959
1657.457248376869,0.0,245.3911527220959 1668.7594003167767,-58.9254895621503,245.1719692643264
1668.7594003167767,-58.9254895621503,245.1719692643264 1714.939252895575,-24.48390206356006,261.9409366260162
1714.939252895575,-24.48390206356006,261.9409366260162 1662.6208811585848,-38.978246576694104,287.48896895581976
1662.6208811585848,-38.978246576694104,287.48896895581976 1691.945707570343,-3.946408587590298,248.59391936046086
1668.7594003167767,-58.9254895621503,245.1719692643264 1675.999464403354,-84.46466382267405,191.36367947443574
1657.457248376869,0.0,245.3911527220959 1682.6293498388345,51.6185236560569,228.01607506593535
1657.457248376869,0.0,245.3911527220959 1665.6006459290704,-48.47664518371868,210.9862119716943
1665.6006459290704,-48.47664518371868,210.9862119716943 1719.9783983770733,-23.30447749411938,207.91668228289487
1657.457248376869,0.0,245.3911527220959 1706.6539346652212,-14.735367158604095,276.4162234383184
1706.6539346652212,-14.735367158604095,276.4162234383184 1715.8987387836917,28.0065059084647,317.4974342716141
1657.457248376869,0.0,245.3911527220959 1708.790421602267,18.30178667352283,220.2923493408957
1708.790421602267,18.30178667352283,220.2923493408957 1734.4545437532395,70.27456590139991,204.79450905425193
1657.457248376869,0.0,245.3911527220959 1714.9592030579431,-7.543135813843417,230.00849008035436
1714.9592030579431,-7.543135813843417,230.00849008035436 1759.921895974036,-17.91473472094242,268.359320343119
1714.9592030579431,-7.543135813843417,230.00849008035436 1768.0947658887997,-31.872188281966427,243.59926521098637
1657.457248376869,0.0,245.3911527220959 1662.268991997045,-7.614156704551876,304.7112314561319
1657.457248376869,0.0,245.3911527220959 1715.5588910480028,11.708420324958762,254.72453433917215
1715.5588910480028,11.708420324958762,254.72453433917215 1722.3896619739485,70.85172407006826,262.16833650412605
1657.457248376869,0.0,245.3911527220959 1652.4684850423039,1.502057557772573,305.1645252510476
1652.4684850423039,1.502057557772573,305.1645252510476 1678.5863013868795,-23.12820524698796,257.0894815843025
1652.4684850423039,1.502057557772573,305.1645252510476 1705.8248429753141,0.12160660428189685,332.57243329397403
1705.8248429753141,0.12160660428189685,332.57243329397403 1681.443008912082,-46.29075986457045,303.3933584890053
1681.443008912082,-46.29075986457045,303.3933584890053 1706.7560795073118,-90.65695472097117,334.8717512530075
1706.7560795073118,-90.65695472097117,334.8717512530075 1683.3830409609864,-58.4900519622633,289.9385626723624
1681.443008912082,-46.29075986457045,303.3933584890053 1684.4339161233077,10.620252708414448,284.62660272325314
1705.8248429753141,0.12160660428189685,332.57243329397403 1718.158533148467,-41.41086399669133,374.0806731084008
1652.4684850423039,1.502057557772573,305.1645252510476 1669.193170952682,-30.956070335613674,352.77497384015226
1652.4684850423039,1.502057557772573,305.1645252510476 1682.4147818255515,49.76832433535663,324.49291888126805
1682.4147818255515,49.76832433535663,324.49291888126805 1687.3162229119382,94.90629685334275,285.26870044109756
1652.4684850423039,1.502057557772573,305.1645252510476 1693.8900107516824,23.41617690107073,267.69415587316485
1693.8900107516824,23.41617690107073,267.69415587316485 1740.6782814449648,53.2433696561052,244.86443187382244
1740.6782814449648,53.2433696561052,244.86443187382244 1708.000726893941,93.44413387803806,214.59768469911901
1708.000726893941,93.44413387803806,214.59768469911901 1673.3601037034464,136.35907898656643,238.22679198877702
1652.4684850423039,1.502057557772573,305.1645252510476 1687.5291110842788,-40.93329632192377,281.28999399596904
1687.5291110842788,-40.93329632192377,281.28999399596904 1701.4879267201775,12.268665592555458,257.3170360121638
1701.4879267201775,12.268665592555458,257.3170360121638 1687.3695926027065,-42.9664124236932,238.61519657625868
1687.5291110842788,-40.93329632192377,281.28999399596904 1692.7618921085766,3.250365056355413,241.03552753619206
1692.7618921085766,3.250365056355413,241.03552753619206 1653.8885016337051,38.790918312074396,269.7710210462325
1652.4684850423039,1.502057557772573,305.1645252510476 1699.0252615328532,-35.89907394260718,310.9629668779283
1699.0252615328532,-35.89907394260718,310.9629668779283 1738.6752422300021,-16.81042910163095,270.1769071411654
1652.4684850423039,1.502057557772573,305.1645252510476 1666.616423190495,45.965473307342116,342.88508338631243
1652.4684850423039,1.502057557772573,305.1645252510476 1679.4610161474625,-51.24932228578232,314.5823375839639
1679.4610161474625,-51.24932228578232,314.5823375839639 1725.1119387947215,-76.79128568560104,343.9694328323259
1725.1119387947215,-76.79128568560104,343.9694328323259 1737.2365831208972,-42.98694468915401,295.9042736236052
1737.2365831208972,-42.98694468915401,295.9042736236052 1784.7920520666346,-53.61137629594338,330.9128272410237
1679.4610161474625,-51.24932228578232,314.5823375839639 1657.5768098661601,-98.46436107387233,344.445720307235
1652.4684850423039,1.502057557772573,305.1645252510476 1662.903694185834,44.2747825479229,345.92725831751113
1662.903694185834,44.2747825479229,345.92725831751113 1696.0410757584066,92.36888977474788,332.18423126491496
1696.0410757584066,92.36888977474788,332.18423126491496 1669.8346939365435,141.88827192844593,353.6564538541752
1652.4684850423039,1.502057557772573,305.1645252510476 1671.1703530961524,44.70212955330345,267.962456613976
1652.4684850423039,1.502057557772573,305.1645252510476 1711.003496794196,0.8873102738174959,292.00114859523796
1711.003496794196,0.8873102738174959,292.00114859523796 1656.094915182048,-17.315957929341685,307.9287564528519
1652.4684850423039,1.502057557772573,305.1645252510476 1677.6877447006807,-43.23992450283911,336.18297111107205
1677.6877447006807,-43.23992450283911,336.18297111107205 1702.8881160127748,-4.675536250729856,297.74172705637005
1677.6877447006807,-43.23992450283911,336.18297111107205 1725.3131666613624,-33.73558820229693,371.41770929022147
1652.4684850423039,1.502057557772573,305.1645252510476 1690.9808539812545,32.93994444146125,338.75703493696636
1652.4684850423039,1.502057557772573,305.1645252510476 1678.7226588089184,-50.16417693814194,320.69895709922224
1652.4684850423039,1.502057557772573,305.1645252510476 1697.1534120896747,30.252577113707808,333.03323386904657
1697.1534120896747,30.252577113707808,333.03323386904657 1675.2658286183344,78.92533321509679,305.6125026009019
1675.2658286183344,78.92533321509679,305.6125026009019 1706.3979627580322,130.19743077290315,307.0133009199478
1675.2658286183344,78.92533321509679,305.6125026009019 1733.3589273228806,67.22488599390134,296.2161513022394
1652.4684850423039,1.502057557772573,305.1645252510476 1691.6407041042435,42.66199832257956,324.4361761922878
1691.6407041042435,42.66199832257956,324.4361761922878 1711.60253045389,73.12021782091234,372.12078957834706
1652.4684850423039,1.502057557772573,305.1645252510476 1650.8394297088573,-58.44345323254659,303.19426770232513
1650.8394297088573,-58.44345323254659,303.19426770232513 1646.0018093583226,-102.82789624616356,263.1116199889432
1646.0018093583226,-102.82789624616356,263.1116199889432 1636.25924570907,-154.21301423310896,292.51658730754366
1636.25924570907,-154.21301423310896,292.51658730754366 1643.8904830100334,-185.27561284908916,343.2795579109165
1636.25924570907,-154.21301423310896,292.51658730754366 1648.1519711517853,-205.10917995130603,321.98086053343553
1648.1519711517853,-205.10917995130603,321.98086053343553 1657.4516866648867,-259.72494847505186,345.01633578219037
1646.0018093583226,-102.82789624616356,263.1116199889432 1667.2950087751597,-151.29069772815527,234.86349560674984
1646.0018093583226,-102.82789624616356,263.1116199889432 1698.3992049846433,-77.94607672253613,278.45463106149515
1646.0018093583226,-102.82789624616356,263.1116199889432 1700.3083481702445,-77.82904484238023,258.02661548936095
1650.8394297088573,-58.44345323254659,303.19426770232513 1708.5846079492003,-42.20079438073482,304.48671631432813
1708.5846079492003,-42.20079438073482,304.48671631432813 1686.2453855087272,-79.32723783500697,345.99076837182963
1686.2453855087272,-79.32723783500697,345.99076837182963 1661.0117502051557,-46.90965441220599,302.2601848587767
1708.5846079492003,-42.20079438073482,304.48671631432813 1730.823246253939,-95.2250957199017,287.3441834255094
1650.8394297088573,-58.44345323254659,303.19426770232513 1672.7595087591785,-9.377247622451122,329.87792564975626
1650.8394297088573,-58.44345323254659,303.19426770232513 1668.3379827121264,-111.30292136798579,325.5477298777974
1650.8394297088573,-58.44345323254659,303.19426770232513 1661.1958510637105,-116.45742291155734,314.46918937848613
1661.1958510637105,-116.45742291155734,314.46918937848613 1692.0095378930425,-79.03101117798067,349.8214228119291
1650.8394297088573,-58.44345323254659,303.19426770232513 1665.026935923271,-20.601376114585307,347.5416674774444
1650.8394297088573,-58.44345323254659,303.19426770232513 1706.6169056730566,-57.97412389335232,281.0887727964305
1650.8394297088573,-58.44345323254659,303.19426770232513 1708.2305328395837,-58.75338118278877,320.69184542336984
1650.8394297088573,-58.44345323254659,303.19426770232513 1694.344374207619,-17.3716546886616,307.7139102247155
1650.8394297088573,-58.44345323254659,303.19426770232513 1692.4849843643046,-94.15520814909615,278.8978000944516
1652.4684850423039,1.502057557772573,305.1645252510476 1664.5578684883635,-32.655298018554745,352.98838820592067
1664.5578684883635,-32.655298018554745,352.98838820592067 1712.9329058843655,-53.93337400871379,381.39788026566055
1652.4684850423039,1.502057557772573,305.1645252510476 1678.5871981483554,-23.033941423137257,257.04179071016176
1652.4684850423039,1.502057557772573,305.1645252510476 1661.0331334231105,-57.30746089597214,313.4160304077938
1652.4684850423039,1.502057557772573,305.1645252510476 1684.5756091717574,-49.10201460384007,308.055971394099
1684.5756091717574,-49.10201460384007,308.055971394099 1696.9174939318134,-107.81872696517456,308.2158777598482
1652.4684850423039,1.502057557772573,305.1645252510476 1699.6951835676361,-25.20301550090858,330.78635226099937
1699.6951835676361,-25.20301550090858,330.78635226099937 1651.9565617668072,-54.117350640683526,352.8087320593363
1651.9565617668072,-54.117350640683526,352.8087320593363 1684.2312610658093,-53.02019689233124,302.24055986761607
1684.2312610658093,-53.02019689233124,302.24055986761607 1681.514709340654,-22.565941016975454,353.86573440294245
1681.514709340654,-22.565941016975454,353.86573440294245 1707.603894869369,25.331865968030872,328.8626449043351
1651.9565617668072,-54.117350640683526,352.8087320593363 1676.0889132520738,-104.1030557164319,330.0258678875106
1651.9565617668072,-54.117350640683526,352.8087320593363 1676.1271502901377,-104.07162447337149,329.99748096947565
1699.6951835676361,-25.20301550090858,330.78635226099937 1737.0115308455156,-49.53278912018782,290.5924181232303
1652.4684850423039,1.502057557772573,305.1645252510476 1678.502426449602,39.417814372321736,266.6336379010093
1652.4684850423039,1.502057557772573,305.1645252510476 1693.8673611124625,39.9253867375443,284.9214811402785
1693.8673611124625,39.9253867375443,284.9214811402785 1743.0007555851535,45.2009936079834,250.8909430937017
1652.4684850423039,1.502057557772573,305.1645252510476 1678.6033361224954,-23.0375796284378,257.0524086297081
1678.6033361224954,-23.0375796284378,257.0524086297081 1671.3343663060564,-36.78408587152232,315.0023494745143
1671.3343663060564,-36.78408587152232,315.0023494745143 1701.1520462130293,-2.15824703997243,276.1184549913631
1652.4684850423039,1.502057557772573,305.1645252510476 1678.078194726639,49.199463456055085,279.29755325085864
1652.4684850423039,1.502057557772573,305.1645252510476 1679.642106661553,32.804140360998986,348.5439431848309
1652.4684850423039,1.502057557772573,305.1645252510476 1700.3349715804718,36.16831385294624,315.5110290551705
1652.4684850423039,1.502057557772573,305.1645252510476 1697.8501536292083,37.215734015130835,321.44449669351354
1652.4684850423039,1.502057557772573,305.1645252510476 1683.0105962622981,41.90220829008871,272.99299648675606
1652.4684850423039,1.502057557772573,305.1645252510476 1686.5355638447402,35.565080254664636,269.39939381525375
1652.4684850423039,1.502057557772573,305.1645252510476 1664.0691342188743,-37.899809449688995,348.9014411803681
1652.4684850423039,1.502057557772573,305.1645252510476 1670.085645970282,40.2542936726335,347.4480898705991
1652.4684850423039,1.502057557772573,305.1645252510476 1678.6054673284752,-23.09440198592133,257.08259169084437
1652.4684850423039,1.502057557772573,305.1645252510476 1665.1358169616033,40.29213676001509,261.1773855676123
1652.4684850423039,1.502057557772573,305.1645252510476 1656.3531394743852,59.983150824721484,318.0047429378991
1656.3531394743852,59.983150824721484,318.0047429378991 1690.0542615271304,65.97432561892711,268.72655103751333
1690.0542615271304,65.97432561892711,268.72655103751333 1718.4285073988995,71.97116533556245,216.2009374321362
1718.4285073988995,71.97116533556245,216.2009374321362 1658.9791837626224,68.28256752215292,223.42396763836527
1690.0542615271304,65.97432561892711,268.72655103751333 1654.549504842215,36.142763961045084,230.6543803376842
1656.3531394743852,59.983150824721484,318.0047429378991 1707.6237612048815,29.398680871568097,323.99753402828526
1652.4684850423039,1.502057557772573,305.1645252510476 1681.1059282886138,25.483368587926567,258.2092958767874
1652.4684850423039,1.502057557772573,305.1645252510476 1696.333837213103,-28.706790222436986,277.5374299508917
1652.4684850423039,1.502057557772573,305.1645252510476 1683.4825837535845,-8.282081617371935,355.58670590329973
1652.4684850423039,1.502057557772573,305.1645252510476 1699.3907138615368,35.39603738021376,320.9601757419737
1652.4684850423039,1.502057557772573,305.1645252510476 1681.6057614736426,-29.411915867878243,347.5360412635991
1652.4684850423039,1.502057557772573,305.1645252510476 1710.3977380412828,11.564437611365609,293.20834882890654
1710.3977380412828,11.564437611365609,293.20834882890654 1678.0396144138497,-38.09150136630289,302.5485607942642
1652.4684850423039,1.502057557772573,305.1645252510476 1702.9484902828585,-20.1760781697021,281.0434244823273
1652.4684850423039,1.502057557772573,305.1645252510476 1658.9049081531898,50.7712925287332,271.53247293612156
1658.9049081531898,50.7712925287332,271.53247293612156 1692.814535773041,4.381968777367177,254.2649370211749
1652.4684850423039,1.502057557772573,305.1645252510476 1704.9806572441644,14.498307115150787,279.21131219207376
1652.4684850423039,1.502057557772573,305.1645252510476 1696.5113159703615,15.586344055546077,343.39882814375346
1652.4684850423039,1.502057557772573,305.1645252510476 1699.7187663305965,27.214572045781825,278.58864301016723
1652.4684850423039,1.502057557772573,305.1645252510476 1687.116443626691,31.269454143069755,344.06723809306203
1652.4684850423039,1.502057557772573,305.1645252510476 1668.7659225005036,-36.26733122461316,261.485390606448
1668.7659225005036,-36.26733122461316,261.485390606448 1728.6857539950006,-39.065194113659715,260.14906844275265
1652.4684850423039,1.502057557772573,305.1645252510476 1685.1356226054606,-34.904880247599635,339.91208636065
1652.4684850423039,1.502057557772573,305.1645252510476 1689.6608618852383,-14.852071496983498,349.3150582901122
1652.4684850423039,1.502057557772573,305.1645252510476 1695.388019078651,-40.42525880350065,305.2817465995742
1652.4684850423039,1.502057557772573,305.1645252510476 1698.435778426978,16.939452521293862,340.50140082922434
1652.4684850423039,1.502057557772573,305.1645252510476 1680.6115658980277,37.210497661953355,266.0125865343721
1652.4684850423039,1.502057557772573,305.1645252510476 1694.7580989075782,40.37416078966923,322.50084981696307
1652.4684850423039,1.502057557772573,305.1645252510476 1697.0967440157299,34.678348672419716,282.63338660079285
1652.4684850423039,1.502057557772573,305.1645252510476 1661.7907189428352,-22.719047250055844,251.06800006696602
1657.457248376869,0.0,245.3911527220959 1683.6764843504302,-43.40546244446804,277.4616609024256
1657.457248376869,0.0,245.3911527220959 1662.8298492422214,39.81133983480892,200.8244344168519
1657.457248376869,0.0,245.3911527220959 1665.901615613157,53.2980338441539,271.6211403379171
1657.457248376869,0.0,245.3911527220959 1685.0473001402643,-11.701287377491576,193.411647939898
1685.0473001402643,-11.701287377491576,193.411647939898 1704.2255998183518,-67.41572502993749,182.09377452970358
1657.457248376869,0.0,245.3911527220959 1649.1892360534312,-55.13098754992007,223.20525215461757
1649.1892360534312,-55.13098754992007,223.20525215461757 1650.5369756487585,-112.63056655050002,240.29273332473895
1650.5369756487585,-112.63056655050002,240.29273332473895 1693.5763116334015,-132.41753161332448,203.4675846949835
1693.5763116334015,-132.41753161332448,203.4675846949835 1710.9957184631553,-81.76717900181532,230.50655742009485
1650.5369756487585,-112.63056655050002,240.29273332473895 1691.0407253578524,-69.0177024377826,232.71880809479904
1649.1892360534312,-55.13098754992007,223.20525215461757 1685.2440764363266,-7.977927019481605,214.4509750527241
1685.2440764363266,-7.977927019481605,214.4509750527241 1689.8093642243443,-56.711426560167645,249.15262011359303
1649.1892360534312,-55.13098754992007,223.20525215461757 1684.9927668186663,-9.050671009277373,209.2513418690726
1649.1892360534312,-55.13098754992007,223.20525215461757 1703.192017546016,-58.156256425851566,197.23320296144698
1703.192017546016,-58.156256425851566,197.23320296144698 1702.7522144144687,-74.90109519515485,254.84758439347763
1702.7522144144687,-74.90109519515485,254.84758439347763 1656.7122367340044,-47.22495728237919,281.5749457562343
1649.1892360534312,-55.13098754992007,223.20525215461757 1684.3611656389173,-21.786818951287472,258.576169441275
1684.3611656389173,-21.786818951287472,258.576169441275 1662.0726588430412,-69.09413660853562,229.1612045273676
1684.3611656389173,-21.786818951287472,258.576169441275 1736.3908809766301,5.091992403170277,271.63136848411045
1649.1892360534312,-55.13098754992007,223.20525215461757 1647.387433004477,-103.54621794821102,187.8114819223693
1649.1892360534312,-55.13098754992007,223.20525215461757 1689.4448828241864,-22.615876564020184,192.83667529229484
1649.1892360534312,-55.13098754992007,223.20525215461757 1672.124735753613,-27.16373670171273,271.0779555825252
1672.124735753613,-27.16373670171273,271.0779555825252 1725.1656226183347,-27.30692369410719,243.03078427971784
1672.124735753613,-27.16373670171273,271.0779555825252 1673.0966459147498,-55.90877278649778,218.4207785681515
1649.1892360534312,-55.13098754992007,223.20525215461757 1699.1558090659116,-41.05048002661275,253.28981446279406
1649.1892360534312,-55.13098754992007,223.20525215461757 1696.2209804567167,-70.4421818548592,189.24082447887977
1649.1892360534312,-55.13098754992007,223.20525215461757 1654.469959882842,-108.76554742095266,196.83390514165455
1654.469959882842,-108.76554742095266,196.83390514165455 1638.8300097226568,-166.6874965354325,197.4970565320116
1638.8300097226568,-166.6874965354325,197.4970565320116 1618.706472684335,-203.96256823802514,239.9895533594972
1618.706472684335,-203.96256823802514,239.9895533594972 1562.379884913999,-183.65492351798585,236.1275492068232
1562.379884913999,-183.65492351798585,236.1275492068232 1622.0678490306232,-189.52010884468007,234.41100014078665
1562.379884913999,-183.65492351798585,236.1275492068232 1549.0945590687381,-240.3479983181982,250.59804978153628
1618.706472684335,-203.96256823802514,239.9895533594972 1576.8977200123074,-203.7107203318058,283.02401365170215
1618.706472684335,-203.96256823802514,239.9895533594972 1650.6115343718054,-193.21783753299488,289.65460949351456
1618.706472684335,-203.96256823802514,239.9895533594972 1659.7883866425527,-187.51849443502402,280.50953339763464
1618.706472684335,-203.96256823802514,239.9895533594972 1643.3469125866413,-149.4093479937804,235.89139738348112
1618.706472684335,-203.96256823802514,239.9895533594972 1639.4330458761215,-244.79052209251404,278.7643821506246
1618.706472684335,-203.96256823802514,239.9895533594972 1629.368240341345,-191.6613090362972,182.24004485526973
1618.706472684335,-203.96256823802514,239.9895533594972 1618.4499294514158,-181.07618256603297,295.452581914044
1649.1892360534312,-55.13098754992007,223.20525215461757 1661.38488810461,-91.15498345732968,176.79902638792205
1661.38488810461,-91.15498345732968,176.79902638792205 1696.7017309058294,-60.6049841254616,139.1238600926446
1649.1892360534312,-55.13098754992007,223.20525215461757 1658.3154724984615,-94.16805285224788,267.846257306061
1649.1892360534312,-55.13098754992007,223.20525215461757 1708.9076821949382,-54.353587885390596,228.9587589292315
1649.1892360534312,-55.13098754992007,223.20525215461757 1652.2432106396286,2.712438284761994,207.55880441289366
1652.2432106396286,2.712438284761994,207.55880441289366 1691.3536549289759,-39.921990801405656,191.66293690003363
1691.3536549289759,-39.921990801405656,191.66293690003363 1714.5082908395534,4.78264748827042,224.3027615202398
1652.2432106396286,2.712438284761994,207.55880441289366 1666.88412590525,-54.81482156672236,216.29138559858515
1666.88412590525,-54.81482156672236,216.29138559858515 1661.4801118682403,-80.99405729183798,270.00771690608076
1652.2432106396286,2.712438284761994,207.55880441289366 1696.5189540571412,-37.78015062202012,207.65255116185193
1652.2432106396286,2.712438284761994,207.55880441289366 1698.7323763790876,-35.05452586350828,211.08213917876407
1652.2432106396286,2.712438284761994,207.55880441289366 1711.303869037527,4.276969889746199,218.01781347034054
1711.303869037527,4.276969889746199,218.01781347034054 1686.9476365561381,51.11122279332838,246.53669658794962
1652.2432106396286,2.712438284761994,207.55880441289366 1693.362776748212,-0.05963022003731844,251.1649613089852
1693.362776748212,-0.05963022003731844,251.1649613089852 1707.0737697122604,35.94296908985828,205.16690140564887
1652.2432106396286,2.712438284761994,207.55880441289366 1657.2338807202614,54.541291640992036,177.74499600261706
1652.2432106396286,2.712438284761994,207.55880441289366 1668.3237739102776,-54.188237485759224,217.7435273721437
1652.2432106396286,2.712438284761994,207.55880441289366 1673.6743767310015,58.612836603479344,203.57752474766934
1652.2432106396286,2.712438284761994,207.55880441289366 1662.4778055320871,37.758487862827145,255.1721163787616
1652.2432106396286,2.712438284761994,207.55880441289366 1691.8840468567407,7.971469229046874,162.82686171491605
1652.2432106396286,2.712438284761994,207.55880441289366 1664.426705938895,22.679480034754057,262.8116748002937
1652.2432106396286,2.712438284761994,207.55880441289366 1688.3557930368918,24.82743874621306,250.06537034324026
1652.2432106396286,2.712438284761994,207.55880441289366 1698.535835826014,-29.57493671164967,187.19908267624066
1652.2432106396286,2.712438284761994,207.55880441289366 1681.5228302718122,47.70955502755255,180.7639661220897
1652.2432106396286,2.712438284761994,207.55880441289366 1693.5858812367842,-38.838513104960754,220.37683961740055
1652.2432106396286,2.712438284761994,207.55880441289366 1677.551761021571,-47.66103356206582,228.10121448721378
1652.2432106396286,2.712438284761994,207.55880441289366 1694.878608435907,-22.256059965101688,173.51769764622622
1652.2432106396286,2.712438284761994,207.55880441289366 1709.4901562515456,18.696180348105223,199.3547074023306
1709.4901562515456,18.696180348105223,199.3547074023306 1752.783679605891,-22.643342763656072,195.26635021894973
1652.2432106396286,2.712438284761994,207.55880441289366 1688.350505667693,5.573607603550957,159.72495702544694
1652.2432106396286,2.712438284761994,207.55880441289366 1660.9580985824412,35.03938686606743,257.3485535944858
1660.9580985824412,35.03938686606743,257.3485535944858 1662.7618394131377,12.10704889599334,201.93326333771662
1652.2432106396286,2.712438284761994,207.55880441289366 1698.2608258551886,27.515548038223038,178.11080216434664
1652.2432106396286,2.712438284761994,207.55880441289366 1683.8417313435828,51.796689086595094,221.42494347697806
1652.2432106396286,2.712438284761994,207.55880441289366 1664.0242944018612,-49.35560051743648,234.94722168516435
1652.2432106396286,2.712438284761994,207.55880441289366 1707.4558998907116,14.10294264629426,228.0969483420141
1652.2432106396286,2.712438284761994,207.55880441289366 1677.320285357161,23.414326205620153,257.98272889446804
1652.2432106396286,2.712438284761994,207.55880441289366 1699.812663872689,39.23990794183792,209.25912190062306
1652.2432106396286,2.712438284761994,207.55880441289366 1658.0028475447539,-26.702656059393586,259.53551850146937
1652.2432106396286,2.712438284761994,207.55880441289366 1688.108303847634,36.4128503906005,173.2371303121488
1652.2432106396286,2.712438284761994,207.55880441289366 1687.909023631551,-32.240484462045345,174.29857327898642
1652.2432106396286,2.712438284761994,207.55880441289366 1709.6543517406703,-10.958807189791532,218.37813547589215
1652.2432106396286,2.712438284761994,207.55880441289366 1708.146035852726,2.382263278513272,185.76969893196275
1652.2432106396286,2.712438284761994,207.55880441289366 1682.365230593468,46.11737080392491,235.9960290824605
1652.2432106396286,2.712438284761994,207.55880441289366 1681.1636110382474,-45.9658976891315,227.40899452775957
1652.2432106396286,2.712438284761994,207.55880441289366 1700.6278704634508,18.876482191767725,175.97323210043737
1652.2432106396286,2.712438284761994,207.55880441289366 1686.688523221752,-23.12798866082011,165.77611928627863
1652.2432106396286,2.712438284761994,207.55880441289366 1668.5137292724542,41.48669791968117,250.35865269747
1668.5137292724542,41.48669791968117,250.35865269747 1670.8224414020362,34.42283745489222,309.8966382498609
1652.2432106396286,2.712438284761994,207.55880441289366 1705.3619992401009,30.343833666830605,203.6987154426576
1705.3619992401009,30.343833666830605,203.6987154426576 1736.1740182081176,48.3957412109052,251.91435731471785
1652.2432106396286,2.712438284761994,207.55880441289366 1687.7433458384148,19.174192724654148,253.04232936015995
1652.2432106396286,2.712438284761994,207.55880441289366 1664.5894072837298,32.882876418166006,257.93058313137476
1652.2432106396286,2.712438284761994,207.55880441289366 1687.5385818693205,-7.896242104904806,160.21228743278056
1687.5385818693205,-7.896242104904806,160.21228743278056 1716.1774206845632,-14.566612972147524,212.512603529416
1652.2432106396286,2.712438284761994,207.55880441289366 1699.2133582266022,37.61890898224814,220.80053915965038
1652.2432106396286,2.712438284761994,207.55880441289366 1695.165102210611,40.663928509476634,189.74320412291672
1652.2432106396286,2.712438284761994,207.55880441289366 1692.5611322195687,26.585099931094213,245.03628065387792
1652.2432106396286,2.712438284761994,207.55880441289366 1699.4609731573314,25.267376968385516,236.91451329208456
1652.2432106396286,2.712438284761994,207.55880441289366 1684.064085977931,-46.66971780026739,195.359027648624
1652.2432106396286,2.712438284761994,207.55880441289366 1677.2982259617754,45.498737012459735,241.34606308226785
1652.2432106396286,2.712438284761994,207.55880441289366 1678.7992755098921,-49.976720947819,196.66716000214998
1649.1892360534312,-55.13098754992007,223.20525215461757 1676.983534282717,-6.570772644259264,201.54001469324766
1649.1892360534312,-55.13098754992007,223.20525215461757 1700.7006457308908,-24.80457169892726,228.39015086853436
1649.1892360534312,-55.13098754992007,223.20525215461757 1672.0650554409065,-97.00693677832865,259.579717972982
1649.1892360534312,-55.13098754992007,223.20525215461757 1670.8121136441775,-10.675462655715265,257.20756782688227
1649.1892360534312,-55.13098754992007,223.20525215461757 1659.211944405483,-112.67917084386221,209.50299260166247
1649.1892360534312,-55.13098754992007,223.20525215461757 1692.1414059061829,-13.605617784723613,228.75095056005455
1649.1892360534312,-55.13098754992007,223.20525215461757 1677.731819474803,-22.566521104650406,181.6736201523842
1649.1892360534312,-55.13098754992007,223.20525215461757 1669.170094753522,-13.624953914507167,261.6502057566571
1649.1892360534312,-55.13098754992007,223.20525215461757 1685.719057128993,-99.92217283719197,207.10177759945654
1649.1892360534312,-55.13098754992007,223.20525215461757 1673.2222201965749,-41.24040313575014,276.3979897962188
1649.1892360534312,-55.13098754992007,223.20525215461757 1685.6936476886935,-26.52610050948531,261.27345894936013
1649.1892360534312,-55.13098754992007,223.20525215461757 1684.342875831213,-86.46638829589314,186.02576492760988
1649.1892360534312,-55.13098754992007,223.20525215461757 1657.9818126696696,-26.546735660234262,275.2209338319211
1649.1892360534312,-55.13098754992007,223.20525215461757 1653.3493039351886,-96.90924801288836,266.06864898580153
1653.3493039351886,-96.90924801288836,266.06864898580153 1694.2894084620734,-87.06918341721804,308.8130166858948
1649.1892360534312,-55.13098754992007,223.20525215461757 1689.601771943449,-82.76518504105147,257.89210949221984
1657.457248376869,0.0,245.3911527220959 1712.524732818106,-5.986894181222568,268.450408030474
1712.524732818106,-5.986894181222568,268.450408030474 1657.339412493704,-9.60814846144821,291.719850183888
1712.524732818106,-5.986894181222568,268.450408030474 1682.303957695716,44.54309979532122,280.0013586291212
1657.457248376869,0.0,245.3911527220959 1672.5469917908208,-35.65413772813541,291.22871490164744
1672.5469917908208,-35.65413772813541,291.22871490164744 1695.9580866567346,14.3734384103387,314.6629262792117
1657.457248376869,0.0,245.3911527220959 1684.2327530388059,36.99395864104661,284.30797908503473
1657.457248376869,0.0,245.3911527220959 1657.4854636932223,-18.635655067342647,302.42370100907806
1657.457248376869,0.0,245.3911527220959 1656.792252844998,51.66009829899124,214.88226836554898
1656.792252844998,51.66009829899124,214.88226836554898 1689.2249692693035,3.078392348374102,228.59127096487617
1689.2249692693035,3.078392348374102,228.59127096487617 1658.1219071462565,1.2385947981102452,177.31540264903083
1689.2249692693035,3.078392348374102,228.59127096487617 1700.448222113897,-21.053944672700265,282.3655111314058
1656.792252844998,51.66009829899124,214.88226836554898 1706.2548053469127,36.52485119731668,245.28588978087708
1656.792252844998,51.66009829899124,214.88226836554898 1681.0592955084285,88.91452734231154,174.59308672794975
1656.792252844998,51.66009829899124,214.88226836554898 1690.997813912098,30.09163389653292,170.5564188485372
1690.997813912098,30.09163389653292,170.5564188485372 1699.2449680770724,33.8526391254831,229.86779455208125
1656.792252844998,51.66009829899124,214.88226836554898 1656.6770242028017,63.15047042564441,273.771639823827
1656.6770242028017,63.15047042564441,273.771639823827 1677.1757878001758,68.6507307972018,217.65080744560896
1656.6770242028017,63.15047042564441,273.771639823827 1705.7382401195002,33.96807979184635,292.2482512466906
1656.6770242028017,63.15047042564441,273.771639823827 1709.4767359615619,73.43559155211284,247.19332682985154
1656.6770242028017,63.15047042564441,273.771639823827 1677.2958081982529,68.7638775827085,217.70600501391914
1677.2958081982529,68.7638775827085,217.70600501391914 1657.8007377310475,28.893243569778562,177.3293437987358
1656.6770242028017,63.15047042564441,273.771639823827 1695.1070041842117,56.570631213225894,319.3769284926551
1656.6770242028017,63.15047042564441,273.771639823827 1701.6847220382463,98.52170329261065,291.7489316394527
1656.6770242028017,63.15047042564441,273.771639823827 1686.6349810446595,11.34980812719592,278.1548130240869
1656.6770242028017,63.15047042564441,273.771639823827 1684.1483007252796,60.40702474897964,220.50061137454
1656.6770242028017,63.15047042564441,273.771639823827 1677.222414537746,69.06261068334976,217.70976745447075
1677.222414537746,69.06261068334976,217.70976745447075 1650.8670190823832,107.32642714250905,255.6738752455305
1650.8670190823832,107.32642714250905,255.6738752455305 1654.1347101130577,164.40398272333496,237.46742462368277
1650.8670190823832,107.32642714250905,255.6738752455305 1653.8354614509522,166.29502784477162,266.345917277007
1650.8670190823832,107.32642714250905,255.6738752455305 1709.9376401560637,116.02419412741273,249.75690174162068
1650.8670190823832,107.32642714250905,255.6738752455305 1671.3564020672802,67.15927338683795,295.2565096205502
1650.8670190823832,107.32642714250905,255.6738752455305 1695.737137973771,101.66629845074397,216.24501051592705
1650.8670190823832,107.32642714250905,255.6738752455305 1698.821690040084,99.28230084060603,220.52218161097446
1650.8670190823832,107.32642714250905,255.6738752455305 1681.720445911551,152.8369919414731,279.6916716593666
1650.8670190823832,107.32642714250905,255.6738752455305 1653.6904656051674,59.29802229753146,219.82278770582104
1650.8670190823832,107.32642714250905,255.6738752455305 1696.798849559357,110.33259160294189,294.16062522875677
1650.8670190823832,107.32642714250905,255.6738752455305 1707.1950731622908,110.32924801928435,235.22556503776474
1650.8670190823832,107.32642714250905,255.6738752455305 1664.7613264308222,71.86780198385573,209.30972826572258
1677.222414537746,69.06261068334976,217.70976745447075 1692.0082951668578,111.65672899983093,257.29661904516007
1677.222414537746,69.06261068334976,217.70976745447075 1701.2107531834579,106.09986619515915,258.36442663606505
1677.222414537746,69.06261068334976,217.70976745447075 1681.3930068870943,128.3225044344766,209.29126687178285
1677.222414537746,69.06261068334976,217.70976745447075 1721.2420130322334,101.19369350781753,242.80694787202586
1677.222414537746,69.06261068334976,217.70976745447075 1716.4763217314335,100.79468514077203,185.2720391021648
1656.6770242028017,63.15047042564441,273.771639823827 1681.1713466738788,102.51838419383543,235.6902069171839
1681.1713466738788,102.51838419383543,235.6902069171839 1669.853306909121,134.33250403785394,285.28621234538133
1656.6770242028017,63.15047042564441,273.771639823827 1699.697633339076,38.8886533673565,307.83909383163467
1656.6770242028017,63.15047042564441,273.771639823827 1698.0913322318365,106.0710399294199,280.30461800745815
1656.6770242028017,63.15047042564441,273.771639823827 1655.2724547977411,105.16181177904703,230.95722189628475
1656.792252844998,51.66009829899124,214.88226836554898 1710.674333719644,72.0744731743622,198.149825057235
1656.792252844998,51.66009829899124,214.88226836554898 1686.5210224218636,96.1024673075502,242.1049812419821
1686.5210224218636,96.1024673075502,242.1049812419821 1722.084917438377,136.68259617236728,215.86641206282815
1656.792252844998,51.66009829899124,214.88226836554898 1702.1890692063077,39.156955862212364,252.06829387867873
1702.1890692063077,39.156955862212364,252.06829387867873 1720.5748442214556,79.64178871737366,211.78254471371943
1720.5748442214556,79.64178871737366,211.78254471371943 1682.8876598415002,38.97419166512753,234.7133685869996
1656.792252844998,51.66009829899124,214.88226836554898 1684.4401329407299,14.464121455653391,176.77644160792676
1656.792252844998,51.66009829899124,214.88226836554898 1699.4194905764598,28.09460792675122,249.91919555532
1699.4194905764598,28.09460792675122,249.91919555532 1742.2565131335944,-11.216272975429963,264.7395916746572
1742.2565131335944,-11.216272975429963,264.7395916746572 1704.1715212699817,-40.012320035815875,301.0758142142196
1742.2565131335944,-11.216272975429963,264.7395916746572 1749.7723753477144,48.099872346410194,269.7502522435545
1699.4194905764598,28.09460792675122,249.91919555532 1739.9079994341466,-16.14085302310635,247.94317808711816
1699.4194905764598,28.09460792675122,249.91919555532 1741.8718221428678,37.755488742299626,208.6340053965776
1656.792252844998,51.66009829899124,214.88226836554898 1688.3314271350373,44.8097081793441,265.4624289061321
1657.457248376869,0.0,245.3911527220959 1715.2804332691373,4.203927924507133,260.84451089823665
1715.2804332691373,4.203927924507133,260.84451089823665 1743.1947558963232,-12.541131539976565,311.2468280651714
1657.457248376869,0.0,245.3911527220959 1681.7982194751642,-31.804345541598003,200.71452873748171
1681.7982194751642,-31.804345541598003,200.71452873748171 1737.5527579069533,-11.178718702782998,208.8394879228623
1657.457248376869,0.0,245.3911527220959 1685.0900155430697,-22.93988492201489,197.32669747184616
1657.457248376869,0.0,245.3911527220959 1659.2395838516252,16.770417201743186,187.8101108147554
1659.2395838516252,16.770417201743186,187.8101108147554 1695.8690344896609,-26.395500532731198,207.6843879612657
1657.457248376869,0.0,245.3911527220959 1695.9865066034838,27.421599128058105,208.46484554459812
1657.457248376869,0.0,245.3911527220959 1697.655959323548,37.80983050877102,221.84374617438107
1657.457248376869,0.0,245.3911527220959 1697.0918262128698,-4.491606871487353,290.2121936233735
1697.0918262128698,-4.491606871487353,290.2121936233735 1748.1898537688257,-0.13706437212831535,259.0668963939033
1657.457248376869,0.0,245.3911527220959 1678.8523115060061,44.33216377567401,279.6972823298943
1657.457248376869,0.0,245.3911527220959 1656.625621298291,-1.8762215716040656,185.42626141879725
1657.457248376869,0.0,245.3911527220959 1658.802985470126,-57.03605091285528,263.967424897697
1658.802985470126,-57.03605091285528,263.967424897697 1652.7969247174642,-16.526610257429112,220.11639923101689
1657.457248376869,0.0,245.3911527220959 1675.1360802878598,14.064775355415247,189.8066135365936
1657.457248376869,0.0,245.3911527220959 1673.0948761656778,-46.21475491220799,280.31479837290425
1673.0948761656778,-46.21475491220799,280.31479837290425 1653.9711228885783,-102.98193506475008,283.74544235406245
1657.457248376869,0.0,245.3911527220959 1705.1205413133462,31.487817894620854,263.7412979718417
1657.457248376869,0.0,245.3911527220959 1681.220133231828,39.42437294824335,283.87548876947733
1657.457248376869,0.0,245.3911527220959 1702.2335643000486,4.428044818056505,205.69891227844107
1657.457248376869,0.0,245.3911527220959 1668.7210221069256,-51.03539381398509,215.92055755318998
1657.457248376869,0.0,245.3911527220959 1710.21836889075,-10.72284006164895,218.90936911275392
1657.457248376869,0.0,245.3911527220959 1675.1212364276219,-10.384777178264795,188.9984233228138
1657.457248376869,0.0,245.3911527220959 1709.5114202032355,-20.72273238063891,223.9218360550116
1657.457248376869,0.0,245.3911527220959 1693.854684996875,39.55804744116805,272.04424804205735
1657.457248376869,0.0,245.3911527220959 1693.8498216956011,40.49407774441473,270.60643132198476
1693.8498216956011,40.49407774441473,270.60643132198476 1701.3792094854398,0.6066369525480795,226.42158791855553
1657.457248376869,0.0,245.3911527220959 1709.8688437709454,14.922690143280967,270.4976854802298
1709.8688437709454,14.922690143280967,270.4976854802298 1687.2203750002636,36.29116311941476,321.78545424639555
1657.457248376869,0.0,245.3911527220959 1666.3695652168808,-41.97881169886759,287.32383659630386
1657.457248376869,0.0,245.3911527220959 1686.6601391056342,30.71018555613845,202.9167407050785
1657.457248376869,0.0,245.3911527220959 1661.055916367934,26.742614416681047,298.98109732787816
1657.457248376869,0.0,245.3911527220959 1654.5441637205513,-11.881272548393612,304.13082671179313
1657.457248376869,0.0,245.3911527220959 1668.1271379796756,28.780094732543866,296.9455861206866
1668.1271379796756,28.780094732543866,296.9455861206866 1698.2074483468164,72.38979050748041,268.7787729776637
1657.457248376869,0.0,245.3911527220959 1685.297454289976,-42.58820613683469,277.1900148520885
1657.457248376869,0.0,245.3911527220959 1668.0919979485573,46.695660813557765,281.53554872939753
1657.457248376869,0.0,245.3911527220959 1658.285545085766,1.5885489927302192,305.3644003968694
1657.457248376869,0.0,245.3911527220959 1711.209667761411,1.0474391455171526,272.02910087026885
1657.457248376869,0.0,245.3911527220959 1687.967591526095,47.24124776241828,224.4774378257344
1687.967591526095,47.24124776241828,224.4774378257344 1694.9313304368334,99.5456665197059,253.03884743459943
1657.457248376869,0.0,245.3911527220959 1676.1294142632837,-53.01016573142837,266.3976410111153
1657.457248376869,0.0,245.3911527220959 1682.9454493280614,-51.327327998528766,263.1635192725327
1657.457248376869,0.0,245.3911527220959 1693.45825452888,-27.28023130816618,284.8843994336012
1657.457248376869,0.0,245.3911527220959 1656.2955077932547,13.152278401389989,186.8619469213274
1657.457248376869,0.0,245.3911527220959 1691.4355297066327,47.74821387177887,232.52318979355488
1657.457248376869,0.0,245.3911527220959 1700.996042907209,-41.26096932629394,244.01065241442728
1657.457248376869,0.0,245.3911527220959 1660.7991936756948,-16.458299222605202,302.99285224840196
1717.2862724145057,0.0,240.86479848232491 1677.1118633458407,-44.499282404982075,238.45010980151858
1677.1118633458407,-44.499282404982075,238.45010980151858 1662.6560916036076,10.152097921038042,258.55626039772073
1662.6560916036076,10.152097921038042,258.55626039772073 1717.0776932733534,35.02620112705546,262.97986315971383
1677.1118633458407,-44.499282404982075,238.45010980151858 1726.3156803871518,-22.245491510040527,264.5987843256582
1726.3156803871518,-22.245491510040527,264.5987843256582 1764.2468944230181,-3.901132929969002,221.88218907216157
1717.2862724145057,0.0,240.86479848232491 1760.031788891612,36.650834252580054,261.59007700145065
1760.031788891612,36.650834252580054,261.59007700145065 1758.8254893335522,69.78380084003982,211.58256390101243
1758.8254893335522,69.78380084003982,211.58256390101243 1729.61687071035,121.74202838875883,218.452730428824
1758.8254893335522,69.78380084003982,211.58256390101243 1774.3599929707316,101.37946914574012,260.166439220532
1760.031788891612,36.650834252580054,261.59007700145065 1798.3313741128118,14.232064596922555,301.9700291932329
1717.2862724145057,0.0,240.86479848232491 1752.568661007757,45.425814667173576,257.9425154544029
1752.568661007757,45.425814667173576,257.9425154544029 1787.299297217883,-3.3921879294669637,261.19605674264386
1787.299297217883,-3.3921879294669637,261.19605674264386 1818.9979684319972,-27.69377745992461,216.42299576226597
1752.568661007757,45.425814667173576,257.9425154544029 1705.442005189991,21.573628736179195,286.4056765182603
1705.442005189991,21.573628736179195,286.4056765182603 1738.3859412148852,56.93275101203071,321.9644947082544
1738.3859412148852,56.93275101203071,321.9644947082544 1700.2587763305983,19.898833908278036,294.12911646690884
1705.442005189991,21.573628736179195,286.4056765182603 1667.1408823037996,-11.633256374009846,318.5043800269
1667.1408823037996,-11.633256374009846,318.5043800269 1689.1423465948358,-66.12560400790707,330.60890886518024
1667.1408823037996,-11.633256374009846,318.5043800269 1677.591587590409,-52.232440872183496,361.4286036901847
1705.442005189991,21.573628736179195,286.4056765182603 1674.2773730119425,44.46899869565777,240.5301085585549
1705.442005189991,21.573628736179195,286.4056765182603 1738.2065166023917,43.85069502919755,241.34772373206354
1738.2065166023917,43.85069502919755,241.34772373206354 1754.0422221192764,98.96140539942517,223.68306881691183
1738.2065166023917,43.85069502919755,241.34772373206354 1758.460687283778,-5.579828085703873,214.0275488681197
1738.2065166023917,43.85069502919755,241.34772373206354 1744.7477497371383,77.74877300159412,192.27499628744096
1705.442005189991,21.573628736179195,286.4056765182603 1756.921550373741,13.062595531578728,316.02693141173927
1717.2862724145057,0.0,240.86479848232491 1688.6960995392621,18.001799387742437,191.2811597113839
1688.6960995392621,18.001799387742437,191.2811597113839 1722.3161696992308,65.22309643131804,206.76792786878784
1722.3161696992308,65.22309643131804,206.76792786878784 1761.6757245141264,20.19573542358536,211.6013744085296
1722.3161696992308,65.22309643131804,206.76792786878784 1668.9876452946148,87.03359306497865,223.5122021564169
1688.6960995392621,18.001799387742437,191.2811597113839 1746.1096422947087,34.47093735408387,185.5844411020325
1717.2862724145057,0.0,240.86479848232491 1698.425426287902,-27.585480262892332,290.69761660506566
1717.2862724145057,0.0,240.86479848232491 1739.7258585980364,55.14840021144279,248.28901063112804
1717.2862724145057,0.0,240.86479848232491 1733.4725093285435,-54.57992749508192,259.8130767469651
1717.2862724145057,0.0,240.86479848232491 1747.6663818404588,29.40085476211396,198.28970376106577
1717.2862724145057,0.0,240.86479848232491 1720.141516095212,-45.85678150225293,279.4524023698225
1717.2862724145057,0.0,240.86479848232491 1755.9179379193286,7.112862894535214,195.51061894209923
1755.9179379193286,7.112862894535214,195.51061894209923 1766.9884434837027,15.91023846328691,253.82056740418835
1717.2862724145057,0.0,240.86479848232491 1768.161476801266,14.445522899148449,212.52683019284544
1768.161476801266,14.445522899148449,212.52683019284544 1723.3910671156732,-16.239906379844243,186.953116216418
1723.3910671156732,-16.239906379844243,186.953116216418 1681.9400423139257,-22.257459305383403,229.91358175944086
1717.2862724145057,0.0,240.86479848232491 1746.3672337890682,27.453638095541695,196.13678219666537
1746.3672337890682,27.453638095541695,196.13678219666537 1771.3292497819332,58.90714015735311,151.5545551816364
1717.2862724145057,0.0,240.86479848232491 1679.255018541626,-10.372022659814116,286.09802603465505
1717.2862724145057,0.0,240.86479848232491 1664.445496875701,25.47915465227435,228.26856417745563
1717.2862724145057,0.0,240.86479848232491 1760.2509121115468,39.52011418460351,227.00116582203884
1760.2509121115468,39.52011418460351,227.00116582203884 1731.3700980858223,90.4318873280217,213.81443246594807
1731.3700980858223,90.4318873280217,213.81443246594807 1768.3987740971202,122.37056252163218,179.04665744758694
1717.2862724145057,0.0,240.86479848232491 1750.2688588586561,30.166338954530012,280.89155185472003
1717.2862724145057,0.0,240.86479848232491 1726.4720809447265,48.10341522406324,275.5300889820089
1717.2862724145057,0.0,240.86479848232491 1686.6455459580295,-34.362207348540196,279.3405647301247
1717.2862724145057,0.0,240.86479848232491 1760.494665366524,11.456862015197768,200.84261599225204
1760.494665366524,11.456862015197768,200.84261599225204 1720.38569282265,-27.844671343673323,179.70828853391288
1760.494665366524,11.456862015197768,200.84261599225204 1721.4251652043974,-28.885708848822656,179.72269333228283
1717.2862724145057,0.0,240.86479848232491 1718.7837865127813,-15.822787913153668,183.00810626629146
1717.2862724145057,0.0,240.86479848232491 1746.065360126171,-50.79522856395409,227.02251306336544
1717.2862724145057,0.0,240.86479848232491 1679.658249650132,-41.58529578386573,262.19072348951215
1717.2862724145057,0.0,240.86479848232491 1690.590333472014,51.09392170392448,224.22935412721392
1717.2862724145057,0.0,240.86479848232491 1735.961762446559,-30.767157465630785,288.8711323722165
1717.2862724145057,0.0,240.86479848232491 1767.496765684315,-23.874206427229897,218.30535183413681
1717.2862724145057,0.0,240.86479848232491 1735.4812038913367,-53.47939306103969,220.64354762150424
1777.1152964521423,0.0,236.33844424255392 1753.2188616227324,-8.534034678160708,181.9681338281768
1753.2188616227324,-8.534034678160708,181.9681338281768 1788.8785077065988,10.189619842230517,226.44075914504356
1777.1152964521423,0.0,236.33844424255392 1825.415197004118,-33.515317818085215,248.33190405288366
1777.1152964521423,0.0,236.33844424255392 1809.056627184631,36.90187790790984,271.2383410605603
1809.056627184631,36.90187790790984,271.2383410605603 1852.2030736602348,65.96910363497963,241.34719613335102
1777.1152964521423,0.0,236.33844424255392 1732.1417708628367,-11.071079119931166,274.4804578651761
1836.9443204897789,0.0,231.8120900027829 1783.5003707514047,20.117883294707756,213.39972980364877
1783.5003707514047,20.117883294707756,213.39972980364877 1737.6825691589415,27.074936819219687,175.29030231528628
1737.6825691589415,27.074936819219687,175.29030231528628 1780.588716635693,61.647505430403676,199.03477553176828
1896.7733445274155,0.0,227.28573576301187 1944.811238862983,31.081056494741514,245.35030425981077
1896.7733445274155,0.0,227.28573576301187 1954.0771817601687,16.49861903031737,220.64752753378568
1956.602368565052,0.0,222.75938152324085 1913.0038276134578,-40.55173606483968,215.36181915312613
1913.0038276134578,-40.55173606483968,215.36181915312613 1942.0987973492824,-91.08070978217864,229.51475351826454
1942.0987973492824,-91.08070978217864,229.51475351826454 1983.6995215163806,-112.03974111784868,267.33140004123675
1983.6995215163806,-112.03974111784868,267.33140004123675 2016.9065331897941,-161.64838146318482,273.3544539849493
1983.6995215163806,-112.03974111784868,267.33140004123675 1978.758992343106,-85.45974263832716,213.76746765836688
1913.0038276134578,-40.55173606483968,215.36181915312613 1903.3640339542128,-6.879012935565228,264.07754654445637
1903.3640339542128,-6.879012935565228,264.07754654445637 1873.611265665172,-53.99748925156482,286.31764476360166
1996.3056362915145,0.0,177.7743781127614 1966.804675045652,-0.26946323306556796,125.52860627296425
2055.8172613075867,0.0,170.13458178390434 2057.330320474806,14.108364473650106,228.43264953777714
2057.330320474806,14.108364473650106,228.43264953777714 2058.407673791343,71.90373193188745,212.35363183772262
2058.407673791343,71.90373193188745,212.35363183772262 2097.141044524251,52.557838133715215,170.81494643703917
2097.141044524251,52.557838133715215,170.81494643703917 2063.741127885921,102.37616438009557,169.2087277216032
2063.741127885921,102.37616438009557,169.2087277216032 2088.7403007500607,125.56141607662173,119.83783083003765
2063.741127885921,102.37616438009557,169.2087277216032 2091.4101478714924,62.85987348006513,204.88628490454687
2091.4101478714924,62.85987348006513,204.88628490454687 2132.7987514023507,106.24014690442769,207.15242157142586
2008.7689136159706,0.0,132.89947765502055 1952.5467468343643,20.940505455326583,133.6499399503297
2008.7689136159706,0.0,132.89947765502055 2028.224295112083,-26.74529652155412,82.83774331815525
2008.7689136159706,0.0,132.89947765502055 1984.892915412647,-2.793951649505172,187.87338550206297
2008.7689136159706,0.0,132.89947765502055 1971.4109086630463,37.51126534435184,104.66325201838649
2008.7689136159706,0.0,132.89947765502055 1981.7212955395605,-12.473758157228108,184.98432875231794
2067.8004448769966,0.0,122.16270360605635 2039.4463064248685,-40.10065868287337,156.62978943931526
2067.8004448769966,0.0,122.16270360605635 2041.3093022659682,17.801371699090794,172.96949969469955
2011.0879916497943,0.0,102.57450182660749 2044.9191298454639,-25.699329142959733,144.94192527891727
2044.9191298454639,-25.699329142959733,144.94192527891727 1991.8679218680018,-17.35919324356665,171.70031583798723
2044.9191298454639,-25.699329142959733,144.94192527891727 2086.6446905490534,10.653935747684322,121.75965369562056
2086.6446905490534,10.653935747684322,121.75965369562056 2036.9103244552484,43.50144742835652,114.86517723721641
2036.9103244552484,43.50144742835652,114.86517723721641 2043.0230387833672,-3.424625607637587,151.75119617343884
2086.6446905490534,10.653935747684322,121.75965369562056 2133.759582550971,46.34689141794283,111.45432171801758
2044.9191298454639,-25.699329142959733,144.94192527891727 2065.5129665008526,-73.0270197406478,175.53577424403886
2065.5129665008526,-73.0270197406478,175.53577424403886 2109.840973975051,-71.0671018422426,215.92372387259692
2069.70199269357,0.0,89.75268909828155 2053.8734886539096,47.366096354454285,123.00793494020851
2186.9299947811214,0.0,64.10906364162967 2211.4820133733006,44.725643808944774,32.53668379904113
2245.543995824897,0.0,51.28725091330374 2286.1916183612802,12.886185933222672,93.49764056128161
2304.157996868673,0.0,38.465438184977806 2346.8601251580913,-37.60938218088532,57.49338109865492
2346.8601251580913,-37.60938218088532,57.49338109865492 2364.980181038462,-9.040942210265236,7.9403003413768545
2346.8601251580913,-37.60938218088532,57.49338109865492 2315.802606533344,-78.7267583920335,88.23084863234067
2362.7719979124486,0.0,25.643625456651872 2369.671729943094,-55.911413762805516,4.996409931316549
2369.671729943094,-55.911413762805516,4.996409931316549 2402.8403539936808,-47.89377193948725,-44.35498111477064
2369.671729943094,-55.911413762805516,4.996409931316549 2410.5169429820567,-23.829292391622324,-25.043664305049752
2362.7719979124486,0.0,25.643625456651872 2411.2825950477068,-35.25218794509787,23.64232321456239
2411.2825950477068,-35.25218794509787,23.64232321456239 2467.1495672677866,-15.419943477164896,32.89237696170082
2467.1495672677866,-15.419943477164896,32.89237696170082 2461.112095582385,-72.89980956194765,49.00491650465978
2411.2825950477068,-35.25218794509787,23.64232321456239 2417.0768683643078,-42.04759856973804,82.97400776148092
2417.0768683643078,-42.04759856973804,82.97400776148092 2429.6839442281675,3.7281834262079627,46.291049581659735
2362.7719979124486,0.0,25.643625456651872 2307.612866733848,-12.081777948483516,5.3581407637617
2307.612866733848,-12.081777948483516,5.3581407637617 2347.4676038396183,-37.637794883356804,42.21583912725728
2347.4676038396183,-37.637794883356804,42.21583912725728 2310.768879066555,-80.93015821912117,61.683116205347254
2310.768879066555,-80.93015821912117,61.683116205347254 2346.018824039087,-92.93328812134641,108.7295427644791
2346.018824039087,-92.93328812134641,108.7295427644791 2348.18201577546,-42.612962985376306,141.33606787406327
2310.768879066555,-80.93015821912117,61.683116205347254 2333.1469322442363,-29.688945684336666,83.44457006169412
2333.1469322442363,-29.688945684336666,83.44457006169412 2337.1970115652653,5.210079835098831,34.80657179606682
2347.4676038396183,-37.637794883356804,42.21583912725728 2383.0271363294364,-66.44371867497466,3.4119939103581203
2307.612866733848,-12.081777948483516,5.3581407637617 2268.2944581050388,31.177133297790764,-8.15960093686752
2307.612866733848,-12.081777948483516,5.3581407637617 2258.8203643495144,-46.71572826274401,9.805746490906852
2362.7719979124486,0.0,25.643625456651872 2394.59549367431,-50.864959459862206,25.49865428244638
2421.3859989562243,0.0,12.821812728325938 2418.832708791709,-30.274400881234882,-38.91735387317698
2480.0,0.0,0.0 2459.2680973156866,-41.719831822981405,37.810631358789934
2459.2680973156866,-41.719831822981405,37.810631358789934 2463.6102629299744,-87.63422957176022,76.19049166527138
2463.6102629299744,-87.63422957176022,76.19049166527138 2431.9093051924383,-72.15390137402923,27.65793849306047
2463.6102629299744,-87.63422957176022,76.19049166527138 2434.6097175587397,-35.45376658402474,82.20444631728822
2459.2680973156866,-41.719831822981405,37.810631358789934 2418.697874968684,-8.232542648387842,66.66645438382123
