起始树
1200.0,0.0,480.0 1254.8286929172154,0.0,455.63169203679314
1254.8286929172154,0.0,455.63169203679314 1256.2975457940713,-54.0674600665064,481.60383544435365
1256.2975457940713,-54.0674600665064,481.60383544435365 1278.0304242843783,-22.469593403145893,527.7477062708247
1278.0304242843783,-22.469593403145893,527.7477062708247 1335.3115257556594,-5.255040488073217,523.0006458992938
1335.3115257556594,-5.255040488073217,523.0006458992938 1383.6745011659766,-3.9878530230874807,487.51238241135127
1383.6745011659766,-3.9878530230874807,487.51238241135127 1432.0374765762938,-2.7206655581017447,452.02411892340876
1432.0374765762938,-2.7206655581017447,452.02411892340876 1482.839335348679,-14.03215609397023,481.8774491752851
1482.839335348679,-14.03215609397023,481.8774491752851 1490.4414887458688,-69.61315108128733,460.5945861172887
1490.4414887458688,-69.61315108128733,460.5945861172887 1454.196100220773,-113.54210030287985,479.47630296061595
1454.196100220773,-113.54210030287985,479.47630296061595 1514.0116812137703,-113.6539709045274,474.7769673226085
1490.4414887458688,-69.61315108128733,460.5945861172887 1525.2108026951396,-109.80521008987088,488.4458553908349
1525.2108026951396,-109.80521008987088,488.4458553908349 1488.5829318850324,-87.32426673033163,530.3147730456213
1488.5829318850324,-87.32426673033163,530.3147730456213 1442.5950677315982,-49.95798872514916,520.8872803437048
1488.5829318850324,-87.32426673033163,530.3147730456213 1474.9977783151821,-58.15228998510907,580.9550670342998
1525.2108026951396,-109.80521008987088,488.4458553908349 1513.991463434625,-117.2308559656563,546.9179530946535
1513.991463434625,-117.2308559656563,546.9179530946535 1498.2079757778033,-67.17229954476564,517.8486832991554
1498.2079757778033,-67.17229954476564,517.8486832991554 1454.383034034574,-83.55622422811723,555.4111844561977
1498.2079757778033,-67.17229954476564,517.8486832991554 1475.5664225432374,-121.90760990493419,508.2880417462916
1525.2108026951396,-109.80521008987088,488.4458553908349 1481.1132450411214,-143.41261382049487,511.3794077418637
1525.2108026951396,-109.80521008987088,488.4458553908349 1494.0462359870198,-153.3268923015895,461.34174206172315
1525.2108026951396,-109.80521008987088,488.4458553908349 1543.870722627871,-164.611833488352,472.69652461898573
1543.870722627871,-164.611833488352,472.69652461898573 1494.993959950036,-199.3480316374867,474.8080663018917
1494.993959950036,-199.3480316374867,474.8080663018917 1457.9092179371244,-229.46681441130886,511.10656260764927
1543.870722627871,-164.611833488352,472.69652461898573 1506.0504976314232,-127.98244715099,501.47009995759026
1506.0504976314232,-127.98244715099,501.47009995759026 1447.1567851529273,-139.39903929484026,500.3782875555523
1525.2108026951396,-109.80521008987088,488.4458553908349 1559.5473714032498,-73.13464072867586,521.2524003488003
1559.5473714032498,-73.13464072867586,521.2524003488003 1510.9287400549113,-60.94977419200257,488.27122824564725
1525.2108026951396,-109.80521008987088,488.4458553908349 1563.5281532562506,-155.81876972092292,484.63364132856685
1563.5281532562506,-155.81876972092292,484.63364132856685 1613.6817253201448,-147.2116769264707,452.84469414783337
1613.6817253201448,-147.2116769264707,452.84469414783337 1581.7162913098502,-182.11750402207227,415.9693058338715
1613.6817253201448,-147.2116769264707,452.84469414783337 1577.8750514108874,-191.65037625348913,471.36722382601045
1613.6817253201448,-147.2116769264707,452.84469414783337 1635.8669259270998,-169.1055130324225,504.1133669860772
1613.6817253201448,-147.2116769264707,452.84469414783337 1655.2067596134996,-184.90807953972651,474.1672820994642
1655.2067596134996,-184.90807953972651,474.1672820994642 1658.2558615359906,-244.36900560683938,466.74426056456366
1655.2067596134996,-184.90807953972651,474.1672820994642 1667.769010149233,-196.50912858512942,531.6790680439436
1667.769010149233,-196.50912858512942,531.6790680439436 1708.460474045119,-152.42029086324294,532.2948231437729
1655.2067596134996,-184.90807953972651,474.1672820994642 1623.4602623216044,-163.7354965094493,520.4693515728874
1655.2067596134996,-184.90807953972651,474.1672820994642 1600.9901509990248,-163.43095428818842,488.28437957998796
1655.2067596134996,-184.90807953972651,474.1672820994642 1605.719035122871,-197.90922169523873,442.8314331817822
1655.2067596134996,-184.90807953972651,474.1672820994642 1657.641902346993,-132.101908254847,445.78456985944956
1657.641902346993,-132.101908254847,445.78456985944956 1675.6928446263842,-187.9296524859235,458.33153988793026
1675.6928446263842,-187.9296524859235,458.33153988793026 1636.7878436026162,-155.56008330367996,490.55904190556373
1675.6928446263842,-187.9296524859235,458.33153988793026 1688.5108852145615,-196.4678559121709,516.3211675616087
1675.6928446263842,-187.9296524859235,458.33153988793026 1711.9832642239587,-214.66633967738656,497.93147680022633
1711.9832642239587,-214.66633967738656,497.93147680022633 1672.9907841136576,-216.856745495511,543.4813244091887
1672.9907841136576,-216.856745495511,543.4813244091887 1679.6925503016773,-269.068618846705,514.6888495047975
1679.6925503016773,-269.068618846705,514.6888495047975 1647.1949765501306,-302.6600284656897,477.0653874090207
1711.9832642239587,-214.66633967738656,497.93147680022633 1697.9534318799087,-181.39129947424482,545.8473979943049
1711.9832642239587,-214.66633967738656,497.93147680022633 1672.376467440446,-251.8366020102138,472.4427881980575
1711.9832642239587,-214.66633967738656,497.93147680022633 1656.4530548680498,-235.22990985334314,488.2601051029212
1711.9832642239587,-214.66633967738656,497.93147680022633 1694.6998084548443,-272.1180970281714,497.17138865822915
1711.9832642239587,-214.66633967738656,497.93147680022633 1728.3303594217482,-269.790471294867,515.0808963826232
1711.9832642239587,-214.66633967738656,497.93147680022633 1752.594927016326,-232.93051073037356,538.1448191257069
1752.594927016326,-232.93051073037356,538.1448191257069 1785.4696407628755,-238.92614943445633,587.9775946114505
1752.594927016326,-232.93051073037356,538.1448191257069 1734.745922677558,-289.9505401625648,532.6558039438474
1734.745922677558,-289.9505401625648,532.6558039438474 1722.6842294701953,-344.23697410761133,510.12807333240863
1752.594927016326,-232.93051073037356,538.1448191257069 1763.0607189865266,-283.1761750879027,507.0668460304903
1763.0607189865266,-283.1761750879027,507.0668460304903 1811.8077162777493,-273.8284972951124,473.3570377401469
1811.8077162777493,-273.8284972951124,473.3570377401469 1848.2162338751994,-297.86101505659997,514.5499732558388
1848.2162338751994,-297.86101505659997,514.5499732558388 1893.4368517336536,-286.1990642800154,476.87910089290864
1893.4368517336536,-286.1990642800154,476.87910089290864 1899.1954095410656,-345.11771056256714,467.1101637854108
1893.4368517336536,-286.1990642800154,476.87910089290864 1872.2430494231007,-280.6984377371057,421.01707576620345
1872.2430494231007,-280.6984377371057,421.01707576620345 1903.4792623434735,-330.32191537079467,408.2966406348131
1903.4792623434735,-330.32191537079467,408.2966406348131 1950.7637805216677,-312.788826321324,375.7887165386893
1950.7637805216677,-312.788826321324,375.7887165386893 1998.048298699862,-295.2557372718534,343.28079244256554
1998.048298699862,-295.2557372718534,343.28079244256554 2017.626698067273,-351.966399785113,342.5146100117274
1998.048298699862,-295.2557372718534,343.28079244256554 2052.588458649184,-310.8412842151048,362.83741994277864
2052.588458649184,-310.8412842151048,362.83741994277864 2088.7296000242827,-350.85947272296556,389.15020179218453
2052.588458649184,-310.8412842151048,362.83741994277864 2008.244317601326,-333.9114428191767,396.02423866212354
1998.048298699862,-295.2557372718534,343.28079244256554 1967.8220112437666,-329.739789577356,304.58684352011966
1998.048298699862,-295.2557372718534,343.28079244256554 1969.0871060839306,-328.52106997797296,302.6031946495039
1969.0871060839306,-328.52106997797296,302.6031946495039 2020.207689854532,-313.59788239337877,274.96292715318725
2020.207689854532,-313.59788239337877,274.96292715318725 2026.3494774849762,-330.1245505010128,217.61183574279966
2026.3494774849762,-330.1245505010128,217.61183574279966 2074.0146092484097,-304.3463218583794,191.85298984429977
2074.0146092484097,-304.3463218583794,191.85298984429977 2046.2796100379169,-328.9242051291867,239.04088524895343
2074.0146092484097,-304.3463218583794,191.85298984429977 2092.074351469537,-323.4733000870771,137.9270738600037
2092.074351469537,-323.4733000870771,137.9270738600037 2125.570895618548,-331.69342710432255,187.023010982068
2092.074351469537,-323.4733000870771,137.9270738600037 2135.5818559474706,-325.5034621392792,96.65995018819481
2135.5818559474706,-325.5034621392792,96.65995018819481 2184.031052289509,-334.43086180655445,130.9087006616264
2184.031052289509,-334.43086180655445,130.9087006616264 2243.5789383116776,-338.47547322589685,137.04795051460906
2243.5789383116776,-338.47547322589685,137.04795051460906 2269.7675722812482,-378.8641922599799,101.23026178971018
2135.5818559474706,-325.5034621392792,96.65995018819481 2088.0586257953983,-321.13330485898615,60.29452263318522
2074.0146092484097,-304.3463218583794,191.85298984429977 2040.9494540900173,-338.54661233582357,155.28749182212206
2026.3494774849762,-330.1245505010128,217.61183574279966 1994.5414402731017,-353.1031941790505,172.2220714401975
2020.207689854532,-313.59788239337877,274.96292715318725 2066.2759678121374,-328.6898208492598,310.31751892942884
1998.048298699862,-295.2557372718534,343.28079244256554 1973.7773795429855,-345.79300462641953,321.90540726209525
1950.7637805216677,-312.788826321324,375.7887165386893 1942.4769445092304,-283.2727913191955,427.3651842992494
1950.7637805216677,-312.788826321324,375.7887165386893 1989.4929270530945,-351.30321456732577,400.62206321173204
1848.2162338751994,-297.86101505659997,514.5499732558388 1812.2483622110312,-321.2190593561944,556.5108356689033
1752.594927016326,-232.93051073037356,538.1448191257069 1709.7481678250842,-194.82962612873285,555.8218612815714
1711.9832642239587,-214.66633967738656,497.93147680022633 1664.6152567040206,-249.3655533177876,510.2698898395473
1675.6928446263842,-187.9296524859235,458.33153988793026 1672.9764039817408,-218.6366751501868,509.80677382931754
1655.2067596134996,-184.90807953972651,474.1672820994642 1680.875706961127,-134.54792905125646,494.2909096264133
1680.875706961127,-134.54792905125646,494.2909096264133 1651.6179277693752,-185.29357756554109,507.2855821359991
1655.2067596134996,-184.90807953972651,474.1672820994642 1622.2811247252068,-136.62917048303723,487.7705724183087
1655.2067596134996,-184.90807953972651,474.1672820994642 1636.0906091279246,-186.52246688052216,531.0176694695317
1613.6817253201448,-147.2116769264707,452.84469414783337 1597.3907397185637,-120.3936878510682,503.9856684256145
1613.6817253201448,-147.2116769264707,452.84469414783337 1660.3167818170705,-184.36369862079624,459.5453500525123
1613.6817253201448,-147.2116769264707,452.84469414783337 1600.0284563721013,-180.46625489950264,404.8059463407982
1613.6817253201448,-147.2116769264707,452.84469414783337 1569.6014045611523,-121.40188855985039,484.32135448934054
1563.5281532562506,-155.81876972092292,484.63364132856685 1575.5117860878138,-109.4250967360921,520.7448535920018
1563.5281532562506,-155.81876972092292,484.63364132856685 1543.0102661225046,-121.32714483102774,529.2357054066073
1563.5281532562506,-155.81876972092292,484.63364132856685 1552.3756270681267,-160.68619382310843,543.3867633071704
1525.2108026951396,-109.80521008987088,488.4458553908349 1504.5341801987229,-160.02551414613035,513.9487639041305
1504.5341801987229,-160.02551414613035,513.9487639041305 1530.5212515837559,-211.69616155909682,497.9857968630663
1530.5212515837559,-211.69616155909682,497.9857968630663 1537.3839791479597,-163.8206647662863,462.47749111326874
1490.4414887458688,-69.61315108128733,460.5945861172887 1433.4352942969902,-51.343305027021486,456.5317644857066
1432.0374765762938,-2.7206655581017447,452.02411892340876 1446.2021616791337,-50.36784131289071,485.6263262694989
1383.6745011659766,-3.9878530230874807,487.51238241135127 1342.3534611843495,-37.172232737567,515.6436567835162
1254.8286929172154,0.0,455.63169203679314 1223.4441577655764,-46.36052629121429,477.21206634580744
1223.4441577655764,-46.36052629121429,477.21206634580744 1199.3651427161517,-94.10538504958306,504.4265752774967
1200.0,0.0,480.0 1227.820930479439,53.08247241374352,477.1282497144811
1227.820930479439,53.08247241374352,477.1282497144811 1187.428491138604,97.34398320643132,480.18921466784644
1187.428491138604,97.34398320643132,480.18921466784644 1200.6867129042607,70.95777069003216,427.9590763887639
1200.6867129042607,70.95777069003216,427.9590763887639 1227.7958841974594,46.16216182186013,380.52205906418243
1227.7958841974594,46.16216182186013,380.52205906418243 1212.1809305934798,39.97434566895119,438.1231367902403
1227.7958841974594,46.16216182186013,380.52205906418243 1204.7123089327445,84.37528589269388,340.4358307339278
1204.7123089327445,84.37528589269388,340.4358307339278 1169.761706287966,42.38792545658307,315.6262169043068
1227.7958841974594,46.16216182186013,380.52205906418243 1236.7650317100092,105.46890377466399,382.0269683111659
1227.7958841974594,46.16216182186013,380.52205906418243 1236.0348833162886,-10.787440721270166,363.5261282659173
1236.0348833162886,-10.787440721270166,363.5261282659173 1198.6554527957953,-22.1193610734135,409.0713338873249
1198.6554527957953,-22.1193610734135,409.0713338873249 1174.450150455656,-52.12082602864976,455.04975751365396
1236.0348833162886,-10.787440721270166,363.5261282659173 1220.1999577078386,-63.04780417299399,388.38793718780755
1236.0348833162886,-10.787440721270166,363.5261282659173 1240.770798435538,-62.20659792121679,332.9705824381884
1240.770798435538,-62.20659792121679,332.9705824381884 1182.3260322172005,-49.489651851031546,337.7127954586981
1236.0348833162886,-10.787440721270166,363.5261282659173 1188.1173184858797,24.993182929779863,358.66259540744073
1227.7958841974594,46.16216182186013,380.52205906418243 1197.255717967775,2.6216190487045594,352.7458213477052
1197.255717967775,2.6216190487045594,352.7458213477052 1239.7404616649412,-5.795492496771308,394.26929406154625
1227.7958841974594,46.16216182186013,380.52205906418243 1186.8629696808475,2.3010388428425372,379.6863556507423
1186.8629696808475,2.3010388428425372,379.6863556507423 1129.954747503017,9.795487085585393,362.21387746087106
1186.8629696808475,2.3010388428425372,379.6863556507423 1188.4489916184036,42.5340201917954,335.20274354259175
1188.4489916184036,42.5340201917954,335.20274354259175 1142.126284004623,33.92024517311213,372.35122452439884
1186.8629696808475,2.3010388428425372,379.6863556507423 1210.7657978696784,38.68285286400992,420.97822425830736
1186.8629696808475,2.3010388428425372,379.6863556507423 1155.9567897973973,39.09379353243875,415.6182530034151
1227.7958841974594,46.16216182186013,380.52205906418243 1213.1600361612768,-8.029758099778817,401.7123343683978
1213.1600361612768,-8.029758099778817,401.7123343683978 1186.9720566758879,-58.69012396875654,383.0651613790635
1200.6867129042607,70.95777069003216,427.9590763887639 1145.671613420188,83.16954741691738,448.5554677700295
1145.671613420188,83.16954741691738,448.5554677700295 1143.1444492994788,24.309910126778377,437.1907618970085
1145.671613420188,83.16954741691738,448.5554677700295 1109.7006021356708,46.252959964704374,479.2678743519347
1200.6867129042607,70.95777069003216,427.9590763887639 1208.5339131293465,91.30815460793237,372.06378747259953
1200.6867129042607,70.95777069003216,427.9590763887639 1160.8517777985946,97.12060534662129,391.5079580539398
1160.8517777985946,97.12060534662129,391.5079580539398 1212.6160063417212,114.46273016224694,366.6138754194214
1160.8517777985946,97.12060534662129,391.5079580539398 1202.114470635826,136.1817985784988,372.23068223181616
1200.6867129042607,70.95777069003216,427.9590763887639 1237.7160323714918,67.81596085299108,475.0648990728188
1237.7160323714918,67.81596085299108,475.0648990728188 1184.5407420693864,40.91491078380328,482.0450141479356
1184.5407420693864,40.91491078380328,482.0450141479356 1134.679177034951,29.275713833168588,450.7663724469108
1237.7160323714918,67.81596085299108,475.0648990728188 1196.4096847822918,107.46320476078944,457.1238372492885
1200.6867129042607,70.95777069003216,427.9590763887639 1163.382886881187,93.13997336092582,469.3882261351399
1163.382886881187,93.13997336092582,469.3882261351399 1141.5345318404106,41.90396667963925,491.69340493665
1141.5345318404106,41.90396667963925,491.69340493665 1194.8238154717205,22.122681103903112,472.4852558578611
1200.6867129042607,70.95777069003216,427.9590763887639 1240.9030792645274,27.20182584026648,419.7091571721246
1240.9030792645274,27.20182584026648,419.7091571721246 1200.5479763029416,47.303110264075144,380.1187034051752
1200.6867129042607,70.95777069003216,427.9590763887639 1233.8861370073794,36.0746867270705,463.74969935699716
1233.8861370073794,36.0746867270705,463.74969935699716 1242.2717370611833,1.4559297156843485,512.0324434248755
1242.2717370611833,1.4559297156843485,512.0324434248755 1206.3299420982294,9.0925457211896,464.59965444061453
1187.428491138604,97.34398320643132,480.18921466784644 1189.959417720028,45.70613416190928,449.74045514147826
1189.959417720028,45.70613416190928,449.74045514147826 1134.4417163811506,23.22888076176302,446.1967399112648
1187.428491138604,97.34398320643132,480.18921466784644 1188.1409559570502,38.77799412034665,493.20909624377055
1188.1409559570502,38.77799412034665,493.20909624377055 1236.474047234151,64.36060713238683,517.8959793818998
1187.428491138604,97.34398320643132,480.18921466784644 1130.724977905396,114.82211721095497,471.28829231500436
1187.428491138604,97.34398320643132,480.18921466784644 1171.2024582790905,39.69870459391984,476.4827727988949
1227.820930479439,53.08247241374352,477.1282497144811 1203.4508119404632,13.933660120733393,438.7424734628157
1203.4508119404632,13.933660120733393,438.7424734628157 1242.0405776032874,-23.75974103785755,412.47390869071876
1200.0,0.0,480.0 1175.2263682587322,-49.606756369277825,457.0775897238713
目标树
2280.0,0.0,0.0 2254.2586517968375,-31.344998131136315,-44.213958031854744
2254.2586517968375,-31.344998131136315,-44.213958031854744 2249.7479111862476,-22.114896316139685,14.899986512802144
2249.7479111862476,-22.114896316139685,14.899986512802144 2270.3726859005933,33.044078906404245,26.39372917484552
2270.3726859005933,33.044078906404245,26.39372917484552 2304.610639498953,56.13909463686667,-17.13077865472425
2249.7479111862476,-22.114896316139685,14.899986512802144 2237.52794305012,34.174914220799046,-1.896727703602373
2237.52794305012,34.174914220799046,-1.896727703602373 2248.4603560991827,-24.8196360650576,-1.5426352097304017
2248.4603560991827,-24.8196360650576,-1.5426352097304017 2297.3361515918155,-16.692766785553783,-35.382118224046614
2237.52794305012,34.174914220799046,-1.896727703602373 2274.1488591514094,74.47636085030763,-27.090018546030795
2237.52794305012,34.174914220799046,-1.896727703602373 2292.2076871587324,57.46489851828472,-10.124863315000848
2292.2076871587324,57.46489851828472,-10.124863315000848 2287.7055340507573,-1.4604246130810878,0.2451372277415338
2237.52794305012,34.174914220799046,-1.896727703602373 2206.860247908117,39.816604314598536,-53.15747104158658
2206.860247908117,39.816604314598536,-53.15747104158658 2232.2909255325376,87.72043667739143,-78.81879369885061
2232.2909255325376,87.72043667739143,-78.81879369885061 2218.989596569938,141.07968270642596,-102.81599168198343
2232.2909255325376,87.72043667739143,-78.81879369885061 2275.400961448397,46.07673667116513,-81.52564669167133
2206.860247908117,39.816604314598536,-53.15747104158658 2217.5015035827037,98.81533659231214,-55.58919209687823
2217.5015035827037,98.81533659231214,-55.58919209687823 2233.821026250186,147.72520956908036,-24.90536076339057
2233.821026250186,147.72520956908036,-24.90536076339057 2229.3877921805215,100.56051003577925,-61.72706025726226
2206.860247908117,39.816604314598536,-53.15747104158658 2211.3753571783714,84.81131874935373,-92.59209366197557
2211.3753571783714,84.81131874935373,-92.59209366197557 2175.3145066785505,83.70538215396432,-140.53364104497675
2211.3753571783714,84.81131874935373,-92.59209366197557 2197.4419618827033,48.802089124699414,-46.66611106635143
2206.860247908117,39.816604314598536,-53.15747104158658 2245.265125995864,38.9137066144269,-99.24705896346246
2206.860247908117,39.816604314598536,-53.15747104158658 2209.9771964253305,-16.496210731480325,-73.63066066917403
2206.860247908117,39.816604314598536,-53.15747104158658 2159.7506309600367,16.346585360947117,-81.96445285711869
2159.7506309600367,16.346585360947117,-81.96445285711869 2191.9288575158057,55.56950021480578,-113.99763387450358
2159.7506309600367,16.346585360947117,-81.96445285711869 2146.7562589108225,63.390889403399804,-116.86401950497086
2146.7562589108225,63.390889403399804,-116.86401950497086 2197.297932155487,69.93269794084958,-85.19788607051315
2159.7506309600367,16.346585360947117,-81.96445285711869 2165.9359294354854,75.72327608083171,-87.9769965721185
2159.7506309600367,16.346585360947117,-81.96445285711869 2194.3921371856018,44.16657362034317,-41.64058523915329
2159.7506309600367,16.346585360947117,-81.96445285711869 2198.817468552912,-29.188908357994336,-81.41580701129641
2206.860247908117,39.816604314598536,-53.15747104158658 2246.8211514886334,60.49428466516892,-92.8507918947013
2246.8211514886334,60.49428466516892,-92.8507918947013 2281.3023457647473,13.5204952054278,-78.55008054579218
2246.8211514886334,60.49428466516892,-92.8507918947013 2202.96269307587,86.30897457237747,-61.06970615726026
2246.8211514886334,60.49428466516892,-92.8507918947013 2279.447463193998,98.3624784443333,-59.661581533379845
2206.860247908117,39.816604314598536,-53.15747104158658 2236.275148752557,55.48009086666812,-3.263395267554259
2236.275148752557,55.48009086666812,-3.263395267554259 2260.2743981268227,26.281857304494604,-49.86274275569591
2206.860247908117,39.816604314598536,-53.15747104158658 2251.272684268654,79.8567587347731,-48.22578466369992
2206.860247908117,39.816604314598536,-53.15747104158658 2222.2677721002997,-14.94641634107439,-72.22628765231632
2206.860247908117,39.816604314598536,-53.15747104158658 2224.941974274675,66.8491796561554,-103.57860789913832
2237.52794305012,34.174914220799046,-1.896727703602373 2270.559283863264,83.43371023733332,7.186308082266605
2270.559283863264,83.43371023733332,7.186308082266605 2293.9704940366764,138.65318277494424,8.837093012037204
2237.52794305012,34.174914220799046,-1.896727703602373 2253.286496285828,-22.73518344797462,-12.522582175031706
2253.286496285828,-22.73518344797462,-12.522582175031706 2300.987510011832,-2.6502144663667337,17.82881500070667
2300.987510011832,-2.6502144663667337,17.82881500070667 2340.8078583572305,14.138360783010675,-23.794298755319467
2249.7479111862476,-22.114896316139685,14.899986512802144 2244.939257447918,-69.82644667368984,-21.16224874381782
2249.7479111862476,-22.114896316139685,14.899986512802144 2244.2270989303784,6.695609391622888,-37.440011508772365
2244.2270989303784,6.695609391622888,-37.440011508772365 2269.145668611098,-3.534320280579351,16.173544836325057
2244.2270989303784,6.695609391622888,-37.440011508772365 2198.5779958597473,22.81754249953727,-72.88352518491375
2244.2270989303784,6.695609391622888,-37.440011508772365 2240.459993719174,35.36277594013314,15.13376979339089
2254.2586517968375,-31.344998131136315,-44.213958031854744 2257.912988421854,11.103051228941652,-86.4609570892487
2257.912988421854,11.103051228941652,-86.4609570892487 2215.44843262997,-28.849963708190245,-100.62139842528214
2215.44843262997,-28.849963708190245,-100.62139842528214 2233.3684607755995,8.854946157462585,-57.526011627124326
2233.3684607755995,8.854946157462585,-57.526011627124326 2193.818469433631,50.955936578978765,-41.29934251798145
2257.912988421854,11.103051228941652,-86.4609570892487 2268.1568802956817,67.41378645188229,-104.46550590140177
2268.1568802956817,67.41378645188229,-104.46550590140177 2270.8326539256377,44.69754891197866,-159.93453137969826
2254.2586517968375,-31.344998131136315,-44.213958031854744 2288.245031384097,-61.422797999333795,-4.967914184871006
2288.245031384097,-61.422797999333795,-4.967914184871006 2313.7971521793265,-111.78703795314946,15.29368636248131
2313.7971521793265,-111.78703795314946,15.29368636248131 2357.6830201480257,-94.00866418680337,52.14419543437875
2288.245031384097,-61.422797999333795,-4.967914184871006 2261.385760252662,-36.056110082635136,42.30904318787947
2261.385760252662,-36.056110082635136,42.30904318787947 2315.7877500325035,-15.354019073911463,27.75408060254383
2315.7877500325035,-15.354019073911463,27.75408060254383 2282.553848664263,-24.07917047105893,-21.43310810491262
2282.553848664263,-24.07917047105893,-21.43310810491262 2336.6981376666986,-47.08158039379744,-33.235019228414245
2261.385760252662,-36.056110082635136,42.30904318787947 2289.749636185306,8.51556457628272,70.74944332882588
2261.385760252662,-36.056110082635136,42.30904318787947 2277.44132574491,20.091398645483274,28.536749248596834
2261.385760252662,-36.056110082635136,42.30904318787947 2261.2539748440295,-83.57229905108193,5.673071540863916
2261.2539748440295,-83.57229905108193,5.673071540863916 2261.652172853985,-142.13924000875542,18.70207246976301
2261.2539748440295,-83.57229905108193,5.673071540863916 2289.163991058803,-53.86843655792495,49.703873803356274
2261.385760252662,-36.056110082635136,42.30904318787947 2241.5255565471357,-65.31309046544357,-6.163644045808887
2241.5255565471357,-65.31309046544357,-6.163644045808887 2262.35804714364,-91.287140136049,-56.077129991547984
2261.385760252662,-36.056110082635136,42.30904318787947 2297.3407268303285,6.8776101878165505,20.76986859511766
2261.385760252662,-36.056110082635136,42.30904318787947 2320.1016237988515,-47.832376877427265,46.01942165955726
2261.385760252662,-36.056110082635136,42.30904318787947 2263.796071423173,-50.387892300908156,-15.904275034923309
2261.385760252662,-36.056110082635136,42.30904318787947 2296.8142732021465,-63.32067952642981,2.2907508301002295
2261.385760252662,-36.056110082635136,42.30904318787947 2257.0410261150623,11.264917410128845,5.67785917340008
2261.385760252662,-36.056110082635136,42.30904318787947 2295.1188930106764,-26.5363857000322,91.00658524093835
2288.245031384097,-61.422797999333795,-4.967914184871006 2346.7927863611408,-50.28419388357999,1.9669171397210015
2288.245031384097,-61.422797999333795,-4.967914184871006 2319.450423232557,-14.537920831111045,-25.65684389388934
2288.245031384097,-61.422797999333795,-4.967914184871006 2272.8852944823943,-71.06352389289312,52.22592190395704
2272.8852944823943,-71.06352389289312,52.22592190395704 2283.4795640291313,-54.99766900956689,-4.604085659292338
2272.8852944823943,-71.06352389289312,52.22592190395704 2292.5127843498467,-45.93231310729027,1.4008898237639755
2292.5127843498467,-45.93231310729027,1.4008898237639755 2275.672130994599,7.592579496742914,-19.847128114271978
2272.8852944823943,-71.06352389289312,52.22592190395704 2247.3834508209234,-87.55124971369595,0.4783531965874914
2272.8852944823943,-71.06352389289312,52.22592190395704 2267.8200400554592,-51.90486862056712,-4.407011321742893
2272.8852944823943,-71.06352389289312,52.22592190395704 2301.7614154142216,-99.49312002502488,96.4743987556451
2301.7614154142216,-99.49312002502488,96.4743987556451 2357.2295858701536,-116.64098627437312,81.33396450275407
2301.7614154142216,-99.49312002502488,96.4743987556451 2344.833497672794,-139.83475558838114,85.64166272156149
2344.833497672794,-139.83475558838114,85.64166272156149 2317.196658756977,-176.91559482213287,123.86752433986697
2317.196658756977,-176.91559482213287,123.86752433986697 2289.508370767834,-195.56396241338746,74.0117614391577
2317.196658756977,-176.91559482213287,123.86752433986697 2314.2370858782238,-127.48952334056865,89.98088410695729
2317.196658756977,-176.91559482213287,123.86752433986697 2346.4028610005776,-228.90596947544563,117.23437320981736
2317.196658756977,-176.91559482213287,123.86752433986697 2352.8112552743664,-140.68735338865508,155.79110555409147
2317.196658756977,-176.91559482213287,123.86752433986697 2332.3504088215213,-226.08475905125556,93.00075988372613
2317.196658756977,-176.91559482213287,123.86752433986697 2376.8573166831247,-176.30214401746701,117.52484557380734
2317.196658756977,-176.91559482213287,123.86752433986697 2312.4189784048804,-211.14805660384334,74.82354070459401
2317.196658756977,-176.91559482213287,123.86752433986697 2278.2818354377787,-193.87464023081148,81.46437227705468
2278.2818354377787,-193.87464023081148,81.46437227705468 2290.536107564287,-137.0780239115503,96.43023975382063
2278.2818354377787,-193.87464023081148,81.46437227705468 2311.0823474343524,-228.68537243169533,117.69059670634022
2311.0823474343524,-228.68537243169533,117.69059670634022 2357.7132511910017,-211.69644243564352,151.40906453077355
2311.0823474343524,-228.68537243169533,117.69059670634022 2302.7949115625547,-263.8675418548329,69.79974829714533
2302.7949115625547,-263.8675418548329,69.79974829714533 2276.0269342451475,-243.1341561459377,20.26590019929462
2276.0269342451475,-243.1341561459377,20.26590019929462 2263.4021167231854,-280.22941259585747,65.70328493314395
2263.4021167231854,-280.22941259585747,65.70328493314395 2250.7772992012233,-317.3246690457772,111.14066966699326
2311.0823474343524,-228.68537243169533,117.69059670634022 2355.4171998358815,-191.74531830494806,134.11780777966592
2311.0823474343524,-228.68537243169533,117.69059670634022 2316.3040649506734,-241.07772396763042,59.21698479815078
2311.0823474343524,-228.68537243169533,117.69059670634022 2332.7898541693844,-260.7688259955431,71.8709921820216
2278.2818354377787,-193.87464023081148,81.46437227705468 2309.5401161040586,-244.77143320365383,87.15966461965704
2278.2818354377787,-193.87464023081148,81.46437227705468 2300.742814993318,-157.71170786399188,39.18261829216813
2278.2818354377787,-193.87464023081148,81.46437227705468 2318.57185359216,-207.99266690897193,39.30520056040001
2278.2818354377787,-193.87464023081148,81.46437227705468 2308.0871854540196,-176.0509237830475,32.53630014663991
2278.2818354377787,-193.87464023081148,81.46437227705468 2317.795736882909,-153.80104148612708,102.26721526147773
2317.196658756977,-176.91559482213287,123.86752433986697 2329.7606585324475,-118.93630188011551,114.89269845934352
2317.196658756977,-176.91559482213287,123.86752433986697 2333.4160463775315,-207.14239727900653,74.64078487392905
2344.833497672794,-139.83475558838114,85.64166272156149 2332.575509823095,-183.27494397632188,46.11076636571261
2344.833497672794,-139.83475558838114,85.64166272156149 2369.90335377566,-125.32995910831391,138.18795844308121
2344.833497672794,-139.83475558838114,85.64166272156149 2325.448918933132,-98.26009835668171,124.31705519730177
2344.833497672794,-139.83475558838114,85.64166272156149 2308.9850255307642,-167.00436487422104,45.93398869830819
2344.833497672794,-139.83475558838114,85.64166272156149 2315.8200898118507,-90.85273420325922,104.58852909365658
2344.833497672794,-139.83475558838114,85.64166272156149 2344.981710782151,-114.08686945540185,31.447342054564032
2344.833497672794,-139.83475558838114,85.64166272156149 2403.6544189639867,-141.3599590834146,73.90398949583096
2301.7614154142216,-99.49312002502488,96.4743987556451 2318.0578129383066,-104.054588047579,38.91034367596701
2301.7614154142216,-99.49312002502488,96.4743987556451 2271.5324640597883,-124.63620606550319,51.15292785748886
2271.5324640597883,-124.63620606550319,51.15292785748886 2314.5510165917644,-123.30041322937636,9.348385095337385
2314.5510165917644,-123.30041322937636,9.348385095337385 2346.704853206805,-99.78329076353,54.21569771666169
2271.5324640597883,-124.63620606550319,51.15292785748886 2306.8656992624806,-166.25141069162396,26.25840568819784
2306.8656992624806,-166.25141069162396,26.25840568819784 2328.0536130635915,-120.67393947141565,59.026781081674045
2271.5324640597883,-124.63620606550319,51.15292785748886 2318.838281468706,-91.40722687185372,67.21513757539904
2271.5324640597883,-124.63620606550319,51.15292785748886 2328.727796519969,-138.344285817356,39.287747947929034
2271.5324640597883,-124.63620606550319,51.15292785748886 2297.1965093038853,-93.77887755077708,95.75317515100973
2297.1965093038853,-93.77887755077708,95.75317515100973 2325.4151906475972,-78.65467898648191,146.49728457279213
2325.4151906475972,-78.65467898648191,146.49728457279213 2376.416539806129,-89.59758411848794,116.84740748566992
2325.4151906475972,-78.65467898648191,146.49728457279213 2347.601885429064,-109.87224282231055,100.31055181510519
2297.1965093038853,-93.77887755077708,95.75317515100973 2336.203016643146,-105.42925041188772,139.82993997545327
2301.7614154142216,-99.49312002502488,96.4743987556451 2311.1190907585683,-58.873753276955405,53.3176964124906
2288.245031384097,-61.422797999333795,-4.967914184871006 2326.1124727562224,-15.097747523685342,-9.445255176715822
2326.1124727562224,-15.097747523685342,-9.445255176715822 2376.2621197718377,12.985999291372242,7.768578476393181
2288.245031384097,-61.422797999333795,-4.967914184871006 2317.5713895685694,-27.802418004804693,-45.088167980921384
2254.2586517968375,-31.344998131136315,-44.213958031854744 2289.765839100592,-5.833863378796881,-85.30436632167441
2289.765839100592,-5.833863378796881,-85.30436632167441 2250.6864328869615,-26.086447697350646,-44.52897130936436
2250.6864328869615,-26.086447697350646,-44.52897130936436 2214.461915581892,-68.27010206290163,-67.07500533715795
2254.2586517968375,-31.344998131136315,-44.213958031854744 2237.8999255098515,-31.43864618687928,-101.94075687181403
2237.8999255098515,-31.43864618687928,-101.94075687181403 2240.606521248853,-16.27304771417814,-159.92936749899172
2254.2586517968375,-31.344998131136315,-44.213958031854744 2312.734964025225,-35.66509962035567,-31.491629970883707
2312.734964025225,-35.66509962035567,-31.491629970883707 2366.449629083287,-36.81977668065735,-58.20120650415387
2312.734964025225,-35.66509962035567,-31.491629970883707 2340.1223508063063,10.109219133469367,-4.020867551054838
2340.1223508063063,10.109219133469367,-4.020867551054838 2319.030375415064,-42.19149223065854,-24.50901448779429
2254.2586517968375,-31.344998131136315,-44.213958031854744 2221.622050850325,-77.27519550647395,-64.83601534242995
2254.2586517968375,-31.344998131136315,-44.213958031854744 2292.2431511767777,14.354485504926537,-35.923300503494545
2292.2431511767777,14.354485504926537,-35.923300503494545 2352.2145239399365,16.200346215902545,-35.758233432518026
2254.2586517968375,-31.344998131136315,-44.213958031854744 2292.8630798620675,-9.14246970088929,-4.005179574152876
2254.2586517968375,-31.344998131136315,-44.213958031854744 2301.5424788177447,-58.93915459881719,-68.76598913101343
2301.5424788177447,-58.93915459881719,-68.76598913101343 2309.4545449280395,-87.76817298924766,-16.744004273546246
2309.4545449280395,-87.76817298924766,-16.744004273546246 2294.887754228408,-112.79277151048348,35.806714822999815
2280.0,0.0,0.0 2303.6344432711503,51.341837416809454,-20.13526314525534
2280.0,0.0,0.0 2322.5518699925574,32.25423448449553,-27.367914022732343
2280.0,0.0,0.0 2246.907128558918,31.823502905866203,-38.62805356970962
2246.907128558918,31.823502905866203,-38.62805356970962 2301.902962182639,43.79086410494038,-17.837657951470423
2246.907128558918,31.823502905866203,-38.62805356970962 2290.670886226586,5.924321957037655,-70.47088543161361
2246.907128558918,31.823502905866203,-38.62805356970962 2279.203942744104,49.17665946368902,8.867038292158014
2279.203942744104,49.17665946368902,8.867038292158014 2246.8546707048754,98.43678453941729,-2.4008220218310115
