起始树
1200.0,0.0,280.0 1258.6140010437757,0.0,267.17818727167406
1258.6140010437757,0.0,267.17818727167406 1317.2280020875514,0.0,254.35637454334812
1317.2280020875514,0.0,254.35637454334812 1375.8420031313271,0.0,241.5345618150222
1375.8420031313271,0.0,241.5345618150222 1434.4560041751029,0.0,228.71274908669625
1434.4560041751029,0.0,228.71274908669625 1493.0700052188786,0.0,215.8909363583703
1493.0700052188786,0.0,215.8909363583703 1551.6840062626543,0.0,203.06912363004437
1551.6840062626543,0.0,203.06912363004437 1611.4565481502318,0.0,197.84961826096918
1611.4565481502318,0.0,197.84961826096918 1653.5761780440573,0.0,240.58059973351635
1653.5761780440573,0.0,240.58059973351635 1711.184783801759,0.0,223.81013335199614
1711.184783801759,0.0,223.81013335199614 1768.7933895594608,0.0,207.03966697047593
1768.7933895594608,0.0,207.03966697047593 1788.1847902253267,-15.380573119565593,261.69688562208273
1788.1847902253267,-15.380573119565593,261.69688562208273 1844.2917436577454,-14.133192189527286,240.472988304489
1844.2917436577454,-14.133192189527286,240.472988304489 1881.229271936599,25.69650963289532,265.9526636828332
1881.229271936599,25.69650963289532,265.9526636828332 1851.4274006070132,51.90958121818437,310.94958961471576
1851.4274006070132,51.90958121818437,310.94958961471576 1884.170978563047,102.15209677549934,309.066046912758
1851.4274006070132,51.90958121818437,310.94958961471576 1818.067678628134,39.53887739669872,359.262058361955
1881.229271936599,25.69650963289532,265.9526636828332 1847.1866413922985,56.741511367146316,227.51690984679388
1847.1866413922985,56.741511367146316,227.51690984679388 1850.9165245213906,7.456636825409603,261.53292244745865
1850.9165245213906,7.456636825409603,261.53292244745865 1890.0590023745815,29.682040987564545,301.20530373899845
1881.229271936599,25.69650963289532,265.9526636828332 1834.8690906402744,48.407511851511806,235.37581020838428
1834.8690906402744,48.407511851511806,235.37581020838428 1814.0979503680135,89.63285878929486,197.04787650919454
1814.0979503680135,89.63285878929486,197.04787650919454 1790.1944329392868,120.66209349710772,242.49904203860666
1790.1944329392868,120.66209349710772,242.49904203860666 1846.0432434722825,110.89291400650288,222.8655631280848
1814.0979503680135,89.63285878929486,197.04787650919454 1825.7991466410463,146.21658586732624,213.21462744247805
1825.7991466410463,146.21658586732624,213.21462744247805 1801.5861065892843,135.96061793199402,267.1455444860553
1825.7991466410463,146.21658586732624,213.21462744247805 1774.5420636104263,115.11354694685039,210.90976104646094
1825.7991466410463,146.21658586732624,213.21462744247805 1866.590757833871,160.85658371941577,254.70818018485275
1825.7991466410463,146.21658586732624,213.21462744247805 1808.4115015108312,201.55563289453534,197.8764505317089
1808.4115015108312,201.55563289453534,197.8764505317089 1770.8877278642808,154.88753036110006,194.12750171220998
1808.4115015108312,201.55563289453534,197.8764505317089 1836.7258401401266,229.98296126808575,242.48794265568878
1808.4115015108312,201.55563289453534,197.8764505317089 1842.2157767289616,217.40511627713397,244.84521518952823
1808.4115015108312,201.55563289453534,197.8764505317089 1833.2553180140428,242.4547373789536,234.07103623077984
1833.2553180140428,242.4547373789536,234.07103623077984 1857.993489817737,270.56973845446925,187.1927942593208
1814.0979503680135,89.63285878929486,197.04787650919454 1845.4359305665166,128.0795408913509,230.80855826211047
1834.8690906402744,48.407511851511806,235.37581020838428 1797.895704603082,33.415448677808605,280.1888302666268
1834.8690906402744,48.407511851511806,235.37581020838428 1827.4497027777752,72.21581666308238,289.9479395945934
1881.229271936599,25.69650963289532,265.9526636828332 1856.8285832592692,78.4074374724204,280.99142953540263
1881.229271936599,25.69650963289532,265.9526636828332 1885.6323463907718,31.850889100621792,325.4735553824561
1881.229271936599,25.69650963289532,265.9526636828332 1863.5989697606187,-3.1647283557578625,315.5127422435654
1863.5989697606187,-3.1647283557578625,315.5127422435654 1875.5305726276777,-33.911709231064364,365.63519250366664
1875.5305726276777,-33.911709231064364,365.63519250366664 1913.4631362796185,6.419890789546251,388.7540734144924
1863.5989697606187,-3.1647283557578625,315.5127422435654 1873.499534239972,2.045849847345866,256.5650646151846
1881.229271936599,25.69650963289532,265.9526636828332 1875.2392324233324,64.62136399381096,311.21827026897114
1875.2392324233324,64.62136399381096,311.21827026897114 1834.1560654989328,57.02444950307152,268.15482538026873
1875.2392324233324,64.62136399381096,311.21827026897114 1914.4758375285594,45.747382444086526,269.9355663813001
1875.2392324233324,64.62136399381096,311.21827026897114 1920.3559666287097,101.90160056004122,324.43433080936137
1920.3559666287097,101.90160056004122,324.43433080936137 1871.3005200805608,95.48819816799987,290.4868502884235
1881.229271936599,25.69650963289532,265.9526636828332 1890.9430466006825,70.38042970692027,304.7983824764604
1890.9430466006825,70.38042970692027,304.7983824764604 1902.6535690980327,110.90458691778556,347.4675322827095
1902.6535690980327,110.90458691778556,347.4675322827095 1951.7465004681314,108.28343260802376,381.86249760577954
1951.7465004681314,108.28343260802376,381.86249760577954 1911.3082860621982,99.45195231935695,338.42569556453043
1951.7465004681314,108.28343260802376,381.86249760577954 1936.5857177585783,159.4302783302834,409.32430454372684
1936.5857177585783,159.4302783302834,409.32430454372684 1899.8234571670941,188.05797987182234,447.12630053140435
1951.7465004681314,108.28343260802376,381.86249760577954 1996.3582712651132,87.95623110010365,347.27066641380617
1902.6535690980327,110.90458691778556,347.4675322827095 1872.3283184804407,162.66927199910072,348.3600306930723
1902.6535690980327,110.90458691778556,347.4675322827095 1935.9544080674495,160.71385112982966,344.29084806992546
1935.9544080674495,160.71385112982966,344.29084806992546 1921.047262296664,138.70912721439782,398.082753877158
1902.6535690980327,110.90458691778556,347.4675322827095 1865.1428779574708,66.48813857383396,332.6308491403612
1865.1428779574708,66.48813857383396,332.6308491403612 1900.32472459412,36.32923412525088,294.5168340055511
1890.9430466006825,70.38042970692027,304.7983824764604 1880.3263575759204,97.08301262030824,252.1271571261314
1881.229271936599,25.69650963289532,265.9526636828332 1926.3217190536184,22.630584470753515,305.4149408079427
1926.3217190536184,22.630584470753515,305.4149408079427 1917.4035647410699,81.75862471008135,310.3486393307552
1917.4035647410699,81.75862471008135,310.3486393307552 1952.9732382554384,129.80975912554953,315.43654729649523
1926.3217190536184,22.630584470753515,305.4149408079427 1937.0227631952625,-15.053773154903364,350.86135809929993
1937.0227631952625,-15.053773154903364,350.86135809929993 1907.7929108813312,30.42434809939714,324.8352899966284
1926.3217190536184,22.630584470753515,305.4149408079427 1880.5692496821082,39.33420967391704,340.4534974488955
1926.3217190536184,22.630584470753515,305.4149408079427 1943.6043667082063,-21.76617064356626,341.88737183970267
1943.6043667082063,-21.76617064356626,341.88737183970267 1934.0323369218384,-65.38906103830715,301.8196831195218
1926.3217190536184,22.630584470753515,305.4149408079427 1975.2242674766665,43.389756258495126,333.30037687084956
1975.2242674766665,43.389756258495126,333.30037687084956 1938.8240580571496,7.097814713288912,364.25065527177264
1938.8240580571496,7.097814713288912,364.25065527177264 1962.8394965696093,-4.951711753789368,417.8982798694512
1938.8240580571496,7.097814713288912,364.25065527177264 1957.5038878941716,-48.22517799161555,350.4510018184069
1975.2242674766665,43.389756258495126,333.30037687084956 2001.053654605005,80.55134081240472,372.69402349079377
2001.053654605005,80.55134081240472,372.69402349079377 2006.0153035684966,23.03627200624674,356.3416872728096
1975.2242674766665,43.389756258495126,333.30037687084956 1936.5052546742204,68.59533067657343,371.58244925282406
1975.2242674766665,43.389756258495126,333.30037687084956 1930.0393241668864,52.95313177913005,371.60002108255594
1930.0393241668864,52.95313177913005,371.60002108255594 1973.0122755136017,74.59665403172795,407.44529130129104
1930.0393241668864,52.95313177913005,371.60002108255594 1897.9875933161459,64.95677878865543,420.8808389323279
1975.2242674766665,43.389756258495126,333.30037687084956 1938.3711541440998,89.99868828271345,324.9663806350214
1975.2242674766665,43.389756258495126,333.30037687084956 1934.5570203425273,27.179791126868114,374.3297814602692
1975.2242674766665,43.389756258495126,333.30037687084956 1930.3841107066303,12.413625358971107,308.2037704202926
1930.3841107066303,12.413625358971107,308.2037704202926 1972.5536943111163,-22.378155454110793,332.92740701523434
1975.2242674766665,43.389756258495126,333.30037687084956 1937.33860406578,-0.1501291796648161,349.70022089294076
1937.33860406578,-0.1501291796648161,349.70022089294076 1929.3577847785139,49.709052697700386,382.10961005756127
1975.2242674766665,43.389756258495126,333.30037687084956 1935.2350280497806,40.65963335586177,288.65278836938944
1935.2350280497806,40.65963335586177,288.65278836938944 1908.2503753769788,18.87108138199039,337.6128488576094
1935.2350280497806,40.65963335586177,288.65278836938944 1907.291316896162,17.12567127721502,336.24797337632003
1975.2242674766665,43.389756258495126,333.30037687084956 1953.1161007632206,82.33094765039081,373.23548144752795
1953.1161007632206,82.33094765039081,373.23548144752795 1936.3723715266415,121.300241598305,415.67416262935996
1975.2242674766665,43.389756258495126,333.30037687084956 1934.6737540747292,52.824469910566286,290.0957238674666
1975.2242674766665,43.389756258495126,333.30037687084956 1952.8474403387297,86.24777764697673,368.83159708495634
1975.2242674766665,43.389756258495126,333.30037687084956 1929.3821933391914,14.989685867630424,359.605133865891
1929.3821933391914,14.989685867630424,359.605133865891 1930.6079467030838,74.78762230700015,354.84022817070615
1975.2242674766665,43.389756258495126,333.30037687084956 1942.3024247954625,7.651518825486754,298.10193003500217
1942.3024247954625,7.651518825486754,298.10193003500217 1982.6112804413851,27.34830100187239,337.9420220079405
1926.3217190536184,22.630584470753515,305.4149408079427 1905.3827900752199,-23.35651420462099,337.7684260708777
1926.3217190536184,22.630584470753515,305.4149408079427 1919.9683738316699,62.43214386315098,349.8612103299644
1919.9683738316699,62.43214386315098,349.8612103299644 1873.0934831039776,93.79332612767554,329.3863265393737
1873.0934831039776,93.79332612767554,329.3863265393737 1911.8742509914623,137.66609675509375,316.3007604633118
1926.3217190536184,22.630584470753515,305.4149408079427 1868.9810270410126,11.107861843404331,318.80418659583756
1926.3217190536184,22.630584470753515,305.4149408079427 1966.4601401347054,-2.4991362164593127,342.257908811349
1966.4601401347054,-2.4991362164593127,342.257908811349 1941.265485329096,-8.119101469813218,396.42104535067136
1941.265485329096,-8.119101469813218,396.42104535067136 1963.679878423521,29.312653630436053,437.60913455524064
1966.4601401347054,-2.4991362164593127,342.257908811349 1927.8045336766147,-38.67876112552337,314.03063776371414
1926.3217190536184,22.630584470753515,305.4149408079427 1969.7097818274192,-13.505586842907189,325.7041776473727
1926.3217190536184,22.630584470753515,305.4149408079427 1975.8291214024464,2.5871292571115028,332.75130881413537
1975.8291214024464,2.5871292571115028,332.75130881413537 1939.8241173088795,5.4209881711940575,284.8387955855715
1975.8291214024464,2.5871292571115028,332.75130881413537 2021.8638145724362,16.108297761603623,368.7788680850326
2021.8638145724362,16.108297761603623,368.7788680850326 1975.5850736862324,45.35130707942787,344.2202739065125
1975.5850736862324,45.35130707942787,344.2202739065125 1994.9546156963688,64.99373548464861,397.50250216944585
1975.5850736862324,45.35130707942787,344.2202739065125 1948.7359534790387,98.67882107935141,338.278809887634
2021.8638145724362,16.108297761603623,368.7788680850326 1979.6692388941183,-22.05514249233103,349.7218585790516
2021.8638145724362,16.108297761603623,368.7788680850326 2002.281074797145,-26.037288228366037,406.7297031806574
2021.8638145724362,16.108297761603623,368.7788680850326 1978.6398378872098,-3.535968363761935,405.46388747865984
1978.6398378872098,-3.535968363761935,405.46388747865984 2007.8066857540496,-27.504605802856435,452.09863208850896
1978.6398378872098,-3.535968363761935,405.46388747865984 1939.3250625086207,41.78763470411141,405.80949112006147
1939.3250625086207,41.78763470411141,405.80949112006147 1916.0835668918687,-2.54653560623003,438.88991167951235
1978.6398378872098,-3.535968363761935,405.46388747865984 1929.0174813557687,-7.2865764772168085,371.94442043269044
2021.8638145724362,16.108297761603623,368.7788680850326 1998.60539442471,13.067672191032752,424.00386684801526
2021.8638145724362,16.108297761603623,368.7788680850326 1992.74958985073,44.157874949338314,413.1137656088039
2021.8638145724362,16.108297761603623,368.7788680850326 1977.369489186593,46.66631322409719,394.97930127711396
1977.369489186593,46.66631322409719,394.97930127711396 2008.9362204548943,73.46744349330132,438.39866208917573
2021.8638145724362,16.108297761603623,368.7788680850326 1999.1665679885875,-38.55563898635682,358.94581074120765
2021.8638145724362,16.108297761603623,368.7788680850326 2024.2365667865113,13.778421573880799,428.6866449080836
2021.8638145724362,16.108297761603623,368.7788680850326 1980.4582740554672,-7.672048771522345,332.44601334910413
2021.8638145724362,16.108297761603623,368.7788680850326 1982.3376283431887,34.13338920924814,327.3931618511783
2021.8638145724362,16.108297761603623,368.7788680850326 2029.3320720173647,65.05215833310686,402.6716939202078
2021.8638145724362,16.108297761603623,368.7788680850326 2055.395778058514,2.8869586309817965,416.74556086618463
2021.8638145724362,16.108297761603623,368.7788680850326 2016.167208896629,72.70053778212173,387.8803615668112
2021.8638145724362,16.108297761603623,368.7788680850326 2023.5831833787174,-19.599112353241466,416.96625890253017
2021.8638145724362,16.108297761603623,368.7788680850326 1977.5777398073424,27.555964313214034,407.60791021104524
2021.8638145724362,16.108297761603623,368.7788680850326 1992.0677191409027,-32.88854467397317,351.12944519423513
2021.8638145724362,16.108297761603623,368.7788680850326 1971.5564040845074,26.20314777384305,337.67808910396167
2021.8638145724362,16.108297761603623,368.7788680850326 1962.8031925755538,5.9488845266555845,365.8413092238483
2021.8638145724362,16.108297761603623,368.7788680850326 1981.2003231036965,60.180966633519816,366.7588878677651
1981.2003231036965,60.180966633519816,366.7588878677651 2018.865589026164,91.50006183588947,401.40628342204496
2021.8638145724362,16.108297761603623,368.7788680850326 1981.0379519528701,-27.690350919795613,364.9152797203546
2021.8638145724362,16.108297761603623,368.7788680850326 1990.9117209940378,-0.9679948434458865,417.2594635225971
2021.8638145724362,16.108297761603623,368.7788680850326 2006.0038833769786,-36.57963438256053,392.7046781830691
2021.8638145724362,16.108297761603623,368.7788680850326 1998.9036620321676,55.63269419244697,407.64599406709016
1998.9036620321676,55.63269419244697,407.64599406709016 1939.8744651054303,45.03345308996113,405.85434727270183
1998.9036620321676,55.63269419244697,407.64599406709016 1957.6278085794856,87.04893290917488,437.8009914414273
2021.8638145724362,16.108297761603623,368.7788680850326 1996.6152990383346,70.14025364395192,375.340895732962
2021.8638145724362,16.108297761603623,368.7788680850326 1966.487830438537,23.095658167725453,390.7942530636586
2021.8638145724362,16.108297761603623,368.7788680850326 1982.5505129963606,10.497097974142239,323.80133195716417
1982.5505129963606,10.497097974142239,323.80133195716417 1985.2212939688154,49.926940705784475,368.94725570621523
2021.8638145724362,16.108297761603623,368.7788680850326 1992.1871381671515,-35.89750117146484,364.94588558190674
1992.1871381671515,-35.89750117146484,364.94588558190674 1956.9316657875897,3.556193209302293,393.238246158624
1992.1871381671515,-35.89750117146484,364.94588558190674 1949.8549039687093,-25.116884166761526,323.8148724073429
2021.8638145724362,16.108297761603623,368.7788680850326 2024.2668257163054,-28.840719347085788,408.4501599521396
2021.8638145724362,16.108297761603623,368.7788680850326 1979.135868625845,-25.871959339528424,372.24017548369443
2021.8638145724362,16.108297761603623,368.7788680850326 1980.9451179033808,-25.73116524869301,355.54559192544684
1980.9451179033808,-25.73116524869301,355.54559192544684 2018.253124729121,18.116451473937538,372.44231156080224
2018.253124729121,18.116451473937538,372.44231156080224 2038.7799423729223,-34.26436235876596,393.29657011011983
2021.8638145724362,16.108297761603623,368.7788680850326 2035.3447400054151,67.04261692987512,397.4835677060897
2021.8638145724362,16.108297761603623,368.7788680850326 2012.668329836322,-40.616703389676424,386.0333545988403
2021.8638145724362,16.108297761603623,368.7788680850326 1975.6578160743506,-18.677782312988043,384.7455313506936
2021.8638145724362,16.108297761603623,368.7788680850326 2045.932602539535,-19.622342169889095,410.5402715082996
2021.8638145724362,16.108297761603623,368.7788680850326 2004.586891701139,72.64342246234946,379.0398432419248
2021.8638145724362,16.108297761603623,368.7788680850326 2014.0374031754836,-31.071003547360057,405.0122892958936
2021.8638145724362,16.108297761603623,368.7788680850326 2025.5033517686388,60.21774261364696,409.28949192424307
2021.8638145724362,16.108297761603623,368.7788680850326 1982.4433312931812,-23.198104200436475,346.39511811259706
2021.8638145724362,16.108297761603623,368.7788680850326 2006.0366506219398,46.82279553034552,417.83109033946323
2006.0366506219398,46.82279553034552,417.83109033946323 2039.3611589412023,96.54971734219946,421.91892502266245
2021.8638145724362,16.108297761603623,368.7788680850326 2053.9146033019288,-1.0307730757495932,416.51773267825075
2021.8638145724362,16.108297761603623,368.7788680850326 2032.5848217643077,0.7718006589279067,425.78634006381327
2021.8638145724362,16.108297761603623,368.7788680850326 1997.4236425808622,-35.06710977531846,388.3685504829741
2021.8638145724362,16.108297761603623,368.7788680850326 1978.7339267382326,-7.425981172306205,403.2164999790805
2021.8638145724362,16.108297761603623,368.7788680850326 2018.55241927476,57.971225996592004,411.63362162270613
2021.8638145724362,16.108297761603623,368.7788680850326 2028.5928508798331,55.628948150233455,413.4200851745501
2021.8638145724362,16.108297761603623,368.7788680850326 1986.792611586263,52.08570291732273,401.57577402696364
2021.8638145724362,16.108297761603623,368.7788680850326 1991.5968782947937,-2.0047772768111756,417.3157518026537
2021.8638145724362,16.108297761603623,368.7788680850326 1980.8451911552265,54.67275724229942,389.5214570728832
2021.8638145724362,16.108297761603623,368.7788680850326 1987.8307597771297,-15.183510447987448,330.5352552814045
2021.8638145724362,16.108297761603623,368.7788680850326 1964.8485313418626,31.566850176770288,358.276933245918
2021.8638145724362,16.108297761603623,368.7788680850326 1977.5999428447567,49.6783317749828,391.4451972103255
2021.8638145724362,16.108297761603623,368.7788680850326 2018.5419473458232,-6.2817240884926235,424.34551383300783
2021.8638145724362,16.108297761603623,368.7788680850326 1970.3700096510754,42.5575717610809,384.55302288398843
2021.8638145724362,16.108297761603623,368.7788680850326 2045.2391207285518,58.60938638890682,404.09533064291037
2021.8638145724362,16.108297761603623,368.7788680850326 2012.0958024745596,2.6786499745543466,426.435008260833
2021.8638145724362,16.108297761603623,368.7788680850326 1975.8279595621975,-22.246326370486514,371.8809417724837
2021.8638145724362,16.108297761603623,368.7788680850326 1973.8676595042573,-19.489062072143753,374.1822995445799
1973.8676595042573,-19.489062072143753,374.1822995445799 2004.1870857544536,-67.97717086555534,392.3381718039121
2021.8638145724362,16.108297761603623,368.7788680850326 1997.8309391433909,-38.31808061504412,361.0206314674788
2021.8638145724362,16.108297761603623,368.7788680850326 1975.3328879278422,-17.294157427174795,386.64360578131755
2021.8638145724362,16.108297761603623,368.7788680850326 1983.9163750244154,-30.35205261911154,369.9737213189038
2021.8638145724362,16.108297761603623,368.7788680850326 1999.9693882984468,-5.014270455795309,420.4941579907671
2021.8638145724362,16.108297761603623,368.7788680850326 1966.5391756158442,10.837110499911763,391.39299882611823
2021.8638145724362,16.108297761603623,368.7788680850326 1976.0879420955275,16.631518105231375,329.9936165137226
1976.0879420955275,16.631518105231375,329.9936165137226 1925.4600587657724,8.387385954490178,298.86723357850474
2021.8638145724362,16.108297761603623,368.7788680850326 2019.056091535656,55.77759069068127,413.7061859423871
2021.8638145724362,16.108297761603623,368.7788680850326 1977.867792684804,26.3755166934279,329.29552636388416
2021.8638145724362,16.108297761603623,368.7788680850326 1974.5084212520503,-17.237039384725463,353.1086666163473
2021.8638145724362,16.108297761603623,368.7788680850326 1973.089202146832,-14.38116358780885,385.85018699584816
2021.8638145724362,16.108297761603623,368.7788680850326 2047.3543950178555,-15.232335270801336,413.14095809084426
2021.8638145724362,16.108297761603623,368.7788680850326 1985.8848767206152,-31.907417060148482,368.6942441465052
2021.8638145724362,16.108297761603623,368.7788680850326 2001.7788453044031,35.15392208196437,422.0128628980264
2021.8638145724362,16.108297761603623,368.7788680850326 1986.7545799722623,-21.379004919003208,399.79569873425453
2021.8638145724362,16.108297761603623,368.7788680850326 2037.4499717255358,53.424146557982375,413.10266681443625
2021.8638145724362,16.108297761603623,368.7788680850326 2037.4901824999365,-18.07397032710191,415.5484006217841
2021.8638145724362,16.108297761603623,368.7788680850326 2043.0665971329126,57.90428551085902,406.24268289021836
2021.8638145724362,16.108297761603623,368.7788680850326 1977.925137220224,55.109668318779455,356.60160537126706
2021.8638145724362,16.108297761603623,368.7788680850326 1975.980460193204,28.629139452731188,405.3568165547802
2021.8638145724362,16.108297761603623,368.7788680850326 1977.2595372514731,33.2487544013174,405.0647219520247
2021.8638145724362,16.108297761603623,368.7788680850326 2029.7575516670172,38.34724568238245,423.94333228127516
2021.8638145724362,16.108297761603623,368.7788680850326 1996.74523211398,70.26126173351176,374.821492377089
1996.74523211398,70.26126173351176,374.821492377089 1995.1672424794676,17.755480737193338,403.81550746089584
2021.8638145724362,16.108297761603623,368.7788680850326 1979.2521875198152,17.45657789306573,326.5600170749041
1979.2521875198152,17.45657789306573,326.5600170749041 1947.7841775364202,-4.060727072223475,372.89326577079953
2021.8638145724362,16.108297761603623,368.7788680850326 2002.0997461521458,-18.408395941681945,413.7007943045487
2021.8638145724362,16.108297761603623,368.7788680850326 2006.8913936207641,-40.871221306369435,357.4139651981432
2021.8638145724362,16.108297761603623,368.7788680850326 1986.2043550696067,-11.706130178788989,329.3484160674008
2021.8638145724362,16.108297761603623,368.7788680850326 2024.9208602872106,48.78606857160001,419.0065274609893
2021.8638145724362,16.108297761603623,368.7788680850326 2043.2118530669748,-12.406885791164722,417.06080631650417
2021.8638145724362,16.108297761603623,368.7788680850326 1981.8351913955225,13.881063031579401,413.419082600848
2021.8638145724362,16.108297761603623,368.7788680850326 2003.6839624641668,71.11827822878513,353.1777454869065
2021.8638145724362,16.108297761603623,368.7788680850326 1975.6317552812557,48.451535045221114,348.37024991249655
2021.8638145724362,16.108297761603623,368.7788680850326 1977.0802570469957,-9.347775317040398,399.5428294486199
2021.8638145724362,16.108297761603623,368.7788680850326 2043.3358479646934,41.23998697549494,418.85231393468604
2021.8638145724362,16.108297761603623,368.7788680850326 2011.302384492026,24.460344661731646,427.2485141181212
2021.8638145724362,16.108297761603623,368.7788680850326 1973.6866909235641,17.171186586721902,333.03204970539593
2021.8638145724362,16.108297761603623,368.7788680850326 1971.858362644763,45.62886563435837,353.6795022049949
2021.8638145724362,16.108297761603623,368.7788680850326 1986.7597508913896,60.99327787694657,387.56831387574965
2021.8638145724362,16.108297761603623,368.7788680850326 2029.1535714892916,54.38958560766903,414.40125781792415
2021.8638145724362,16.108297761603623,368.7788680850326 2037.2001909514008,21.257850634986763,426.5566983036118
2021.8638145724362,16.108297761603623,368.7788680850326 1995.9988994259686,-22.346877071017573,406.8866847773934
2021.8638145724362,16.108297761603623,368.7788680850326 2016.4451210459324,47.45711794769399,419.650168770252
2021.8638145724362,16.108297761603623,368.7788680850326 1978.7540212883969,56.584307806184086,358.6182414371128
2021.8638145724362,16.108297761603623,368.7788680850326 2021.2273342469903,-38.477793069437595,393.6777351391907
2021.8638145724362,16.108297761603623,368.7788680850326 1972.4383625437117,48.25871928659391,379.8908025485583
2021.8638145724362,16.108297761603623,368.7788680850326 1984.6823730901544,-28.60701739534936,354.01130228311325
2021.8638145724362,16.108297761603623,368.7788680850326 2011.206339426383,67.54107532011565,397.7803786685846
1975.8291214024464,2.5871292571115028,332.75130881413537 2013.170646959449,-19.033656317143784,374.44246015621036
1975.8291214024464,2.5871292571115028,332.75130881413537 1946.4031583494582,-44.53935683781053,355.40538144466456
1946.4031583494582,-44.53935683781053,355.40538144466456 1940.1796284266302,-93.15663368034673,320.7986181213507
1975.8291214024464,2.5871292571115028,332.75130881413537 1963.1824208807998,48.087803694899804,369.761437044421
1963.1824208807998,48.087803694899804,369.761437044421 1958.8625671024952,88.85627232201288,325.9519537202118
1975.8291214024464,2.5871292571115028,332.75130881413537 1964.664236820421,-55.04041995838061,320.32508961093095
1975.8291214024464,2.5871292571115028,332.75130881413537 1930.7091638502034,-15.295718141672907,297.4753510043808
1975.8291214024464,2.5871292571115028,332.75130881413537 1936.90280888251,-31.259401589093354,302.105680361171
1975.8291214024464,2.5871292571115028,332.75130881413537 1930.7269769491254,41.10772377829154,341.80450512519616
1975.8291214024464,2.5871292571115028,332.75130881413537 1934.756159710524,-5.548053306080874,289.77654153707624
1975.8291214024464,2.5871292571115028,332.75130881413537 1970.808480299038,44.30354903628185,375.5827631872805
1970.808480299038,44.30354903628185,375.5827631872805 1926.395699216605,5.222748655320736,365.5729720752061
1975.8291214024464,2.5871292571115028,332.75130881413537 1943.5400515698484,-15.910162411648336,379.8179229930461
1943.5400515698484,-15.910162411648336,379.8179229930461 1942.194418100856,-22.980701869543914,320.25118107827063
1975.8291214024464,2.5871292571115028,332.75130881413537 1932.6034660577495,22.071941707802612,295.9833226878479
1932.6034660577495,22.071941707802612,295.9833226878479 1944.6526182968628,-36.61472072270328,299.2534271336601
1975.8291214024464,2.5871292571115028,332.75130881413537 1931.0105534649038,-34.600067516812956,318.314953175495
1975.8291214024464,2.5871292571115028,332.75130881413537 1936.2401963338755,-8.395877690556565,289.02385096094486
1975.8291214024464,2.5871292571115028,332.75130881413537 1941.6266712734641,51.078066173436326,341.62945288547627
1941.6266712734641,51.078066173436326,341.62945288547627 1960.1852666218479,107.03635449148518,330.48277144169833
1960.1852666218479,107.03635449148518,330.48277144169833 1962.9188990675952,139.30833674042893,380.9906561269177
1975.8291214024464,2.5871292571115028,332.75130881413537 1948.7977156120576,-39.02429154456844,366.48249260392913
1975.8291214024464,2.5871292571115028,332.75130881413537 1989.9498555085424,-33.606052715165006,378.4750274624104
1975.8291214024464,2.5871292571115028,332.75130881413537 1981.4793483802864,39.85969691062162,379.4292547373805
1975.8291214024464,2.5871292571115028,332.75130881413537 1955.7528486929716,54.391579012847686,355.4061595000304
1975.8291214024464,2.5871292571115028,332.75130881413537 1926.542944241758,-9.784556398978117,364.6545082604628
1975.8291214024464,2.5871292571115028,332.75130881413537 1988.9867574511572,30.17565132979546,384.3822110283587
1975.8291214024464,2.5871292571115028,332.75130881413537 1977.585509241158,-45.134664085118374,369.07685825198325
1977.585509241158,-45.134664085118374,369.07685825198325 1973.4053346722617,-22.0030607121955,313.8730987244716
1975.8291214024464,2.5871292571115028,332.75130881413537 1969.181427837185,17.653684665862983,390.4471238996111
1975.8291214024464,2.5871292571115028,332.75130881413537 1994.1965711565733,-6.009217073781553,389.2202349531099
1975.8291214024464,2.5871292571115028,332.75130881413537 1959.2842956890217,53.34015673701313,305.3578982244196
1959.2842956890217,53.34015673701313,305.3578982244196 1934.001181439763,96.59954701299321,338.36379598238665
1975.8291214024464,2.5871292571115028,332.75130881413537 1963.4560764834357,35.614123450185716,381.29124509347946
1975.8291214024464,2.5871292571115028,332.75130881413537 1996.6835047110555,-16.951051290676386,385.508812524031
1975.8291214024464,2.5871292571115028,332.75130881413537 2009.2007494837453,31.178063074724196,373.60339496209536
1975.8291214024464,2.5871292571115028,332.75130881413537 2004.7639989222707,41.00931778537527,368.61923726855446
1975.8291214024464,2.5871292571115028,332.75130881413537 2005.658659013523,-43.4061101625296,357.14025330947857
1975.8291214024464,2.5871292571115028,332.75130881413537 1929.5117841050962,-8.28049030033328,369.3108371321833
1975.8291214024464,2.5871292571115028,332.75130881413537 1916.7800339839073,8.45700009678373,323.8771952604732
1975.8291214024464,2.5871292571115028,332.75130881413537 1931.5259140402532,-28.62782772942693,307.00539112314857
1931.5259140402532,-28.62782772942693,307.00539112314857 1902.8126994206539,6.473208583380757,346.29239350276237
1975.8291214024464,2.5871292571115028,332.75130881413537 1941.1930923564125,43.63264494923416,359.5022178358866
1975.8291214024464,2.5871292571115028,332.75130881413537 1923.3805609920164,-4.30888253669302,361.0637359833695
1975.8291214024464,2.5871292571115028,332.75130881413537 1948.196629009996,45.58755984951307,301.3282546492515
1975.8291214024464,2.5871292571115028,332.75130881413537 2019.2591101878259,8.282081255663805,373.7562304191817
1975.8291214024464,2.5871292571115028,332.75130881413537 1926.5621608249155,-6.75898741530847,365.6969716333523
1975.8291214024464,2.5871292571115028,332.75130881413537 1936.9864927367612,-38.116850158607576,311.90817425945727
1975.8291214024464,2.5871292571115028,332.75130881413537 1917.9742289468404,-12.37147660216851,338.1412559100703
1917.9742289468404,-12.37147660216851,338.1412559100703 1875.8894271888348,-41.42085654824898,306.75649869040024
1975.8291214024464,2.5871292571115028,332.75130881413537 1954.56138210137,-49.13366889961236,354.49164696819554
1975.8291214024464,2.5871292571115028,332.75130881413537 1942.7979901283857,-11.169510845270828,380.9145647241058
1975.8291214024464,2.5871292571115028,332.75130881413537 1979.4939195794768,12.961526332718881,391.73385826428427
1975.8291214024464,2.5871292571115028,332.75130881413537 1987.7494066479899,-32.81793105804422,379.70222471302986
1975.8291214024464,2.5871292571115028,332.75130881413537 1973.841832004993,-57.21438215467407,337.20438794175584
1975.8291214024464,2.5871292571115028,332.75130881413537 1917.1758493872558,-4.584800095235125,343.1607810042619
1975.8291214024464,2.5871292571115028,332.75130881413537 1937.986039930784,33.84575004173121,367.25927617491266
1975.8291214024464,2.5871292571115028,332.75130881413537 1964.0193535583323,61.30917648431105,329.2512298272161
1926.3217190536184,22.630584470753515,305.4149408079427 1909.8894577098383,62.583800572546,263.7769616272334
1909.8894577098383,62.583800572546,263.7769616272334 1855.2393783353814,74.04518344620773,241.8223373537713
1926.3217190536184,22.630584470753515,305.4149408079427 1925.225745975181,-36.20948760958149,317.10445579327563
1925.225745975181,-36.20948760958149,317.10445579327563 1962.215086596664,-19.564830089829943,361.31694335548025
1926.3217190536184,22.630584470753515,305.4149408079427 1887.104331355622,65.24247454448403,289.72343589320155
1926.3217190536184,22.630584470753515,305.4149408079427 1966.3100533807637,21.709791386731034,350.13725355937436
1926.3217190536184,22.630584470753515,305.4149408079427 1895.7716927773456,65.14988266723822,276.10956288174197
1895.7716927773456,65.14988266723822,276.10956288174197 1914.1326541853148,16.799483537306287,306.5252496264359
1895.7716927773456,65.14988266723822,276.10956288174197 1846.8538447831265,66.40312201763821,310.8294928751203
1926.3217190536184,22.630584470753515,305.4149408079427 1899.8178246917112,76.4378810236561,303.8923045017736
1926.3217190536184,22.630584470753515,305.4149408079427 1904.8783231126988,31.00062680720176,360.82363292214995
1926.3217190536184,22.630584470753515,305.4149408079427 1902.4769299131624,-4.126434671137925,353.534458235777
1926.3217190536184,22.630584470753515,305.4149408079427 1968.5986545671876,33.26782751826015,346.6400518924477
1926.3217190536184,22.630584470753515,305.4149408079427 1903.8435822007368,75.82776433375271,321.6874150588622
1926.3217190536184,22.630584470753515,305.4149408079427 1894.7506797589158,38.09778125646105,354.03628695800876
1926.3217190536184,22.630584470753515,305.4149408079427 1945.2454922155973,79.50290837885096,308.1406668775273
1926.3217190536184,22.630584470753515,305.4149408079427 1874.4430393630046,-2.0112952018959334,322.77525070602206
1926.3217190536184,22.630584470753515,305.4149408079427 1902.7334671083415,49.664073577289926,353.50636246391906
1926.3217190536184,22.630584470753515,305.4149408079427 1911.9198649104535,-28.041951083285472,276.6942037393426
1926.3217190536184,22.630584470753515,305.4149408079427 1954.6562978519473,-13.427126645164382,344.1059360575133
1926.3217190536184,22.630584470753515,305.4149408079427 1885.034671558823,-13.604728368268976,281.2823526205834
1885.034671558823,-13.604728368268976,281.2823526205834 1835.0542450890603,17.739143948985248,270.34989461424715
1926.3217190536184,22.630584470753515,305.4149408079427 1976.8023015395268,21.487493435194484,337.8248796349108
1926.3217190536184,22.630584470753515,305.4149408079427 1913.202455064603,65.24339942753082,345.5650704944827
1881.229271936599,25.69650963289532,265.9526636828332 1880.5342643793258,-14.432544049101274,310.5528432237585
1881.229271936599,25.69650963289532,265.9526636828332 1880.809725333447,-30.969352273494216,285.67077908602965
1880.809725333447,-30.969352273494216,285.67077908602965 1922.5077940886388,-18.903195082411184,327.091533699235
1881.229271936599,25.69650963289532,265.9526636828332 1830.8665399216043,-5.988794004550087,273.6751475700758
1881.229271936599,25.69650963289532,265.9526636828332 1840.990902581274,69.97480906925804,270.45886281827376
1840.990902581274,69.97480906925804,270.45886281827376 1871.8039762995313,97.96735032976115,313.6673356194764
1871.8039762995313,97.96735032976115,313.6673356194764 1830.7876838626098,61.407224563341146,289.56295928088406
1881.229271936599,25.69650963289532,265.9526636828332 1909.9950999279674,11.69973693898302,316.7130566494558
1909.9950999279674,11.69973693898302,316.7130566494558 1965.448119152322,1.0034051622419984,336.9751183763691
1881.229271936599,25.69650963289532,265.9526636828332 1844.3212096758275,26.69918789662486,218.6579538681567
1881.229271936599,25.69650963289532,265.9526636828332 1824.0832507928565,11.31527563689306,277.2448014871274
1844.2917436577454,-14.133192189527286,240.472988304489 1795.2287903744061,-25.348585329919125,273.13859057696084
1795.2287903744061,-25.348585329919125,273.13859057696084 1736.895575541316,-27.914744999056985,259.33095240857523
1844.2917436577454,-14.133192189527286,240.472988304489 1861.6771494941036,42.463469008301836,250.19747313214276
1844.2917436577454,-14.133192189527286,240.472988304489 1820.5320912756174,-51.827198049111836,280.6555820602191
1820.5320912756174,-51.827198049111836,280.6555820602191 1804.8063319514065,-105.18425807520399,303.14390434199447
1844.2917436577454,-14.133192189527286,240.472988304489 1811.2275798278954,-53.06413490863974,271.95540830731005
1844.2917436577454,-14.133192189527286,240.472988304489 1820.0789829768867,-47.898890838497934,283.7583185557227
1820.0789829768867,-47.898890838497934,283.7583185557227 1799.7282103478572,-41.04024347100966,339.78335768725736
1788.1847902253267,-15.380573119565593,261.69688562208273 1790.3092233136124,-63.288765346906445,297.75644609585385
1788.1847902253267,-15.380573119565593,261.69688562208273 1729.3291647569074,-4.395519224976098,257.77975125444607
1788.1847902253267,-15.380573119565593,261.69688562208273 1729.6117984346945,-4.260493652719898,268.44584593798106
1788.1847902253267,-15.380573119565593,261.69688562208273 1792.2461328482061,-50.174950740114895,310.4088634314286
1788.1847902253267,-15.380573119565593,261.69688562208273 1825.4410361727575,-55.33602437767854,286.5068443617722
1825.4410361727575,-55.33602437767854,286.5068443617722 1873.6682479662204,-68.79254683347716,253.445415989346
1873.6682479662204,-68.79254683347716,253.445415989346 1835.7572965698903,-109.39212458415149,230.76427733424214
1873.6682479662204,-68.79254683347716,253.445415989346 1834.5934723014684,-106.31952723363722,227.660000561331
1825.4410361727575,-55.33602437767854,286.5068443617722 1773.3371943650066,-85.08521466175708,286.08810062803235
1788.1847902253267,-15.380573119565593,261.69688562208273 1796.4821269963772,-72.810913760546,276.95828059006396
1711.184783801759,0.0,223.81013335199614 1736.3749880250734,-35.262361964780524,265.3073554259196
1736.3749880250734,-35.262361964780524,265.3073554259196 1696.2149381575832,-72.05373797642498,240.13663740257974
1696.2149381575832,-72.05373797642498,240.13663740257974 1661.2959438937207,-116.67473447484457,259.8756979447728
1661.2959438937207,-116.67473447484457,259.8756979447728 1682.4633938298387,-76.43292987138632,220.7280770022554
1661.2959438937207,-116.67473447484457,259.8756979447728 1693.468045479839,-99.02616633812275,307.3465724074996
1693.468045479839,-99.02616633812275,307.3465724074996 1662.574185330825,-75.6166690362476,353.14575188886874
1736.3749880250734,-35.262361964780524,265.3073554259196 1694.9959546276064,7.9465120823238,269.8646351707644
1694.9959546276064,7.9465120823238,269.8646351707644 1727.1247097515172,9.391090263554153,320.51694299643106
1736.3749880250734,-35.262361964780524,265.3073554259196 1698.7806427961798,-37.29980095182134,218.58997055492262
1698.7806427961798,-37.29980095182134,218.58997055492262 1732.6407667988474,6.4211964784382545,241.87014207978908
1732.6407667988474,6.4211964784382545,241.87014207978908 1779.892953153515,13.142148002865056,205.51000325565823
1779.892953153515,13.142148002865056,205.51000325565823 1765.162631781735,-25.982378343369128,248.5482312682856
1711.184783801759,0.0,223.81013335199614 1744.9606561698033,-17.2973994763518,270.28583041113757
1744.9606561698033,-17.2973994763518,270.28583041113757 1798.98068788821,7.605347387649108,262.43157221765904
1798.98068788821,7.605347387649108,262.43157221765904 1770.8799028524004,-40.71340119100847,284.2408458452629
1798.98068788821,7.605347387649108,262.43157221765904 1827.0563144334333,0.5764639840381758,314.9896733267326
1798.98068788821,7.605347387649108,262.43157221765904 1767.3157586320383,53.16817244356787,285.26490811334844
1744.9606561698033,-17.2973994763518,270.28583041113757 1803.9587137559593,-24.48779397674127,278.5033378184593
1711.184783801759,0.0,223.81013335199614 1691.939657724411,44.59159066157305,188.57924967676473
1653.5761780440573,0.0,240.58059973351635 1611.8526768307925,-41.19311346668852,227.84180664204885
1611.8526768307925,-41.19311346668852,227.84180664204885 1608.7642160025534,-93.40735911882581,257.2379621847503
1611.8526768307925,-41.19311346668852,227.84180664204885 1647.7308820105206,-89.03285137785528,232.75239414989386
1611.8526768307925,-41.19311346668852,227.84180664204885 1588.2815639470032,-79.35411214079411,187.99032213250297
1653.5761780440573,0.0,240.58059973351635 1625.4661896443765,37.121879447897236,202.74153766234983
1625.4661896443765,37.121879447897236,202.74153766234983 1630.7378194406106,92.53539694562815,180.34618104942385
1630.7378194406106,92.53539694562815,180.34618104942385 1639.509148916063,57.85689786396999,132.17497096833398
1625.4661896443765,37.121879447897236,202.74153766234983 1623.4703231682602,-1.2861968101758023,156.68900032548248
1623.4703231682602,-1.2861968101758023,156.68900032548248 1661.7206773118673,-46.2672521006774,146.02996318128095
1623.4703231682602,-1.2861968101758023,156.68900032548248 1623.8308669881249,-51.63762988002373,124.06074269552954
1653.5761780440573,0.0,240.58059973351635 1676.3222229591022,2.4682072859684947,296.0470345704179
1493.0700052188786,0.0,215.8909363583703 1455.0254136704466,34.255325008429466,184.59905622182623
1455.0254136704466,34.255325008429466,184.59905622182623 1488.2663987924714,-5.693813019045216,154.6140052967551
1455.0254136704466,34.255325008429466,184.59905622182623 1458.749495169303,15.84266074070456,241.58243109164175
1434.4560041751029,0.0,228.71274908669625 1470.4482242471117,47.99928259699925,229.5058218837841
1434.4560041751029,0.0,228.71274908669625 1381.2816112058622,-21.201093636726554,246.6848819862584
1381.2816112058622,-21.201093636726554,246.6848819862584 1381.2793408821638,-72.01599966443308,278.58857017808015
1434.4560041751029,0.0,228.71274908669625 1454.187974893365,-44.14091027179603,193.18488154653986
1454.187974893365,-44.14091027179603,193.18488154653986 1443.880287897789,-40.47716276942675,252.1791909588901
1454.187974893365,-44.14091027179603,193.18488154653986 1467.7135896757115,-58.77535591877013,249.7789690943158
1375.8420031313271,0.0,241.5345618150222 1374.102272876554,30.346941981885628,189.80414087155128
1374.102272876554,30.346941981885628,189.80414087155128 1339.8806958102232,-3.5460448405680722,154.02496945372548
1339.8806958102232,-3.5460448405680722,154.02496945372548 1382.7443647836978,-39.82967309331013,132.9014232801022
1382.7443647836978,-39.82967309331013,132.9014232801022 1366.9426041914112,16.292765948824083,118.73893062711258
1375.8420031313271,0.0,241.5345618150222 1335.2200888666005,0.6766534312067238,197.38252650969076
1317.2280020875514,0.0,254.35637454334812 1306.4112290995163,27.535345756440552,306.5560120535702
1306.4112290995163,27.535345756440552,306.5560120535702 1350.267819764161,-3.7776912688105675,332.9395896640661
1350.267819764161,-3.7776912688105675,332.9395896640661 1371.5053074305663,41.17975233917353,299.35689498579154
1306.4112290995163,27.535345756440552,306.5560120535702 1269.7909089056463,51.55142842990774,347.570398821138
1306.4112290995163,27.535345756440552,306.5560120535702 1256.6060155250705,9.242495620137689,278.5415098324954
1256.6060155250705,9.242495620137689,278.5415098324954 1272.4300182816157,-16.953717617784715,330.1492548787009
1256.6060155250705,9.242495620137689,278.5415098324954 1229.6021236426789,47.668038261266446,241.20161834980763
1306.4112290995163,27.535345756440552,306.5560120535702 1309.0175938117604,64.51452866479694,259.37818999259446
1258.6140010437757,0.0,267.17818727167406 1298.9820763208306,-43.78724128595694,259.8914871274784
1200.0,0.0,280.0 1197.385237078936,-31.2232546179878,228.83095285304864
目标树
2480.0,0.0,0.0 2489.823995634899,17.084501394845223,-56.6710589441826
2489.823995634899,17.084501394845223,-56.6710589441826 2488.073919500969,55.343200529824145,-102.8577363958527
2488.073919500969,55.343200529824145,-102.8577363958527 2484.2607467804924,112.22596183247603,-121.56097623255855
2484.2607467804924,112.22596183247603,-121.56097623255855 2476.404409596674,140.54456258152922,-173.87096397553054
2476.404409596674,140.54456258152922,-173.87096397553054 2469.983152604129,182.84382710026088,-215.93686084948365
2469.983152604129,182.84382710026088,-215.93686084948365 2477.9972662602227,145.5374381499545,-169.6334341318457
2477.9972662602227,145.5374381499545,-169.6334341318457 2483.097748706286,99.95052502122,-208.309246084675
2483.097748706286,99.95052502122,-208.309246084675 2474.3958948905624,63.108284176143826,-254.85950956065523
2469.983152604129,182.84382710026088,-215.93686084948365 2463.6342170913,124.87349157037991,-230.04824690496932
2463.6342170913,124.87349157037991,-230.04824690496932 2453.59947861101,167.5534912252201,-271.00824755310197
2453.59947861101,167.5534912252201,-271.00824755310197 2446.580647782548,208.84788147076767,-313.9676394022641
2446.580647782548,208.84788147076767,-313.9676394022641 2463.2686090258317,161.56082623315046,-281.02152648287404
2463.2686090258317,161.56082623315046,-281.02152648287404 2458.668492418878,102.87815364862415,-269.3947098274127
2458.668492418878,102.87815364862415,-269.3947098274127 2476.38074605693,106.97343602623037,-212.21512664155017
2458.668492418878,102.87815364862415,-269.3947098274127 2465.8567038516567,147.93682903227574,-230.4326078683502
2463.2686090258317,161.56082623315046,-281.02152648287404 2446.766546004961,206.02452097896798,-317.7728770105211
2446.766546004961,206.02452097896798,-317.7728770105211 2444.276907223732,251.64720474382258,-356.66210977270185
2444.276907223732,251.64720474382258,-356.66210977270185 2398.3369694942753,223.77242999503443,-383.35516231672483
2398.3369694942753,223.77242999503443,-383.35516231672483 2435.4471183516503,266.6384082535183,-363.7249621209379
2444.276907223732,251.64720474382258,-356.66210977270185 2453.8808769004568,197.00891833786233,-333.805569678698
2453.8808769004568,197.00891833786233,-333.805569678698 2426.1658627127867,232.88379708521,-373.11041751507
2453.8808769004568,197.00891833786233,-333.805569678698 2446.62543103357,222.16271736196046,-387.7930209977588
2444.276907223732,251.64720474382258,-356.66210977270185 2422.7729340302035,294.3388602483679,-392.92506176469004
2444.276907223732,251.64720474382258,-356.66210977270185 2435.294678130733,223.14065106094566,-408.68802598420297
2435.294678130733,223.14065106094566,-408.68802598420297 2417.0132439025742,279.54685823206523,-399.5158422131342
2417.0132439025742,279.54685823206523,-399.5158422131342 2385.6505574932717,328.3920222136701,-384.33256665079614
2385.6505574932717,328.3920222136701,-384.33256665079614 2414.9907033729073,280.50612762236693,-405.4535737042558
2417.0132439025742,279.54685823206523,-399.5158422131342 2366.792643307132,299.6843317886192,-425.4460067824573
2435.294678130733,223.14065106094566,-408.68802598420297 2399.7929911007423,263.3769480033583,-381.84271677781436
2444.276907223732,251.64720474382258,-356.66210977270185 2409.0474811587537,236.74234403107596,-402.8869155188144
2446.580647782548,208.84788147076767,-313.9676394022641 2468.084722565311,178.71361362876806,-266.75005084287267
2468.084722565311,178.71361362876806,-266.75005084287267 2465.211688438457,121.36217825512634,-284.14426066939046
2465.211688438457,121.36217825512634,-284.14426066939046 2474.797013732145,157.85728708347145,-237.49419560382566
2465.211688438457,121.36217825512634,-284.14426066939046 2433.485688466266,153.6733684461137,-323.5072879184016
2468.084722565311,178.71361362876806,-266.75005084287267 2451.773039262872,173.2369660509953,-324.2299196592661
2446.580647782548,208.84788147076767,-313.9676394022641 2433.4191575009804,180.41803963639848,-365.1391086682619
2433.4191575009804,180.41803963639848,-365.1391086682619 2393.8859921396847,205.21681326594066,-402.85050831064046
2393.8859921396847,205.21681326594066,-402.85050831064046 2415.4593332310055,155.31836025209645,-428.2421475051215
2433.4191575009804,180.41803963639848,-365.1391086682619 2456.2672275534505,187.34539813136655,-310.09387818314525
2456.2672275534505,187.34539813136655,-310.09387818314525 2431.557428854696,207.8968793908531,-360.76006480013865
2456.2672275534505,187.34539813136655,-310.09387818314525 2469.4338494326666,133.7833370294565,-286.4772383119653
2469.4338494326666,133.7833370294565,-286.4772383119653 2442.448273066119,96.34646150777,-324.8211950631792
2469.4338494326666,133.7833370294565,-286.4772383119653 2472.5329084803434,105.64629975274963,-233.5744693267012
2433.4191575009804,180.41803963639848,-365.1391086682619 2432.35566947017,218.4129111393064,-318.71434445038096
2432.35566947017,218.4129111393064,-318.71434445038096 2447.0145775028595,164.58786851027435,-296.6240479093193
2446.580647782548,208.84788147076767,-313.9676394022641 2428.9586547204667,250.1805915280459,-353.73034101874043
2428.9586547204667,250.1805915280459,-353.73034101874043 2439.256592659409,296.0259628107471,-316.41875560406027
2439.256592659409,296.0259628107471,-316.41875560406027 2429.8233855199314,345.82863518249,-284.3141075340915
2428.9586547204667,250.1805915280459,-353.73034101874043 2443.6303619545415,294.55500033817435,-391.3555034714023
2443.6303619545415,294.55500033817435,-391.3555034714023 2409.8710248545217,338.98159124842135,-369.2968276575462
2409.8710248545217,338.98159124842135,-369.2968276575462 2384.083695170227,320.1349460725418,-420.0887324590793
2384.083695170227,320.1349460725418,-420.0887324590793 2353.260664360881,286.9769712176257,-459.46498768030153
2353.260664360881,286.9769712176257,-459.46498768030153 2395.3183358742394,249.72262345214645,-480.5188671195681
2395.3183358742394,249.72262345214645,-480.5188671195681 2402.896816148455,208.7593329753456,-523.6995974288919
2402.896816148455,208.7593329753456,-523.6995974288919 2371.614123627706,254.18927813828475,-547.311315518531
2371.614123627706,254.18927813828475,-547.311315518531 2375.0144530662355,284.77539479081685,-495.80474091074757
2402.896816148455,208.7593329753456,-523.6995974288919 2359.9798789385595,226.93209791789786,-485.9122038317589
2353.260664360881,286.9769712176257,-459.46498768030153 2370.6219988752237,239.32845884004303,-427.3993778765812
2370.6219988752237,239.32845884004303,-427.3993778765812 2384.7471639413407,278.4563955854016,-470.6369110845033
2384.7471639413407,278.4563955854016,-470.6369110845033 2393.5800772146067,325.74437151917255,-506.49534070982367
2393.5800772146067,325.74437151917255,-506.49534070982367 2368.580137523733,295.3283118485667,-461.219891186193
2368.580137523733,295.3283118485667,-461.219891186193 2376.781083547939,274.75337950648264,-405.45774772464097
2376.781083547939,274.75337950648264,-405.45774772464097 2353.0252536214743,301.50042196132785,-453.62678616660696
2368.580137523733,295.3283118485667,-461.219891186193 2389.6234139161,269.2257255902577,-510.97765951739916
2393.5800772146067,325.74437151917255,-506.49534070982367 2343.298278075432,346.7684296235103,-481.40092587000083
2370.6219988752237,239.32845884004303,-427.3993778765812 2396.606790259487,199.92192393128602,-390.35999851891313
2396.606790259487,199.92192393128602,-390.35999851891313 2408.9429023416637,216.43017745125033,-446.70978027906335
2353.260664360881,286.9769712176257,-459.46498768030153 2371.101355367972,321.635032070535,-505.07779906378846
2371.101355367972,321.635032070535,-505.07779906378846 2338.088774576494,367.56634679063757,-485.0657067801455
2353.260664360881,286.9769712176257,-459.46498768030153 2389.4531890595986,249.68383102996472,-489.4536997379438
2384.083695170227,320.1349460725418,-420.0887324590793 2416.651401608452,318.4579522175876,-470.4527294109106
2416.651401608452,318.4579522175876,-470.4527294109106 2408.4076195297794,279.0586730892593,-514.9469634329434
2408.4076195297794,279.0586730892593,-514.9469634329434 2355.6895506335786,251.15605183248402,-508.44704505988625
2416.651401608452,318.4579522175876,-470.4527294109106 2357.0867235666283,319.53659094478894,-463.3193102959225
2416.651401608452,318.4579522175876,-470.4527294109106 2402.266220400319,322.9099558288485,-528.5323835546337
2416.651401608452,318.4579522175876,-470.4527294109106 2377.8391354750734,272.78494280303136,-467.69878521945765
2384.083695170227,320.1349460725418,-420.0887324590793 2359.8176897085555,315.9178558891263,-474.8004965443202
2359.8176897085555,315.9178558891263,-474.8004965443202 2321.0319125127103,326.02923368541263,-430.15272474801424
2384.083695170227,320.1349460725418,-420.0887324590793 2406.550188332228,368.19862896014774,-392.06839926546047
2406.550188332228,368.19862896014774,-392.06839926546047 2388.5800192286274,330.35105345868266,-349.1191961174521
2388.5800192286274,330.35105345868266,-349.1191961174521 2350.35564390795,356.97583932817645,-311.30361852371976
2350.35564390795,356.97583932817645,-311.30361852371976 2387.2524831854244,396.07096288286186,-337.95309442055657
2387.2524831854244,396.07096288286186,-337.95309442055657 2344.2052971790004,371.66747599764324,-304.0206673813468
2406.550188332228,368.19862896014774,-392.06839926546047 2388.222095752773,329.8834160814191,-434.4479401366948
2388.222095752773,329.8834160814191,-434.4479401366948 2394.5696466695695,386.508822462244,-453.2434701788382
2384.083695170227,320.1349460725418,-420.0887324590793 2373.1441731079512,278.73238179787586,-462.1143737811476
2373.1441731079512,278.73238179787586,-462.1143737811476 2393.277694509853,307.6544952116562,-510.675187938651
2393.277694509853,307.6544952116562,-510.675187938651 2353.0919000787135,295.58942698855316,-467.7853749907018
2409.8710248545217,338.98159124842135,-369.2968276575462 2386.6122127140493,355.56333848424373,-316.53250906608224
2386.6122127140493,355.56333848424373,-316.53250906608224 2363.9062758048585,361.8111916413136,-371.7176951217942
2363.9062758048585,361.8111916413136,-371.7176951217942 2384.563274144071,397.99464869641116,-414.892292458141
2384.563274144071,397.99464869641116,-414.892292458141 2394.8750882816594,362.7195610436361,-462.31944375653615
2384.563274144071,397.99464869641116,-414.892292458141 2374.8902336164074,400.0629737047254,-474.0712948036534
2363.9062758048585,361.8111916413136,-371.7176951217942 2394.975042317423,412.0899637563394,-361.3844080362117
2363.9062758048585,361.8111916413136,-371.7176951217942 2411.194846538819,380.8740784133321,-340.0886352897912
2386.6122127140493,355.56333848424373,-316.53250906608224 2428.622208973021,334.21913039518995,-353.6752741135632
2386.6122127140493,355.56333848424373,-316.53250906608224 2423.1486864196245,318.0419589864452,-287.25398161431326
2386.6122127140493,355.56333848424373,-316.53250906608224 2345.5708711199886,367.7854631304663,-358.5590239024548
2409.8710248545217,338.98159124842135,-369.2968276575462 2403.4455068854495,354.50941941664996,-311.69822288966054
2403.4455068854495,354.50941941664996,-311.69822288966054 2440.6493451433025,324.1072534023524,-275.7596263599881
2440.6493451433025,324.1072534023524,-275.7596263599881 2408.725975976185,365.83477074062415,-246.78182799979209
2403.4455068854495,354.50941941664996,-311.69822288966054 2398.892306170735,311.55263851321934,-353.33934844680874
2398.892306170735,311.55263851321934,-353.33934844680874 2446.52881848272,338.7559246948602,-329.0341244060829
2446.52881848272,338.7559246948602,-329.0341244060829 2407.349264131694,361.7435054286767,-289.83548089815946
2446.52881848272,338.7559246948602,-329.0341244060829 2397.390019438661,336.91080724651005,-294.6542760918539
2398.892306170735,311.55263851321934,-353.33934844680874 2378.67395450933,284.49548785206804,-402.9289527424221
2403.4455068854495,354.50941941664996,-311.69822288966054 2380.4627925331106,393.8942059272868,-350.6935230232709
2409.8710248545217,338.98159124842135,-369.2968276575462 2423.414228855934,283.3482740122408,-387.22768482262944
2409.8710248545217,338.98159124842135,-369.2968276575462 2424.0327263002387,323.09916379385203,-313.1969639294344
2443.6303619545415,294.55500033817435,-391.3555034714023 2437.31678553422,252.80816998579763,-433.98578505990037
2437.31678553422,252.80816998579763,-433.98578505990037 2413.184525481191,241.48750877340456,-487.73963752134927
2437.31678553422,252.80816998579763,-433.98578505990037 2424.37014340451,294.0637506034431,-475.5833994802752
2428.9586547204667,250.1805915280459,-353.73034101874043 2441.9034458667984,290.4180327786439,-396.3141490187599
2453.59947861101,167.5534912252201,-271.00824755310197 2463.7319546584026,210.3158637771321,-230.15837089624415
2463.7319546584026,210.3158637771321,-230.15837089624415 2475.7454935171163,217.17501673341687,-171.77492371459456
2475.7454935171163,217.17501673341687,-171.77492371459456 2467.383790816543,234.91127423050705,-228.48036523429474
2463.7319546584026,210.3158637771321,-230.15837089624415 2462.801798134007,206.00172455287924,-289.9958425306129
2463.7319546584026,210.3158637771321,-230.15837089624415 2474.019984847958,180.04925758958672,-179.38348552259868
2474.019984847958,180.04925758958672,-179.38348552259868 2476.7711710087274,125.36329875217282,-203.91666470389242
2463.6342170913,124.87349157037991,-230.04824690496932 2468.4080917155893,85.4553474243015,-275.0306882921434
2468.4080917155893,85.4553474243015,-275.0306882921434 2458.7821242740793,143.51223429694397,-263.3371585653167
2458.7821242740793,143.51223429694397,-263.3371585653167 2452.893668275949,185.3916082528043,-305.8982220273978
2452.893668275949,185.3916082528043,-305.8982220273978 2417.972291189547,219.74310790185137,-340.5460487161072
2417.972291189547,219.74310790185137,-340.5460487161072 2445.6726261762283,210.1528701776992,-288.1941740407922
2445.6726261762283,210.1528701776992,-288.1941740407922 2456.7594691600907,243.0177784951466,-239.2352145549436
2417.972291189547,219.74310790185137,-340.5460487161072 2455.361241613023,238.1308832087509,-297.37249077268757
2455.361241613023,238.1308832087509,-297.37249077268757 2436.300280173008,205.16383308317384,-343.73900190949774
2436.300280173008,205.16383308317384,-343.73900190949774 2440.7566710911633,249.17180917225843,-303.1996553369746
2440.7566710911633,249.17180917225843,-303.1996553369746 2445.0874083220915,203.10739324275735,-341.4006278391319
2417.972291189547,219.74310790185137,-340.5460487161072 2455.258990436521,254.89017091402158,-309.3308918066146
2455.258990436521,254.89017091402158,-309.3308918066146 2448.7679389413684,293.3936771133913,-354.88686025030347
2448.7679389413684,293.3936771133913,-354.88686025030347 2422.241483318294,271.24172410992685,-403.9341652752421
2422.241483318294,271.24172410992685,-403.9341652752421 2430.5603138653246,244.82326120908368,-457.15880126541646
2430.5603138653246,244.82326120908368,-457.15880126541646 2418.240083985651,212.0755989986294,-505.901006339274
2418.240083985651,212.0755989986294,-505.901006339274 2390.129160269038,197.48784298040405,-454.94049866763186
2390.129160269038,197.48784298040405,-454.94049866763186 2430.404244672847,234.74276063721553,-479.23018138787853
2430.404244672847,234.74276063721553,-479.23018138787853 2383.235598805326,211.14843019830158,-450.62202838626547
2418.240083985651,212.0755989986294,-505.901006339274 2388.5198256579242,250.40377377451492,-470.5788141184851
2388.5198256579242,250.40377377451492,-470.5788141184851 2356.1112277525885,277.7091411532284,-513.0535088686979
2356.1112277525885,277.7091411532284,-513.0535088686979 2348.5443930112287,287.7540591266946,-454.3862894450429
2430.5603138653246,244.82326120908368,-457.15880126541646 2375.6473090983386,268.9997154476783,-456.9118844572961
2422.241483318294,271.24172410992685,-403.9341652752421 2384.2743906496016,241.53401941091033,-439.65463777775756
2384.2743906496016,241.53401941091033,-439.65463777775756 2345.8338972918127,266.5170175327096,-478.3609457295109
2384.2743906496016,241.53401941091033,-439.65463777775756 2433.0057812589694,265.39452621708705,-414.04355064289285
2433.0057812589694,265.39452621708705,-414.04355064289285 2384.375616083541,230.42078945178235,-410.5874297419804
2384.2743906496016,241.53401941091033,-439.65463777775756 2368.763069421919,256.2572927051374,-495.7137506611697
2384.2743906496016,241.53401941091033,-439.65463777775756 2408.8115184064227,210.39653126771896,-394.61702912034696
2384.2743906496016,241.53401941091033,-439.65463777775756 2375.917463485471,297.6134246339142,-420.02654367243105
2375.917463485471,297.6134246339142,-420.02654367243105 2415.971839428035,292.5839456880832,-464.415183090476
2415.971839428035,292.5839456880832,-464.415183090476 2420.720756316464,258.924376420688,-513.8568778947625
2384.2743906496016,241.53401941091033,-439.65463777775756 2343.2286839934973,280.643246443934,-459.29435075886863
2422.241483318294,271.24172410992685,-403.9341652752421 2413.952492482868,255.5818711363972,-346.6099850737106
2413.952492482868,255.5818711363972,-346.6099850737106 2445.152269621635,304.7392249869117,-361.1057937405831
2448.7679389413684,293.3936771133913,-354.88686025030347 2400.926548627858,320.15366419842724,-379.2816232964794
2400.926548627858,320.15366419842724,-379.2816232964794 2385.3079002851873,325.49952998383145,-436.96593262711474
2385.3079002851873,325.49952998383145,-436.96593262711474 2393.143771392671,350.1862167803503,-491.0877084571582
2393.143771392671,350.1862167803503,-491.0877084571582 2381.772040126155,406.42510816377023,-508.63395660216145
2381.772040126155,406.42510816377023,-508.63395660216145 2343.117401746986,451.1005251400127,-519.1185190524761
2343.117401746986,451.1005251400127,-519.1185190524761 2381.6135767969454,412.5340500676022,-494.0053450791996
2381.6135767969454,412.5340500676022,-494.0053450791996 2341.280843799314,417.85576397260417,-449.9037576921782
2343.117401746986,451.1005251400127,-519.1185190524761 2332.617058417,506.42157374259455,-498.3983749539621
2381.772040126155,406.42510816377023,-508.63395660216145 2412.0827730374344,433.15513418334154,-464.2857302636244
2412.0827730374344,433.15513418334154,-464.2857302636244 2382.7669702967596,462.52804173085303,-420.9519557698743
2382.7669702967596,462.52804173085303,-420.9519557698743 2426.222321695141,431.6715986567797,-393.3927040445525
2382.7669702967596,462.52804173085303,-420.9519557698743 2345.4143447531224,434.1048545284963,-458.3271319468049
2412.0827730374344,433.15513418334154,-464.2857302636244 2391.2090669755867,418.6258940037577,-409.94247332177787
2393.143771392671,350.1862167803503,-491.0877084571582 2366.186961473457,378.4234547051984,-536.6507284772892
2366.186961473457,378.4234547051984,-536.6507284772892 2344.8232816642417,405.10666644124586,-487.3394782755493
2344.8232816642417,405.10666644124586,-487.3394782755493 2381.9879133602362,388.3526600856487,-443.31569581722687
2381.9879133602362,388.3526600856487,-443.31569581722687 2410.3119293838117,356.5390208532163,-485.57255887028464
2344.8232816642417,405.10666644124586,-487.3394782755493 2307.771179694372,421.71423282463536,-443.1656118109108
2307.771179694372,421.71423282463536,-443.1656118109108 2272.4422185664134,430.3202101698997,-395.43929140432607
2272.4422185664134,430.3202101698997,-395.43929140432607 2230.9674762576915,436.3495865192214,-438.3752014478239
2230.9674762576915,436.3495865192214,-438.3752014478239 2203.190535594087,412.8639498380938,-390.65867981167906
2203.190535594087,412.8639498380938,-390.65867981167906 2175.4135949304828,389.37831315696616,-342.94215817553425
2175.4135949304828,389.37831315696616,-342.94215817553425 2147.6366542668784,365.8926764758385,-295.2256365393894
2147.6366542668784,365.8926764758385,-295.2256365393894 2119.859713603274,342.4070397947109,-247.50911490324464
2119.859713603274,342.4070397947109,-247.50911490324464 2092.0827729396697,318.9214031135833,-199.79259326709985
2092.0827729396697,318.9214031135833,-199.79259326709985 2061.4092469182956,299.02733084389416,-152.21780277944268
2061.4092469182956,299.02733084389416,-152.21780277944268 2010.365300558821,316.4449125987696,-178.50740882181822
2010.365300558821,316.4449125987696,-178.50740882181822 1986.5648107464765,294.49333875848055,-127.99339996658261
1986.5648107464765,294.49333875848055,-127.99339996658261 1958.9938714066202,339.05797185429583,-98.77291432802186
1958.9938714066202,339.05797185429583,-98.77291432802186 1938.5134716277266,309.40613176918566,-50.80082239465136
1938.5134716277266,309.40613176918566,-50.80082239465136 1918.033071848833,279.7542916840755,-2.8287304612808697
1918.033071848833,279.7542916840755,-2.8287304612808697 1872.4789253309837,313.54799939945246,16.736674054802485
1872.4789253309837,313.54799939945246,16.736674054802485 1861.7996592334596,275.26639777802865,61.68633760100574
1861.7996592334596,275.26639777802865,61.68633760100574 1891.655288776374,308.9296691557009,101.3779682647799
1891.655288776374,308.9296691557009,101.3779682647799 1861.6836899346165,270.2700688833803,136.12186801211902
1861.6836899346165,270.2700688833803,136.12186801211902 1889.778892064293,322.7279100594469,128.45150189053146
1861.6836899346165,270.2700688833803,136.12186801211902 1863.11771050394,282.75621823962865,77.45296944345476
1861.6836899346165,270.2700688833803,136.12186801211902 1804.742782523127,286.71565223157484,126.77971346973581
1891.655288776374,308.9296691557009,101.3779682647799 1876.7849115046636,324.9011995827084,45.48716315681806
1891.655288776374,308.9296691557009,101.3779682647799 1837.5972329934123,304.2730817326394,126.9913007019615
1891.655288776374,308.9296691557009,101.3779682647799 1838.287181933868,301.9364730435314,74.86494542347401
1891.655288776374,308.9296691557009,101.3779682647799 1874.6848457346632,289.53951088874896,155.5630753086034
1861.7996592334596,275.26639777802865,61.68633760100574 1871.7030925371776,285.65911560102893,3.4290339811993817
2119.859713603274,342.4070397947109,-247.50911490324464 2163.610585731348,346.4207225422924,-206.6465215098402
2203.190535594087,412.8639498380938,-390.65867981167906 2170.219010008328,396.29640233805196,-343.3470018623452
2344.8232816642417,405.10666644124586,-487.3394782755493 2375.2330320577216,426.28796965647655,-534.5263352922091
2393.143771392671,350.1862167803503,-491.0877084571582 2355.977874079856,357.42423464447245,-537.6313135424105
2355.977874079856,357.42423464447245,-537.6313135424105 2338.74945398038,309.3698117334932,-506.10427784971137
2338.74945398038,309.3698117334932,-506.10427784971137 2325.400215083572,278.5598116743766,-555.8289368956333
2338.74945398038,309.3698117334932,-506.10427784971137 2344.628678927281,363.9155903590989,-481.81039491284537
2344.628678927281,363.9155903590989,-481.81039491284537 2361.065276786424,326.31750779780316,-525.5850729645547
2361.065276786424,326.31750779780316,-525.5850729645547 2326.383942037565,375.2651968533353,-524.4323561040342
2338.74945398038,309.3698117334932,-506.10427784971137 2310.494943111656,352.6559566608749,-536.5672434455767
2393.143771392671,350.1862167803503,-491.0877084571582 2378.9644487211626,313.0840478753368,-536.0585420176014
2378.9644487211626,313.0840478753368,-536.0585420176014 2319.9583807098247,323.14693289867074,-531.9327350845842
2378.9644487211626,313.0840478753368,-536.0585420176014 2366.372702213031,338.3169622985288,-589.0184131426979
2400.926548627858,320.15366419842724,-379.2816232964794 2389.967046521886,361.6064199950252,-337.3107006183108
2389.967046521886,361.6064199950252,-337.3107006183108 2352.4630925297665,341.1720105730333,-295.1694103375021
2400.926548627858,320.15366419842724,-379.2816232964794 2434.9310626323736,282.6269585130044,-411.45986730879883
2400.926548627858,320.15366419842724,-379.2816232964794 2428.578060221001,372.11031994812095,-390.9392315383999
2400.926548627858,320.15366419842724,-379.2816232964794 2437.4894027444743,357.51987598695564,-349.8380515800265
2400.926548627858,320.15366419842724,-379.2816232964794 2440.4521946897776,278.46829116485674,-396.603660660483
2400.926548627858,320.15366419842724,-379.2816232964794 2379.4826158800997,351.1272671590338,-425.9805918926733
2455.258990436521,254.89017091402158,-309.3308918066146 2434.4971640783215,283.1109692442911,-358.0395471758017
2455.258990436521,254.89017091402158,-309.3308918066146 2418.1091184383545,276.30572738215454,-351.2982714207871
2417.972291189547,219.74310790185137,-340.5460487161072 2401.235626034624,180.37647620940123,-382.619227211236
2401.235626034624,180.37647620940123,-382.619227211236 2433.6692486882944,214.99622076852904,-345.88323112810156
2433.6692486882944,214.99622076852904,-345.88323112810156 2446.435211034383,251.64785978000492,-300.12640034677764
2446.435211034383,251.64785978000492,-300.12640034677764 2448.761964855221,306.67663771314545,-276.3268243874811
2401.235626034624,180.37647620940123,-382.619227211236 2446.0229143562356,218.2348713101061,-369.9369275303513
2446.0229143562356,218.2348713101061,-369.9369275303513 2434.5151821387894,160.0347723682464,-378.899102621773
2446.0229143562356,218.2348713101061,-369.9369275303513 2398.327713295437,233.93202511512487,-402.7815185339186
2401.235626034624,180.37647620940123,-382.619227211236 2377.6694132293737,150.3542953652985,-428.9150398877799
2377.6694132293737,150.3542953652985,-428.9150398877799 2385.2079372264893,91.13059095013071,-434.8919530785287
2417.972291189547,219.74310790185137,-340.5460487161072 2440.241728946553,169.1323635243386,-317.2517426405684
2440.241728946553,169.1323635243386,-317.2517426405684 2461.3420194736373,137.54689153768769,-270.8067676803736
2440.241728946553,169.1323635243386,-317.2517426405684 2438.873220102546,131.5139302902884,-363.97412126750885
2438.873220102546,131.5139302902884,-363.97412126750885 2417.518658316421,79.77069825989757,-385.57552469348343
2438.873220102546,131.5139302902884,-363.97412126750885 2408.655100291475,162.14734459826946,-405.7887020129778
2408.655100291475,162.14734459826946,-405.7887020129778 2378.9669541829185,182.08839200123447,-453.9651341049221
2378.9669541829185,182.08839200123447,-453.9651341049221 2431.151563719169,211.66922869188082,-452.64580540048877
2431.151563719169,211.66922869188082,-452.64580540048877 2392.647293608929,207.98348540483883,-406.77820812638157
2431.151563719169,211.66922869188082,-452.64580540048877 2396.567982867947,242.48523953746687,-490.78173873208203
2396.567982867947,242.48523953746687,-490.78173873208203 2343.507166685717,221.075958332209,-508.8425378381503
2343.507166685717,221.075958332209,-508.8425378381503 2387.863976347898,261.4742070024475,-508.168044716898
2387.863976347898,261.4742070024475,-508.168044716898 2401.938998191269,279.22865219917236,-563.725883370549
2378.9669541829185,182.08839200123447,-453.9651341049221 2389.4401950484316,241.10974841982684,-451.3592345898929
2438.873220102546,131.5139302902884,-363.97412126750885 2465.759898340992,105.3031342688191,-317.175609483231
2465.759898340992,105.3031342688191,-317.175609483231 2473.750346687195,70.62353817869283,-268.8695192848682
2438.873220102546,131.5139302902884,-363.97412126750885 2420.2932489201353,188.56451401728845,-364.0988901312192
2440.241728946553,169.1323635243386,-317.2517426405684 2446.7851372111477,122.52218642890963,-354.46296674587813
2417.972291189547,219.74310790185137,-340.5460487161072 2455.9584901514277,259.2469801246475,-316.1228472913678
2455.9584901514277,259.2469801246475,-316.1228472913678 2416.4385416016316,297.7727862276681,-339.6586908227547
2417.972291189547,219.74310790185137,-340.5460487161072 2436.818098711111,175.84815798683883,-376.85126749824235
2417.972291189547,219.74310790185137,-340.5460487161072 2428.497438521448,277.9679390865011,-330.5916372738963
2417.972291189547,219.74310790185137,-340.5460487161072 2404.766325595693,274.5369598047746,-361.1187555475981
2452.893668275949,185.3916082528043,-305.8982220273978 2439.6982728899093,243.65419192511857,-311.49758667284294
2439.6982728899093,243.65419192511857,-311.49758667284294 2452.899782302057,282.7558208874011,-267.94551712687337
2452.899782302057,282.7558208874011,-267.94551712687337 2434.535684556753,337.42623677789516,-251.39542527331102
2452.899782302057,282.7558208874011,-267.94551712687337 2450.492627794725,238.18154929019354,-308.03716112853795
2452.899782302057,282.7558208874011,-267.94551712687337 2449.911031857014,321.78398165560867,-313.4193561755858
2449.911031857014,321.78398165560867,-313.4193561755858 2402.0932957289046,342.95243245141785,-284.0023406490594
2452.899782302057,282.7558208874011,-267.94551712687337 2471.30735351371,258.2648594337388,-216.3572032451119
2471.30735351371,258.2648594337388,-216.3572032451119 2445.8076460581487,251.06911464943198,-270.1901501891528
2452.893668275949,185.3916082528043,-305.8982220273978 2444.1182623833647,147.88790425635676,-351.9032699891948
2444.1182623833647,147.88790425635676,-351.9032699891948 2465.5791411625264,121.18951756636673,-302.6424657917612
2452.893668275949,185.3916082528043,-305.8982220273978 2416.5077232034537,169.90265381789632,-351.02199948113844
2468.4080917155893,85.4553474243015,-275.0306882921434 2476.896705298666,102.78888330009835,-218.21966846781996
2476.896705298666,102.78888330009835,-218.21966846781996 2469.652214835108,79.41689037316016,-273.00349185161247
2469.652214835108,79.41689037316016,-273.00349185161247 2455.906083486775,136.9010252380815,-283.32909652087585
2455.906083486775,136.9010252380815,-283.32909652087585 2440.205609598743,104.55765606746444,-331.36451668542117
2455.906083486775,136.9010252380815,-283.32909652087585 2467.0196993919662,184.17184272420235,-248.08768117322361
2469.652214835108,79.41689037316016,-273.00349185161247 2472.93804888172,19.736772843802427,-278.2462836937683
2468.4080917155893,85.4553474243015,-275.0306882921434 2448.6276411537333,139.85099239337663,-290.837256040023
2448.6276411537333,139.85099239337663,-290.837256040023 2458.856135201771,99.2678955273394,-333.8301642723245
2458.856135201771,99.2678955273394,-333.8301642723245 2432.8187134993773,45.22879880673383,-335.1824574035517
2432.8187134993773,45.22879880673383,-335.1824574035517 2459.97643816594,54.8641852945193,-282.5553035933164
2459.97643816594,54.8641852945193,-282.5553035933164 2464.562072402169,6.536121723036921,-317.81675889627127
2464.562072402169,6.536121723036921,-317.81675889627127 2469.758895677422,63.957114075928686,-301.208849182676
2432.8187134993773,45.22879880673383,-335.1824574035517 2465.187932491368,4.797978255149438,-304.8908346115299
2432.8187134993773,45.22879880673383,-335.1824574035517 2465.8129374969976,9.864104277927758,-299.67584444653943
2465.8129374969976,9.864104277927758,-299.67584444653943 2447.124035883773,50.568368954934506,-339.59936875984863
2458.856135201771,99.2678955273394,-333.8301642723245 2421.9777361883766,109.96314959579226,-379.93434224591095
2421.9777361883766,109.96314959579226,-379.93434224591095 2434.481660770263,114.39410832377548,-321.4192290288846
2434.481660770263,114.39410832377548,-321.4192290288846 2469.351348796887,138.14819062363335,-278.7595474663429
2469.351348796887,138.14819062363335,-278.7595474663429 2452.5078608217523,136.73093889847857,-336.32940338399334
2452.5078608217523,136.73093889847857,-336.32940338399334 2439.130716260131,167.10369992451618,-386.31487518363423
2439.130716260131,167.10369992451618,-386.31487518363423 2436.882123460166,173.08301422375533,-326.65591415571436
2439.130716260131,167.10369992451618,-386.31487518363423 2397.6122203417726,210.1221640355722,-391.3771120610484
2397.6122203417726,210.1221640355722,-391.3771120610484 2433.545484781026,213.5860910531523,-343.45215283982895
2439.130716260131,167.10369992451618,-386.31487518363423 2427.2699025380284,167.08613789408827,-327.49888425068576
2452.5078608217523,136.73093889847857,-336.32940338399334 2463.8092897601996,143.96088946118195,-277.8485901303279
2463.8092897601996,143.96088946118195,-277.8485901303279 2470.9952549172085,86.76862174720003,-294.50411229249613
2463.8092897601996,143.96088946118195,-277.8485901303279 2430.550545579994,160.92966560232585,-324.81577624816333
2452.5078608217523,136.73093889847857,-336.32940338399334 2472.7988358407665,154.78964210810824,-282.8302485199746
2452.5078608217523,136.73093889847857,-336.32940338399334 2456.7707390789833,181.3781938224052,-296.4740336488881
2469.351348796887,138.14819062363335,-278.7595474663429 2453.7866743318627,80.41180023038339,-283.68398988717104
2434.481660770263,114.39410832377548,-321.4192290288846 2435.370952120941,109.21809165401066,-381.1889371788156
2435.370952120941,109.21809165401066,-381.1889371788156 2409.3191193063667,67.03301730485477,-414.97830694443354
2421.9777361883766,109.96314959579226,-379.93434224591095 2391.235989838333,71.25960927456393,-413.94876562706827
2391.235989838333,71.25960927456393,-413.94876562706827 2437.5125872223193,97.35239015621855,-386.0625087892926
2391.235989838333,71.25960927456393,-413.94876562706827 2389.8606404686934,40.061277265717635,-465.1812991773157
2389.8606404686934,40.061277265717635,-465.1812991773157 2391.502809682528,80.76328187763349,-421.12848881469847
2391.235989838333,71.25960927456393,-413.94876562706827 2380.9854624369736,105.78019132252516,-461.9410160750724
2421.9777361883766,109.96314959579226,-379.93434224591095 2404.5103879503904,104.565790857697,-437.081172990802
2404.5103879503904,104.565790857697,-437.081172990802 2392.474550847462,163.3250157287609,-438.6598172773714
2458.856135201771,99.2678955273394,-333.8301642723245 2414.56810147897,102.70855627384088,-374.16292914897946
2414.56810147897,102.70855627384088,-374.16292914897946 2444.377966780458,64.20282349318504,-339.11039038597545
2444.377966780458,64.20282349318504,-339.11039038597545 2454.417178482479,49.62612972652045,-281.78034392484926
2414.56810147897,102.70855627384088,-374.16292914897946 2403.709862460607,135.78966182558548,-423.02742649515534
2414.56810147897,102.70855627384088,-374.16292914897946 2416.387761344031,63.253566075882624,-419.3292062421217
2458.856135201771,99.2678955273394,-333.8301642723245 2410.9237925879884,100.28689536264207,-369.905809393245
2410.9237925879884,100.28689536264207,-369.905809393245 2422.141197494107,142.06763220232526,-411.4815217299606
2410.9237925879884,100.28689536264207,-369.905809393245 2413.053025900149,110.39098370231603,-429.01057878054957
2458.856135201771,99.2678955273394,-333.8301642723245 2430.941693966458,85.52315402451826,-385.13188014558625
2458.856135201771,99.2678955273394,-333.8301642723245 2457.6900987512736,47.578736913806225,-303.3856041536248
2457.6900987512736,47.578736913806225,-303.3856041536248 2473.3025194089887,72.69162152732994,-251.17836952474994
2468.4080917155893,85.4553474243015,-275.0306882921434 2457.452519519178,96.61140975907432,-332.9575189583544
2457.452519519178,96.61140975907432,-332.9575189583544 2438.6607787107437,153.55750097290442,-330.95422845152274
2438.6607787107437,153.55750097290442,-330.95422845152274 2449.1249670874868,94.87966507456471,-324.0685668345427
2449.1249670874868,94.87966507456471,-324.0685668345427 2427.448397720744,64.74121197023797,-371.20454019849376
2438.6607787107437,153.55750097290442,-330.95422845152274 2463.234899869487,187.57609985309716,-288.0724432799145
2438.6607787107437,153.55750097290442,-330.95422845152274 2462.6663386693,186.62017480861726,-287.01571812277535
2462.6663386693,186.62017480861726,-287.01571812277535 2431.7856737619963,173.01028434790135,-336.6257515487887
2431.7856737619963,173.01028434790135,-336.6257515487887 2462.795808157159,123.00246111461658,-324.89591010644625
2462.6663386693,186.62017480861726,-287.01571812277535 2470.3111743392906,127.14625911110636,-289.1156798329513
2462.6663386693,186.62017480861726,-287.01571812277535 2459.4466551780697,126.7399148351735,-285.0186944050674
2459.4466551780697,126.7399148351735,-285.0186944050674 2466.8049122912576,92.76160813808983,-236.11746000086094
2457.452519519178,96.61140975907432,-332.9575189583544 2417.5695628386356,88.7417783805953,-377.0870857858775
2417.5695628386356,88.7417783805953,-377.0870857858775 2444.109640956054,37.71046747097387,-360.0157776823113
2444.109640956054,37.71046747097387,-360.0157776823113 2425.178257209481,-18.982666231703895,-365.2589923842191
2417.5695628386356,88.7417783805953,-377.0870857858775 2395.191908163419,65.3175488140282,-427.59001679437966
2395.191908163419,65.3175488140282,-427.59001679437966 2375.832477173836,23.272895476890987,-465.7667054606265
2417.5695628386356,88.7417783805953,-377.0870857858775 2436.663097819582,116.8143495926501,-327.6162088230068
2417.5695628386356,88.7417783805953,-377.0870857858775 2442.1356451143815,129.60446268775823,-340.6625249397337
2417.5695628386356,88.7417783805953,-377.0870857858775 2418.0570074101197,28.77033047198485,-378.8725362989282
2418.0570074101197,28.77033047198485,-378.8725362989282 2445.9923662234232,73.82550712466278,-350.77188177331317
2417.5695628386356,88.7417783805953,-377.0870857858775 2420.119900660485,31.681524319484303,-395.46161118045325
2457.452519519178,96.61140975907432,-332.9575189583544 2426.74864841261,46.35387214142624,-344.4227800405065
2426.74864841261,46.35387214142624,-344.4227800405065 2467.2877832519935,86.42594552692444,-325.692924700395
2426.74864841261,46.35387214142624,-344.4227800405065 2472.58191844789,30.285807749800078,-309.19312400216825
2468.4080917155893,85.4553474243015,-275.0306882921434 2459.940363796304,89.4009030361606,-334.2989780835545
2468.4080917155893,85.4553474243015,-275.0306882921434 2475.393306667797,139.71531899840716,-250.3920548712594
2463.6342170913,124.87349157037991,-230.04824690496932 2476.7750511524546,175.28298408719925,-200.27910945737224
2476.7750511524546,175.28298408719925,-200.27910945737224 2479.7316070753554,126.61031193478836,-235.23951223849997
2479.7316070753554,126.61031193478836,-235.23951223849997 2472.9492155834578,77.51807982012531,-201.4171540763215
2472.9492155834578,77.51807982012531,-201.4171540763215 2470.3156500150526,136.91794071054449,-209.46208158350035
2463.6342170913,124.87349157037991,-230.04824690496932 2472.60969475981,162.28887354525034,-184.00989341251022
2469.983152604129,182.84382710026088,-215.93686084948365 2453.2883072685354,232.90589924853393,-244.4863104315985
2476.404409596674,140.54456258152922,-173.87096397553054 2472.513616505316,94.1204669478586,-211.6818760739717
2484.2607467804924,112.22596183247603,-121.56097623255855 2482.7619297874053,132.6317895134767,-177.96448449467414
2482.7619297874053,132.6317895134767,-177.96448449467414 2473.9228209953267,164.1282093052081,-228.262055967508
2473.9228209953267,164.1282093052081,-228.262055967508 2466.5959280606885,112.78182978001679,-258.42604027958726
2466.5959280606885,112.78182978001679,-258.42604027958726 2448.3940355444292,147.0765486339374,-304.1705849549591
2466.5959280606885,112.78182978001679,-258.42604027958726 2459.301614979668,162.56987924364105,-291.10543940631175
2459.301614979668,162.56987924364105,-291.10543940631175 2434.5707738862643,129.8356052099681,-334.8873169619993
2466.5959280606885,112.78182978001679,-258.42604027958726 2470.637323791894,151.53103454630582,-212.79528036345175
2473.9228209953267,164.1282093052081,-228.262055967508 2466.9842894968356,204.81219372654434,-271.8128331390915
2466.9842894968356,204.81219372654434,-271.8128331390915 2450.3607011258273,198.1815007489232,-329.08141283431183
2482.7619297874053,132.6317895134767,-177.96448449467414 2475.699701451805,190.89154147122878,-190.4515270891817
2475.699701451805,190.89154147122878,-190.4515270891817 2455.501762715843,218.28119276573838,-239.86660851968728
2455.501762715843,218.28119276573838,-239.86660851968728 2440.1698423553094,251.6894157921032,-287.28836357239396
2475.699701451805,190.89154147122878,-190.4515270891817 2468.820723268066,231.13301831044336,-234.42087096587147
2468.820723268066,231.13301831044336,-234.42087096587147 2459.7260354412933,190.692933696647,-277.8015833823654
2459.7260354412933,190.692933696647,-277.8015833823654 2451.305972628978,212.98028416119897,-332.86860210961174
2475.699701451805,190.89154147122878,-190.4515270891817 2466.875986058258,172.23623651321722,-246.79087074507876
2482.7619297874053,132.6317895134767,-177.96448449467414 2481.277425679159,72.91768116422897,-183.6232398001193
2481.277425679159,72.91768116422897,-183.6232398001193 2475.86985106481,19.388248896016556,-210.1818169049476
2475.86985106481,19.388248896016556,-210.1818169049476 2479.7857763269903,-1.2667109671724575,-266.3782417235343
2479.7857763269903,-1.2667109671724575,-266.3782417235343 2471.3027125967797,56.5316424614419,-252.68926912913682
2471.3027125967797,56.5316424614419,-252.68926912913682 2458.3506579082427,20.21528602393588,-298.6606355918511
2458.3506579082427,20.21528602393588,-298.6606355918511 2469.4070723341633,76.44576159629977,-316.4339109497609
2458.3506579082427,20.21528602393588,-298.6606355918511 2433.5927483142214,43.918114548521345,-347.90717691678446
2475.86985106481,19.388248896016556,-210.1818169049476 2477.875346375541,34.30253142312058,-268.26401869913195
2477.875346375541,34.30253142312058,-268.26401869913195 2454.049758395607,83.18506185181808,-293.6182999214006
2475.86985106481,19.388248896016556,-210.1818169049476 2466.836299345477,47.025638368590116,-262.66581109818156
2475.86985106481,19.388248896016556,-210.1818169049476 2459.0074679745835,57.61093950402107,-253.24788195857423
2475.86985106481,19.388248896016556,-210.1818169049476 2477.86770249564,62.309172095188345,-252.0602474079061
2475.86985106481,19.388248896016556,-210.1818169049476 2476.7092151495253,79.12696440703174,-215.7118564190275
2476.7092151495253,79.12696440703174,-215.7118564190275 2457.616461820817,73.5748249907166,-272.3214008283487
2475.86985106481,19.388248896016556,-210.1818169049476 2470.018518233715,-14.221245784352746,-259.5393266823865
2481.277425679159,72.91768116422897,-183.6232398001193 2471.320803438413,37.21542916390273,-230.80602135928856
2482.7619297874053,132.6317895134767,-177.96448449467414 2471.3691253901657,184.95492906964742,-205.02909376493176
2489.823995634899,17.084501394845223,-56.6710589441826 2487.9314046015966,4.954014058034167,-115.4015397539983
2487.9314046015966,4.954014058034167,-115.4015397539983 2487.697842690617,-39.661837969904255,-155.5185086905324
2487.9314046015966,4.954014058034167,-115.4015397539983 2486.167343248298,-1.1344208877667494,-175.0657589096409
2487.9314046015966,4.954014058034167,-115.4015397539983 2488.4080525319673,64.3105587326695,-106.6509162882964
2487.9314046015966,4.954014058034167,-115.4015397539983 2486.1692015347794,25.111186400742326,-171.88678600023204
2480.0,0.0,0.0 2489.806715839666,-12.833336308146936,-57.7852386310037
