起始树
1200.0,0.0,280.0 1170.7206045142693,9.479300057453163,331.5059207316105
1170.7206045142693,9.479300057453163,331.5059207316105 1211.302108569102,32.736144954908404,293.9258635993589
1170.7206045142693,9.479300057453163,331.5059207316105 1197.9500154398438,-40.96280683628372,349.2302834216207
1200.0,0.0,280.0 1173.4187752837308,18.759605135866625,330.4134476873936
1173.4187752837308,18.759605135866625,330.4134476873936 1222.3399907865487,10.328058468777172,364.11246391231543
1222.3399907865487,10.328058468777172,364.11246391231543 1204.526414590767,-7.189806117360309,418.6633660447168
1173.4187752837308,18.759605135866625,330.4134476873936 1134.8956747092104,-20.445921705509992,306.3531611717372
1134.8956747092104,-20.445921705509992,306.3531611717372 1100.0127188122651,-10.465814883830177,354.1399465388199
1173.4187752837308,18.759605135866625,330.4134476873936 1147.4705773641765,70.82148143056112,315.7079364278842
1173.4187752837308,18.759605135866625,330.4134476873936 1191.7409029763423,-24.5831359930749,367.63852563553496
1200.0,0.0,280.0 1216.4399088108648,54.48482099484538,299.0035175546557
1216.4399088108648,54.48482099484538,299.0035175546557 1192.2080185476882,68.58315175650978,245.95587327135053
1216.4399088108648,54.48482099484538,299.0035175546557 1186.1259091937734,3.4523535963461924,290.2428841051784
1186.1259091937734,3.4523535963461924,290.2428841051784 1173.229939067496,-4.155795244173431,348.34460547143965
1216.4399088108648,54.48482099484538,299.0035175546557 1159.3445823989382,41.099458279673854,311.6903519470028
1200.0,0.0,280.0 1184.3172142519197,43.58902184895542,241.86802646818427
1184.3172142519197,43.58902184895542,241.86802646818427 1208.9394787129088,-9.947219077152575,253.16470741060445
1208.9394787129088,-9.947219077152575,253.16470741060445 1202.4015277222031,28.61827583295939,298.661496299286
1208.9394787129088,-9.947219077152575,253.16470741060445 1188.8565249370217,-28.044303641676652,199.60006890813668
1188.8565249370217,-28.044303641676652,199.60006890813668 1222.7838196224716,-70.1820990518671,173.65117927301765
1188.8565249370217,-28.044303641676652,199.60006890813668 1145.0199022919257,-59.688298811182925,173.58068988434505
1145.0199022919257,-59.688298811182925,173.58068988434505 1122.2661192366832,-32.12224568316759,221.77174788910764
1208.9394787129088,-9.947219077152575,253.16470741060445 1226.216674826484,44.38524738354368,234.47028089491863
1226.216674826484,44.38524738354368,234.47028089491863 1210.0238186205113,3.856527723775038,275.6432609987753
1226.216674826484,44.38524738354368,234.47028089491863 1224.451995378911,102.68947430310863,248.523858011055
1226.216674826484,44.38524738354368,234.47028089491863 1182.2570759122254,84.89808377573249,239.5950980387057
1182.2570759122254,84.89808377573249,239.5950980387057 1193.5211999864814,41.94020505802721,279.9403600271312
1226.216674826484,44.38524738354368,234.47028089491863 1234.3398764633941,6.999126366265642,188.25024681393225
1234.3398764633941,6.999126366265642,188.25024681393225 1209.2862765637974,-24.55527608495375,232.7096307279881
1234.3398764633941,6.999126366265642,188.25024681393225 1196.2143699729056,-24.807031282930357,154.56324501148313
1234.3398764633941,6.999126366265642,188.25024681393225 1236.6937993556433,63.55996873808012,168.3673356284921
1236.6937993556433,63.55996873808012,168.3673356284921 1221.230951140603,26.566236121411464,213.0032412669471
1221.230951140603,26.566236121411464,213.0032412669471 1219.0146406336576,-24.478857973531476,181.54713952856852
1221.230951140603,26.566236121411464,213.0032412669471 1214.0613466923796,12.713157768184496,270.9401810566475
1236.6937993556433,63.55996873808012,168.3673356284921 1195.1469795464973,37.85876115352147,203.19993088698217
1195.1469795464973,37.85876115352147,203.19993088698217 1201.1228532459952,42.269016801585764,143.6613838888704
1208.9394787129088,-9.947219077152575,253.16470741060445 1201.4302174441418,-48.27339363538164,298.71375063798246
1201.4302174441418,-48.27339363538164,298.71375063798246 1177.3718327701188,-24.111158737283848,249.34391641093774
1208.9394787129088,-9.947219077152575,253.16470741060445 1219.542799683361,48.142509455803,242.52736641930895
1208.9394787129088,-9.947219077152575,253.16470741060445 1206.889929224548,-31.058613899419363,197.0388813093066
1206.889929224548,-31.058613899419363,197.0388813093066 1200.7423444916838,-84.1183186153547,169.70986856808224
1200.7423444916838,-84.1183186153547,169.70986856808224 1235.4944812201325,-41.3439539376963,193.42995961406874
1235.4944812201325,-41.3439539376963,193.42995961406874 1203.8937795890022,-13.295565808088892,150.83085657478884
1235.4944812201325,-41.3439539376963,193.42995961406874 1235.7813029618135,2.066229753500174,234.84823680162302
1235.7813029618135,2.066229753500174,234.84823680162302 1222.6224172877892,56.755289794291215,255.72766303111285
1235.4944812201325,-41.3439539376963,193.42995961406874 1217.9505253237091,15.983103193826928,195.8420400736361
1235.4944812201325,-41.3439539376963,193.42995961406874 1206.3482119179275,-18.933271015264566,240.8457404967408
1206.3482119179275,-18.933271015264566,240.8457404967408 1221.7034455838436,-62.566254656681714,202.6308279937278
1235.4944812201325,-41.3439539376963,193.42995961406874 1206.382966908298,-92.39149163420058,205.54064207195785
1206.382966908298,-92.39149163420058,205.54064207195785 1196.0468349273717,-128.96709712569117,159.11446994239586
1235.4944812201325,-41.3439539376963,193.42995961406874 1199.642502365199,-15.119679143518056,233.76509347655687
1235.4944812201325,-41.3439539376963,193.42995961406874 1196.8164295341978,0.8318149754371262,211.46361798851245
1196.8164295341978,0.8318149754371262,211.46361798851245 1200.1148184125834,-14.334369896770518,153.50581034166504
1196.8164295341978,0.8318149754371262,211.46361798851245 1185.3725083418683,-42.082862903273536,171.1229797894178
1235.4944812201325,-41.3439539376963,193.42995961406874 1191.8367218188268,-11.432027420845806,165.15847758520718
1235.4944812201325,-41.3439539376963,193.42995961406874 1237.3040975498438,-14.44081186348144,247.02983121161878
1237.3040975498438,-14.44081186348144,247.02983121161878 1215.978359274953,-40.13021932909132,296.8822858261783
1215.978359274953,-40.13021932909132,296.8822858261783 1192.3236025496672,5.937209438582549,327.18483507542203
1237.3040975498438,-14.44081186348144,247.02983121161878 1229.068061723841,31.428706056928153,284.82076980305925
1229.068061723841,31.428706056928153,284.82076980305925 1188.8168689099673,73.85794389505293,271.41923058041016
1237.3040975498438,-14.44081186348144,247.02983121161878 1189.8348641198163,-51.0584144744152,249.44293224416666
1237.3040975498438,-14.44081186348144,247.02983121161878 1203.941355767245,15.934505839709235,286.5806533924264
1203.941355767245,15.934505839709235,286.5806533924264 1169.9975652364553,50.53497693682341,251.2164556175633
1237.3040975498438,-14.44081186348144,247.02983121161878 1187.9156965799716,15.071755840771559,230.00648849812637
1187.9156965799716,15.071755840771559,230.00648849812637 1231.8582446605396,40.00832751740229,197.64571191283363
1237.3040975498438,-14.44081186348144,247.02983121161878 1239.1224758018554,28.311192440957324,289.0888329649398
1235.4944812201325,-41.3439539376963,193.42995961406874 1212.4741095997051,-52.150519220399886,247.77405439214087
1212.4741095997051,-52.150519220399886,247.77405439214087 1173.454960520168,-45.89436854602166,202.6257810713555
1235.4944812201325,-41.3439539376963,193.42995961406874 1186.4210170084111,-42.41913734124465,158.92432107614815
1235.4944812201325,-41.3439539376963,193.42995961406874 1217.6693246515274,-71.73045995390211,241.9987154703989
1235.4944812201325,-41.3439539376963,193.42995961406874 1177.5304732816924,-50.76899513656099,205.7320887839383
1177.5304732816924,-50.76899513656099,205.7320887839383 1133.9728009308214,-54.97682683039209,164.68305308502607
1177.5304732816924,-50.76899513656099,205.7320887839383 1224.5525672544973,-16.73139318633062,190.5543309821291
1177.5304732816924,-50.76899513656099,205.7320887839383 1225.4888474604932,-80.58571599580112,226.00417558644284
1235.4944812201325,-41.3439539376963,193.42995961406874 1198.4741465845318,-72.78104359555822,228.66068792490128
1198.4741465845318,-72.78104359555822,228.66068792490128 1150.6216540274813,-48.23893077722519,255.26564337477257
1235.4944812201325,-41.3439539376963,193.42995961406874 1248.9540819619838,-11.061404414963476,143.411899453031
1248.9540819619838,-11.061404414963476,143.411899453031 1222.8885514273593,35.035636250324146,115.2046138719728
1222.8885514273593,35.035636250324146,115.2046138719728 1206.4212443347403,88.17774924094721,92.7381138328204
1206.4212443347403,88.17774924094721,92.7381138328204 1162.2451698106784,124.30290401957164,74.2057736712286
1162.2451698106784,124.30290401957164,74.2057736712286 1173.3631249689768,66.88629077289983,87.6118766239951
1248.9540819619838,-11.061404414963476,143.411899453031 1213.867180441984,18.563125290725186,182.02920880314758
1213.867180441984,18.563125290725186,182.02920880314758 1162.9817644635136,20.983974501157732,213.72800893498842
1213.867180441984,18.563125290725186,182.02920880314758 1194.3464594894283,-7.31522624415793,232.51933036498846
1248.9540819619838,-11.061404414963476,143.411899453031 1214.478370461521,36.34774836313403,156.21024111903913
1248.9540819619838,-11.061404414963476,143.411899453031 1196.759548748108,5.037418097943089,168.24249784057588
1248.9540819619838,-11.061404414963476,143.411899453031 1213.603100139624,28.835772688763214,170.95320195216974
1213.603100139624,28.835772688763214,170.95320195216974 1231.892418119092,20.22145799804052,227.44474494981768
1248.9540819619838,-11.061404414963476,143.411899453031 1230.5038798640917,-57.52632746410265,176.58720606178017
1248.9540819619838,-11.061404414963476,143.411899453031 1223.2826835297096,12.180098961025685,94.4138196604992
1248.9540819619838,-11.061404414963476,143.411899453031 1239.6002035343727,18.362371437816595,91.96536047394292
1248.9540819619838,-11.061404414963476,143.411899453031 1230.5954060872543,40.01063590460823,168.99716313591426
1248.9540819619838,-11.061404414963476,143.411899453031 1224.3751891307782,-5.27719553608134,197.84002595796935
1248.9540819619838,-11.061404414963476,143.411899453031 1208.6848463834742,-44.25632888574944,113.80639902994542
1248.9540819619838,-11.061404414963476,143.411899453031 1195.417273008069,9.461590674427772,125.73092777178967
1248.9540819619838,-11.061404414963476,143.411899453031 1222.0633097189568,26.810129227300912,105.42988650273452
1248.9540819619838,-11.061404414963476,143.411899453031 1214.2168754802601,25.052862964742374,110.41059375957076
1214.2168754802601,25.052862964742374,110.41059375957076 1175.6968781583673,70.22052721873433,101.68752594142165
1248.9540819619838,-11.061404414963476,143.411899453031 1245.8740984019632,25.309896586842783,191.0316659865411
1248.9540819619838,-11.061404414963476,143.411899453031 1206.7823299551164,-26.516993330162464,103.62913806124645
1248.9540819619838,-11.061404414963476,143.411899453031 1225.055148076595,31.970408387800944,177.72084939396706
1248.9540819619838,-11.061404414963476,143.411899453031 1238.920198889919,-15.705664689334945,84.43943098680495
1248.9540819619838,-11.061404414963476,143.411899453031 1242.2915656898972,32.85771860219992,183.74453524995667
1248.9540819619838,-11.061404414963476,143.411899453031 1214.9418102879624,29.506490364256024,171.65037123807528
1248.9540819619838,-11.061404414963476,143.411899453031 1202.2243139965667,-45.7520577757558,128.8212395879111
1248.9540819619838,-11.061404414963476,143.411899453031 1208.8950978977794,32.32752262503939,154.02692682280824
1235.4944812201325,-41.3439539376963,193.42995961406874 1222.6890484154233,9.117644271961595,223.25692722412134
1235.4944812201325,-41.3439539376963,193.42995961406874 1203.7918285403682,-81.4983500172681,224.7758730407198
1235.4944812201325,-41.3439539376963,193.42995961406874 1230.2159051734648,-89.47398751809786,157.99499802993597
1230.2159051734648,-89.47398751809786,157.99499802993597 1191.4472296393885,-72.4192812097364,115.49644758325536
1230.2159051734648,-89.47398751809786,157.99499802993597 1179.862478662772,-57.38197250081911,152.10984631030908
1230.2159051734648,-89.47398751809786,157.99499802993597 1221.5056335204704,-62.29778321171217,210.77364036969897
1230.2159051734648,-89.47398751809786,157.99499802993597 1229.2731933046389,-121.75484849165326,208.56235221362215
1229.2731933046389,-121.75484849165326,208.56235221362215 1213.5724232659027,-172.2269667304212,180.17131312234278
1229.2731933046389,-121.75484849165326,208.56235221362215 1277.2544925745253,-157.7663862116365,209.5442235981786
1277.2544925745253,-157.7663862116365,209.5442235981786 1336.8762515011108,-161.80863842552515,214.92065917757947
1336.8762515011108,-161.80863842552515,214.92065917757947 1396.4980104276963,-165.8508906394138,220.29709475698033
1396.4980104276963,-165.8508906394138,220.29709475698033 1434.7839974389851,-202.03761235734507,191.5794282452246
1434.7839974389851,-202.03761235734507,191.5794282452246 1492.7140867527548,-196.261628532042,206.09641012674908
1492.7140867527548,-196.261628532042,206.09641012674908 1550.6441760665246,-190.48564470673895,220.61339200827356
1550.6441760665246,-190.48564470673895,220.61339200827356 1608.5742653802943,-184.70966088143592,235.13037388979808
1235.4944812201325,-41.3439539376963,193.42995961406874 1192.4594138401355,0.46450245294971637,193.619564019565
1200.7423444916838,-84.1183186153547,169.70986856808224 1238.0051063798658,-37.70179994690762,177.25926398535594
1238.0051063798658,-37.70179994690762,177.25926398535594 1203.0276517450322,-77.15459895351012,148.62267344435784
1203.0276517450322,-77.15459895351012,148.62267344435784 1166.325672087494,-123.80106359003594,157.40174094216133
1200.7423444916838,-84.1183186153547,169.70986856808224 1148.5852121757537,-78.64406386158694,198.85890085852722
1148.5852121757537,-78.64406386158694,198.85890085852722 1149.5657650980381,-120.10500061709597,155.4995969051393
1148.5852121757537,-78.64406386158694,198.85890085852722 1195.8479819940756,-52.75793868059341,225.2433491607802
1200.7423444916838,-84.1183186153547,169.70986856808224 1207.4966908197266,-124.64619462910927,213.43480506311434
1207.4966908197266,-124.64619462910927,213.43480506311434 1202.2967623430582,-94.18766425468722,162.0029212626162
1200.7423444916838,-84.1183186153547,169.70986856808224 1236.276851890003,-38.7057502698479,153.1268223996765
1200.7423444916838,-84.1183186153547,169.70986856808224 1190.6073572433997,-103.57320325759001,225.555991952203
1200.7423444916838,-84.1183186153547,169.70986856808224 1159.8937429901582,-112.7211089531136,136.34413554355876
1200.7423444916838,-84.1183186153547,169.70986856808224 1163.1816764034784,-103.30621072499419,127.03644581859449
1206.889929224548,-31.058613899419363,197.0388813093066 1239.2203299490416,-38.48150615822282,247.03533977896092
1239.2203299490416,-38.48150615822282,247.03533977896092 1218.521519618937,11.002419449604893,273.9221461597368
1218.521519618937,11.002419449604893,273.9221461597368 1223.159350616762,42.217197448239176,324.95280516127815
1239.2203299490416,-38.48150615822282,247.03533977896092 1249.2223144979287,10.533060201251082,280.1643691893821
1249.2223144979287,10.533060201251082,280.1643691893821 1238.6424338044962,-22.238970255065198,231.03128314460966
1249.2223144979287,10.533060201251082,280.1643691893821 1209.7264457663935,-20.364490108805303,247.21869059599322
1249.2223144979287,10.533060201251082,280.1643691893821 1208.2562880283947,19.318003915776934,237.21545256474465
1249.2223144979287,10.533060201251082,280.1643691893821 1236.9629265544397,-31.68842362356282,239.33480011399243
1249.2223144979287,10.533060201251082,280.1643691893821 1207.4863774247485,-2.6191979913486794,321.2147000170228
1249.2223144979287,10.533060201251082,280.1643691893821 1223.1908223574321,44.934132836566874,321.86482024784186
1249.2223144979287,10.533060201251082,280.1643691893821 1189.6569521606234,11.204732204521118,272.9868719692113
1249.2223144979287,10.533060201251082,280.1643691893821 1193.255612851793,-7.374636425625297,292.29048597804166
1239.2203299490416,-38.48150615822282,247.03533977896092 1199.628818336413,4.514354406818413,260.59514001711415
1239.2203299490416,-38.48150615822282,247.03533977896092 1196.5311272444899,-5.381505355333822,273.15088915664865
1206.889929224548,-31.058613899419363,197.0388813093066 1182.187003232683,-70.99869826252373,159.69513874768666
1206.889929224548,-31.058613899419363,197.0388813093066 1149.1178444235866,-16.697813902729138,189.54530798241012
1206.889929224548,-31.058613899419363,197.0388813093066 1152.5810968557078,-53.071014701018605,209.9231716538677
1184.3172142519197,43.58902184895542,241.86802646818427 1206.2205060264303,-0.857094332165282,275.7027507297322
1206.2205060264303,-0.857094332165282,275.7027507297322 1156.8796400019482,-5.847485995565387,241.9303517773336
1156.8796400019482,-5.847485995565387,241.9303517773336 1142.153500200039,-46.17952898986312,283.8405786252133
1142.153500200039,-46.17952898986312,283.8405786252133 1159.2320544370436,-28.391814360785347,338.53902644092545
1156.8796400019482,-5.847485995565387,241.9303517773336 1171.0742061125118,5.632919705401717,184.77517197817593
1206.2205060264303,-0.857094332165282,275.7027507297322 1232.4996774664194,41.547114190541365,242.3667604490989
1232.4996774664194,41.547114190541365,242.3667604490989 1178.4158030472852,19.6066976013224,228.45444045181404
1184.3172142519197,43.58902184895542,241.86802646818427 1144.0036801764427,75.23129229541033,210.6656917584425
1144.0036801764427,75.23129229541033,210.6656917584425 1151.3469165144916,121.31587134709953,172.95245199158916
1144.0036801764427,75.23129229541033,210.6656917584425 1174.6645849450879,87.164834129378,160.4910019431082
1184.3172142519197,43.58902184895542,241.86802646818427 1154.956944614284,91.98570437868555,261.76113298581606
目标树
2480.0,0.0,0.0 2421.3859989562243,0.0,12.821812728325938
2421.3859989562243,0.0,12.821812728325938 2362.7719979124486,0.0,25.643625456651872
2362.7719979124486,0.0,25.643625456651872 2304.157996868673,0.0,38.465438184977806
2304.157996868673,0.0,38.465438184977806 2245.543995824897,0.0,51.28725091330374
2245.543995824897,0.0,51.28725091330374 2186.9299947811214,0.0,64.10906364162967
2186.9299947811214,0.0,64.10906364162967 2128.3159937373457,0.0,76.93087636995561
2128.3159937373457,0.0,76.93087636995561 2069.70199269357,0.0,89.75268909828155
2069.70199269357,0.0,89.75268909828155 2011.0879916497943,0.0,102.57450182660749
2011.0879916497943,0.0,102.57450182660749 2067.8004448769966,0.0,122.16270360605635
2067.8004448769966,0.0,122.16270360605635 2008.7689136159706,0.0,132.89947765502055
2008.7689136159706,0.0,132.89947765502055 2055.8172613075867,0.0,170.13458178390434
2055.8172613075867,0.0,170.13458178390434 1996.3056362915145,0.0,177.7743781127614
1996.3056362915145,0.0,177.7743781127614 1956.602368565052,0.0,222.75938152324085
1956.602368565052,0.0,222.75938152324085 1896.7733445274155,0.0,227.28573576301187
1896.7733445274155,0.0,227.28573576301187 1836.9443204897789,0.0,231.8120900027829
1836.9443204897789,0.0,231.8120900027829 1777.1152964521423,0.0,236.33844424255392
1777.1152964521423,0.0,236.33844424255392 1717.2862724145057,0.0,240.86479848232491
1717.2862724145057,0.0,240.86479848232491 1657.457248376869,0.0,245.3911527220959
1657.457248376869,0.0,245.3911527220959 1705.7183999589333,-5.896465405584557,210.23303923894994
1705.7183999589333,-5.896465405584557,210.23303923894994 1750.143525036913,15.73913271362678,244.26698047163487
1705.7183999589333,-5.896465405584557,210.23303923894994 1723.0195745408405,-2.525627911954598,267.5855179358459
1705.7183999589333,-5.896465405584557,210.23303923894994 1688.115688219006,-60.285790071445284,228.4524218243347
1657.457248376869,0.0,245.3911527220959 1704.0014309853866,5.709591053520841,282.82161672278033
1704.0014309853866,5.709591053520841,282.82161672278033 1690.4867577597884,24.961999454401848,227.62471120833152
1690.4867577597884,24.961999454401848,227.62471120833152 1689.6837545671056,66.44099587142081,270.97039198634525
1689.6837545671056,66.44099587142081,270.97039198634525 1654.4818750442153,55.63713366447813,223.5984146213532
1657.457248376869,0.0,245.3911527220959 1652.0837334813152,-58.851806224562594,235.0185811135797
1652.0837334813152,-58.851806224562594,235.0185811135797 1706.8792446808516,-43.06627062748846,216.35661931169534
1706.8792446808516,-43.06627062748846,216.35661931169534 1703.2727948264842,-84.78712896056444,259.3259513916723
1652.0837334813152,-58.851806224562594,235.0185811135797 1692.5642035831904,-90.92163661983972,265.56129740976644
1692.5642035831904,-90.92163661983972,265.56129740976644 1740.8733730493925,-87.44595983601621,230.14740442438332
1652.0837334813152,-58.851806224562594,235.0185811135797 1673.9222263870647,-83.3967121423592,285.22443556395274
1652.0837334813152,-58.851806224562594,235.0185811135797 1663.3184205533296,-2.554558092153954,217.57147077656614
1663.3184205533296,-2.554558092153954,217.57147077656614 1667.7799099077242,-49.4810669611347,180.450076970432
1652.0837334813152,-58.851806224562594,235.0185811135797 1695.7341059160099,-61.34984161256489,276.1087843926187
1695.7341059160099,-61.34984161256489,276.1087843926187 1676.9709497345198,-64.51322992283615,333.0116572946739
1652.0837334813152,-58.851806224562594,235.0185811135797 1660.3932704538463,-83.1012816416654,180.7699448422644
1660.3932704538463,-83.1012816416654,180.7699448422644 1710.9699709637703,-115.0156034552368,185.61488330516144
1710.9699709637703,-115.0156034552368,185.61488330516144 1693.7712761458913,-75.10614153381769,144.24533235637477
1710.9699709637703,-115.0156034552368,185.61488330516144 1744.8090116622016,-151.25052818730182,151.82213919830477
1652.0837334813152,-58.851806224562594,235.0185811135797 1693.501691658225,-39.477301049952416,273.866763692624
1652.0837334813152,-58.851806224562594,235.0185811135797 1703.714530339413,-81.25726411560534,214.22780737880598
1652.0837334813152,-58.851806224562594,235.0185811135797 1686.8389543552805,-97.90631091237262,264.4603929734451
1652.0837334813152,-58.851806224562594,235.0185811135797 1650.923465112029,-105.27521774277795,273.01227322584566
1650.923465112029,-105.27521774277795,273.01227322584566 1685.808158466614,-96.12724160183863,225.0604984716056
1685.808158466614,-96.12724160183863,225.0604984716056 1715.52906188144,-116.1159799323411,273.1969528503951
1652.0837334813152,-58.851806224562594,235.0185811135797 1704.7280517648655,-53.58930842879322,263.31843746321096
1652.0837334813152,-58.851806224562594,235.0185811135797 1652.2981223380025,-30.50912081410844,182.13525461890694
1652.2981223380025,-30.50912081410844,182.13525461890694 1691.7600910031313,2.3414588845266913,213.17704004655283
1652.2981223380025,-30.50912081410844,182.13525461890694 1707.7433493869075,-51.431647062532946,191.52006643797705
1652.2981223380025,-30.50912081410844,182.13525461890694 1703.858479688793,-14.149279653605369,208.09455251122088
1652.2981223380025,-30.50912081410844,182.13525461890694 1686.4192476718158,-29.526259849950236,231.47877283841925
1686.4192476718158,-29.526259849950236,231.47877283841925 1731.4406434759535,1.451428262177533,206.71071358713954
1652.2981223380025,-30.50912081410844,182.13525461890694 1697.3155439693858,-41.227809315652074,220.32611041540798
1652.2981223380025,-30.50912081410844,182.13525461890694 1652.216787380058,-90.38954536320914,185.92050764137116
1652.2981223380025,-30.50912081410844,182.13525461890694 1690.9851629206983,-48.69829055331742,140.03457772231667
1652.2981223380025,-30.50912081410844,182.13525461890694 1687.8201325422774,-66.77124232200723,214.12346080171386
1652.2981223380025,-30.50912081410844,182.13525461890694 1664.976063803456,-83.91212277962671,206.37136778231218
1652.2981223380025,-30.50912081410844,182.13525461890694 1697.5762998617554,8.704590303394877,178.6464868535619
1652.2981223380025,-30.50912081410844,182.13525461890694 1656.389054399028,-6.580034406004376,237.00476435378212
1656.389054399028,-6.580034406004376,237.00476435378212 1708.5055422776745,-32.35356414120699,222.18596358639434
1656.389054399028,-6.580034406004376,237.00476435378212 1661.2458537721548,-55.00590201403112,201.91421225982012
1656.389054399028,-6.580034406004376,237.00476435378212 1654.5927349605668,9.910775155045588,294.6660723210507
1654.5927349605668,9.910775155045588,294.6660723210507 1680.122643486631,-9.39287163006054,243.9157719135984
1654.5927349605668,9.910775155045588,294.6660723210507 1675.2848611196532,-44.70895198655717,280.9357656240641
1654.5927349605668,9.910775155045588,294.6660723210507 1706.086910535499,-1.6761091443796463,266.1337398876556
1654.5927349605668,9.910775155045588,294.6660723210507 1671.3122173386737,47.01047690720047,250.5744513607217
1654.5927349605668,9.910775155045588,294.6660723210507 1686.3300499069544,43.57005958960656,256.4588032306392
1654.5927349605668,9.910775155045588,294.6660723210507 1683.9848337979884,2.2091095634419124,346.4037652832069
1652.2981223380025,-30.50912081410844,182.13525461890694 1708.6775828491823,-39.357911538913555,200.6570076454679
1652.2981223380025,-30.50912081410844,182.13525461890694 1691.0627063104748,-53.972510050467655,142.80617638175212
1652.2981223380025,-30.50912081410844,182.13525461890694 1696.6800828710307,-64.12184896619188,159.76504931321367
1652.2981223380025,-30.50912081410844,182.13525461890694 1700.8476696693358,-30.48902603585615,146.87988552251943
1652.0837334813152,-58.851806224562594,235.0185811135797 1669.5584643240925,-102.30945487580216,272.5161351095126
1652.0837334813152,-58.851806224562594,235.0185811135797 1692.5438495285434,-41.76062594409295,194.14229745097992
1652.0837334813152,-58.851806224562594,235.0185811135797 1642.944021291156,-114.55966324878246,255.34345077737171
1642.944021291156,-114.55966324878246,255.34345077737171 1675.7691268633164,-68.71297394331582,275.8518276976584
1642.944021291156,-114.55966324878246,255.34345077737171 1688.9166340429106,-109.18174974311131,293.5219384779438
1642.944021291156,-114.55966324878246,255.34345077737171 1639.2568685197168,-138.69496960014655,200.53567859343897
1639.2568685197168,-138.69496960014655,200.53567859343897 1635.3220235294498,-182.04274597999594,241.83322425689386
1639.2568685197168,-138.69496960014655,200.53567859343897 1646.6636232247727,-154.2018258742448,258.02200212550696
1642.944021291156,-114.55966324878246,255.34345077737171 1668.4343596000251,-157.728159187302,222.37795955844064
1642.944021291156,-114.55966324878246,255.34345077737171 1647.7886821770287,-131.8544894170759,198.09471062783297
1647.7886821770287,-131.8544894170759,198.09471062783297 1692.6032617792355,-159.6694677775742,226.69506786130967
1642.944021291156,-114.55966324878246,255.34345077737171 1650.567971065838,-173.15415677662665,265.7626982573269
1642.944021291156,-114.55966324878246,255.34345077737171 1687.8877394058857,-144.69808984923358,229.42555263587602
1652.0837334813152,-58.851806224562594,235.0185811135797 1665.0045231112026,-24.242807907918262,282.2972277826491
1665.0045231112026,-24.242807907918262,282.2972277826491 1682.877599895749,-71.70205709663634,250.2320941840365
1652.0837334813152,-58.851806224562594,235.0185811135797 1673.3844677635989,-93.80570633154296,191.14941669998746
1652.0837334813152,-58.851806224562594,235.0185811135797 1690.7778751775043,-60.75267146876673,280.835064061517
1652.0837334813152,-58.851806224562594,235.0185811135797 1691.533527259803,-43.48740957917887,277.5350377693044
1652.0837334813152,-58.851806224562594,235.0185811135797 1695.189022325403,-17.46744577806701,240.42864433893118
1695.189022325403,-17.46744577806701,240.42864433893118 1672.6386940532304,-3.870379894550526,186.5157285007336
1652.0837334813152,-58.851806224562594,235.0185811135797 1672.6433973338278,-18.890143591399024,274.77239529366693
1652.0837334813152,-58.851806224562594,235.0185811135797 1686.5660996278436,-37.04861791148672,191.02326995066932
1652.0837334813152,-58.851806224562594,235.0185811135797 1697.49987319952,-69.34514329923795,197.2394317037036
1657.457248376869,0.0,245.3911527220959 1681.10835163687,-55.140919706767725,245.71408998622618
1657.457248376869,0.0,245.3911527220959 1679.7002300319973,-53.13678638121779,228.60628751064849
1679.7002300319973,-53.13678638121779,228.60628751064849 1688.1490955363408,-25.92104531997503,175.80552889699885
1657.457248376869,0.0,245.3911527220959 1708.8790304124684,13.762115283216783,217.70714081603793
1708.8790304124684,13.762115283216783,217.70714081603793 1696.9465940317498,70.21357437128547,201.24962797696614
1657.457248376869,0.0,245.3911527220959 1715.8719992853808,-2.6294209242866797,231.94485130127933
1715.8719992853808,-2.6294209242866797,231.94485130127933 1714.7471982039813,18.785671192168607,287.9817021422306
1714.7471982039813,18.785671192168607,287.9817021422306 1745.7229160715463,-27.677129807666127,266.0337403726545
1715.8719992853808,-2.6294209242866797,231.94485130127933 1729.681075324997,53.96114072075603,246.32601090788674
1715.8719992853808,-2.6294209242866797,231.94485130127933 1665.4361656336646,12.672589709751225,203.2729983020014
1657.457248376869,0.0,245.3911527220959 1708.8419924428185,-29.841378374281835,253.70380657028468
1708.8419924428185,-29.841378374281835,253.70380657028468 1705.8284038820098,-75.78286768923213,292.1784455355884
1657.457248376869,0.0,245.3911527220959 1672.5531933968696,52.482714200588994,220.53804116453807
1657.457248376869,0.0,245.3911527220959 1704.7368882443143,34.75985408320935,232.88562601912622
1657.457248376869,0.0,245.3911527220959 1680.5925543633334,-35.20593187995483,202.66762317014238
1657.457248376869,0.0,245.3911527220959 1684.4569682108056,16.089608578150674,296.5002480446589
1684.4569682108056,16.089608578150674,296.5002480446589 1705.4724101815386,72.2688611936905,295.00265853677865
1657.457248376869,0.0,245.3911527220959 1668.9744011164314,58.879372302987946,246.1492490086765
1668.9744011164314,58.879372302987946,246.1492490086765 1693.476284917353,18.92554730692715,283.61055649240274
1657.457248376869,0.0,245.3911527220959 1699.3335026459945,-23.26123179139365,209.2622941193859
1657.457248376869,0.0,245.3911527220959 1715.5406395020434,6.093901933585974,259.14557145295703
1715.5406395020434,6.093901933585974,259.14557145295703 1735.7765585388404,-21.82863502569677,308.2458719662297
1657.457248376869,0.0,245.3911527220959 1694.230544038447,-30.19000675580896,281.9464289249968
1657.457248376869,0.0,245.3911527220959 1702.3958834702057,30.85053157744649,270.4663152806299
1657.457248376869,0.0,245.3911527220959 1698.777341762389,1.8955453352366183,201.92787177721118
1657.457248376869,0.0,245.3911527220959 1691.5727305634011,37.51343127253435,213.3150502571571
1657.457248376869,0.0,245.3911527220959 1680.0415735365677,-10.693910167670023,190.84219725632363
1657.457248376869,0.0,245.3911527220959 1697.3805363233994,43.74532566326591,235.77462725011648
1657.457248376869,0.0,245.3911527220959 1674.9775689056194,55.64433179164579,231.36450992949977
1657.457248376869,0.0,245.3911527220959 1710.3076704384036,22.99412276602289,228.7147260623249
1717.2862724145057,0.0,240.86479848232491 1712.1824564196654,-27.905687969975066,187.99492387292943
1717.2862724145057,0.0,240.86479848232491 1674.9775992975615,-12.71320821307982,281.4646816843053
1717.2862724145057,0.0,240.86479848232491 1681.8128945994024,19.94171846870611,284.95524337576876
1717.2862724145057,0.0,240.86479848232491 1753.3038459054324,26.951021963624225,280.56841059686616
1753.3038459054324,26.951021963624225,280.56841059686616 1801.0569128911357,58.6639587592266,262.8502212633856
1896.7733445274155,0.0,227.28573576301187 1918.8403245118843,43.33570869321081,192.1422477969288
1918.8403245118843,43.33570869321081,192.1422477969288 1906.0383269365648,-15.23863559024921,194.41272128151502
1896.7733445274155,0.0,227.28573576301187 1954.63718401034,15.352901010238224,223.27768001686943
1896.7733445274155,0.0,227.28573576301187 1861.437610358638,-40.58295052978656,253.8264595106868
1861.437610358638,-40.58295052978656,253.8264595106868 1883.6697910314908,11.270917826406674,274.24474736810055
1956.602368565052,0.0,222.75938152324085 1931.5631814118892,46.62598595224328,251.02696968866616
1931.5631814118892,46.62598595224328,251.02696968866616 1890.1883141296362,14.34448905620031,221.9404553645551
1890.1883141296362,14.34448905620031,221.9404553645551 1909.5291710862048,58.125159840370245,185.757805960819
1909.5291710862048,58.125159840370245,185.757805960819 1860.4048886091175,26.153607932597204,172.92718868338795
1860.4048886091175,26.153607932597204,172.92718868338795 1824.3272794100087,-4.374293275462168,209.8927586412196
1909.5291710862048,58.125159840370245,185.757805960819 1898.3134839812858,116.95754463881997,189.3576478589715
1890.1883141296362,14.34448905620031,221.9404553645551 1840.251985792117,43.30407227633101,238.30216835200878
1840.251985792117,43.30407227633101,238.30216835200878 1883.9711956962578,77.3186355529435,261.3594919273721
1883.9711956962578,77.3186355529435,261.3594919273721 1872.7446126319123,64.50747309517585,203.82830082915103
1872.7446126319123,64.50747309517585,203.82830082915103 1853.996875361192,20.320319790088945,239.82854846747694
1872.7446126319123,64.50747309517585,203.82830082915103 1904.297437177657,105.33359947097665,234.4493176041145
1904.297437177657,105.33359947097665,234.4493176041145 1908.8919924296383,165.11162619321237,232.10889387492296
1872.7446126319123,64.50747309517585,203.82830082915103 1908.9847530967852,90.11827491954188,244.21071097266935
1840.251985792117,43.30407227633101,238.30216835200878 1812.1942876795513,30.562651850914918,289.7844156045026
1812.1942876795513,30.562651850914918,289.7844156045026 1852.0138719812658,17.036260394431757,246.98911866424731
1812.1942876795513,30.562651850914918,289.7844156045026 1855.925282806972,41.41632671342469,329.40508959100157
1931.5631814118892,46.62598595224328,251.02696968866616 1926.8353213178132,-10.909681943163022,234.67783335794968
1931.5631814118892,46.62598595224328,251.02696968866616 1910.8261198678717,29.56404797193443,197.37191819418217
1996.3056362915145,0.0,177.7743781127614 2007.2801078597347,-57.85072317595379,166.2481123767353
2008.7689136159706,0.0,132.89947765502055 1986.612239447998,-53.67767720187701,147.99215005010655
2008.7689136159706,0.0,132.89947765502055 2056.785060643752,-17.965886544382535,164.0712043521552
2056.785060643752,-17.965886544382535,164.0712043521552 2013.4741170728837,-16.686029957255247,122.56790166288172
2067.8004448769966,0.0,122.16270360605635 2082.595707214083,37.242478559070015,77.50737914016533
2082.595707214083,37.242478559070015,77.50737914016533 2114.823721162127,69.02665638474417,38.12310363698252
2128.3159937373457,0.0,76.93087636995561 2168.584314556143,-40.7156042038291,94.83902850108122
2186.9299947811214,0.0,64.10906364162967 2226.1545417866,-23.098178280034432,103.19754112999902
2245.543995824897,0.0,51.28725091330374 2238.8235743068185,-58.29263705891351,63.80940725065753
2238.8235743068185,-58.29263705891351,63.80940725065753 2221.7882042005535,-65.12000950323798,6.68512912962526
2221.7882042005535,-65.12000950323798,6.68512912962526 2236.9643490602252,-103.00161778704344,50.6699944929588
2304.157996868673,0.0,38.465438184977806 2295.5061620898227,-7.919169513455231,-20.376999809862625
2295.5061620898227,-7.919169513455231,-20.376999809862625 2270.5960340582633,-62.45733628833621,-22.62952867462352
2362.7719979124486,0.0,25.643625456651872 2362.8969876714436,-32.97386856777769,-24.483297142237728
2421.3859989562243,0.0,12.821812728325938 2454.0984247137326,40.522508064969294,42.6181806476547
2454.0984247137326,40.522508064969294,42.6181806476547 2465.145555465828,98.20469264249479,30.34110915196016
