起始树
1200.0,0.0,280.0 1168.0393376868933,-45.6218346770843,257.70281934404363
1168.0393376868933,-45.6218346770843,257.70281934404363 1209.7789639801601,-68.18010679381506,294.4305739174717
1209.7789639801601,-68.18010679381506,294.4305739174717 1178.0159050868854,-58.35662883809442,244.48452932337165
1209.7789639801601,-68.18010679381506,294.4305739174717 1160.8105392834364,-102.62040009224417,290.4356295825053
1209.7789639801601,-68.18010679381506,294.4305739174717 1223.885894355972,-105.38930648513232,249.52545200800938
1209.7789639801601,-68.18010679381506,294.4305739174717 1233.1898799856087,-64.34033434337157,349.5412367633733
1209.7789639801601,-68.18010679381506,294.4305739174717 1240.149171329133,-16.43435373441796,294.2646043531319
1168.0393376868933,-45.6218346770843,257.70281934404363 1204.0608169512036,2.2411498427758048,261.1068969669095
1204.0608169512036,2.2411498427758048,261.1068969669095 1230.2765315402498,-44.22991870129463,233.6628430215104
1230.2765315402498,-44.22991870129463,233.6628430215104 1221.7240540241867,-22.063338876150375,178.567490520662
1221.7240540241867,-22.063338876150375,178.567490520662 1241.3146805394506,9.968838223743028,131.76848430278918
1241.3146805394506,9.968838223743028,131.76848430278918 1192.7219110580972,34.96919740455946,106.99501472418119
1230.2765315402498,-44.22991870129463,233.6628430215104 1205.0196759420533,-25.548099619063656,284.78114582070975
1205.0196759420533,-25.548099619063656,284.78114582070975 1163.0151374021111,-45.320015369522984,246.77206677894327
1163.0151374021111,-45.320015369522984,246.77206677894327 1178.559090708985,-103.25324426114639,245.31381241687248
1178.559090708985,-103.25324426114639,245.31381241687248 1205.9682184684725,-58.962109368919776,275.09694666131827
1205.9682184684725,-58.962109368919776,275.09694666131827 1226.7712607043488,-15.99844346049101,311.4474190852259
1226.7712607043488,-15.99844346049101,311.4474190852259 1203.8398295399484,3.334074231448316,363.4128231964537
1178.559090708985,-103.25324426114639,245.31381241687248 1142.4921921612656,-71.69933692005947,281.4182409632243
1142.4921921612656,-71.69933692005947,281.4182409632243 1127.9619681566792,-34.26002096579336,325.99592833317627
1178.559090708985,-103.25324426114639,245.31381241687248 1207.5219055615194,-107.99669020763118,297.6459734306371
1178.559090708985,-103.25324426114639,245.31381241687248 1218.8658250203773,-147.32399991899698,239.55745376779066
1163.0151374021111,-45.320015369522984,246.77206677894327 1172.9468546772548,-53.161429743468574,188.12163444820345
1172.9468546772548,-53.161429743468574,188.12163444820345 1116.4453918880356,-59.31541135194503,207.34956239275863
1163.0151374021111,-45.320015369522984,246.77206677894327 1156.175675414834,-17.78318302726494,299.63930260869853
1205.0196759420533,-25.548099619063656,284.78114582070975 1182.340137757336,-8.431042262267724,337.6266271334209
1182.340137757336,-8.431042262267724,337.6266271334209 1231.8320459339566,4.241494359168607,369.0902226147912
1205.0196759420533,-25.548099619063656,284.78114582070975 1216.7372994087182,30.640092445273538,267.3001740847159
1216.7372994087182,30.640092445273538,267.3001740847159 1243.485134808713,-17.60217854898309,290.90603333049415
1216.7372994087182,30.640092445273538,267.3001740847159 1220.1484101078947,73.68812997007305,225.644072622128
1230.2765315402498,-44.22991870129463,233.6628430215104 1198.143262233975,-39.78457487434291,183.18817688144952
1198.143262233975,-39.78457487434291,183.18817688144952 1220.9081134192627,-46.12035399908669,128.037297891227
1230.2765315402498,-44.22991870129463,233.6628430215104 1192.8976832136966,-77.65554253520114,200.7151667894192
1192.8976832136966,-77.65554253520114,200.7151667894192 1170.1003879835246,-105.47709275809252,248.7385431116178
1170.1003879835246,-105.47709275809252,248.7385431116178 1177.9704596048946,-64.73778824602358,205.3983649792263
1177.9704596048946,-64.73778824602358,205.3983649792263 1136.7248958328246,-40.32407818177021,241.49232887933968
1136.7248958328246,-40.32407818177021,241.49232887933968 1139.3604212605976,-58.644415835725155,184.41852373227908
1139.3604212605976,-58.644415835725155,184.41852373227908 1172.8140969443396,-90.79178527043878,222.46321089980685
1170.1003879835246,-105.47709275809252,248.7385431116178 1220.5044482356886,-98.98867861653122,216.84291344196222
1192.8976832136966,-77.65554253520114,200.7151667894192 1222.9528244733594,-82.60956165792139,252.40797265632335
1230.2765315402498,-44.22991870129463,233.6628430215104 1212.2215514898214,-83.76701406218382,192.30059228726492
1212.2215514898214,-83.76701406218382,192.30059228726492 1168.632245713846,-96.29536717970976,231.581793772595
1168.632245713846,-96.29536717970976,231.581793772595 1202.470834697877,-87.844058077585,280.40315456917835
1168.632245713846,-96.29536717970976,231.581793772595 1208.6037469858932,-54.30858325780683,216.1095908927795
1208.6037469858932,-54.30858325780683,216.1095908927795 1149.5638273755997,-43.75731888217183,214.38950005635905
1149.5638273755997,-43.75731888217183,214.38950005635905 1113.3339411470329,-15.253055259522107,252.79395681850576
1208.6037469858932,-54.30858325780683,216.1095908927795 1186.6138945458817,-109.7001505343969,209.16548084832314
1212.2215514898214,-83.76701406218382,192.30059228726492 1193.9301236451377,-78.59883440105546,249.21028905673495
1193.9301236451377,-78.59883440105546,249.21028905673495 1197.6535323196415,-125.84084701696145,286.01149110016297
1197.6535323196415,-125.84084701696145,286.01149110016297 1221.8867181712621,-175.92633361744205,308.46581664055486
1221.8867181712621,-175.92633361744205,308.46581664055486 1281.5887694529326,-181.88799446671197,308.8174879061679
1281.5887694529326,-181.88799446671197,308.8174879061679 1341.2908207346031,-187.8496553159819,309.169159171781
1341.2908207346031,-187.8496553159819,309.169159171781 1400.9928720162736,-193.8113161652518,309.52083043739407
1400.9928720162736,-193.8113161652518,309.52083043739407 1460.6949232979441,-199.77297701452173,309.8725017030072
1460.6949232979441,-199.77297701452173,309.8725017030072 1520.3969745796146,-205.73463786379165,310.2241729686202
1520.3969745796146,-205.73463786379165,310.2241729686202 1580.099025861285,-211.69629871306157,310.57584423423333
1580.099025861285,-211.69629871306157,310.57584423423333 1639.8010771429556,-217.65795956233148,310.9275154998464
1639.8010771429556,-217.65795956233148,310.9275154998464 1699.503128424626,-223.6196204116014,311.2791867654595
1699.503128424626,-223.6196204116014,311.2791867654595 1759.2051797062966,-229.58128126087132,311.63085803107253
1759.2051797062966,-229.58128126087132,311.63085803107253 1818.907230987967,-235.54294211014124,311.98252929668564
1818.907230987967,-235.54294211014124,311.98252929668564 1878.6092822696376,-241.50460295941116,312.3342005622987
1878.6092822696376,-241.50460295941116,312.3342005622987 1938.311333551308,-247.46626380868105,312.6858718279118
1938.311333551308,-247.46626380868105,312.6858718279118 1998.0133848329785,-253.42792465795094,313.03754309352485
1998.0133848329785,-253.42792465795094,313.03754309352485 2057.715436114649,-259.38958550722083,313.3892143591379
2057.715436114649,-259.38958550722083,313.3892143591379 2117.4174873963198,-265.3512463564907,313.740885624751
2117.4174873963198,-265.3512463564907,313.740885624751 2177.1195386779905,-271.31290720576067,314.09255689036405
1197.6535323196415,-125.84084701696145,286.01149110016297 1155.0031967277039,-113.7505693767312,326.4438303903555
1193.9301236451377,-78.59883440105546,249.21028905673495 1156.4472878882673,-85.97908868257389,202.94400683778406
1230.2765315402498,-44.22991870129463,233.6628430215104 1176.7039828806708,-46.05072805511807,260.6195988243523
1230.2765315402498,-44.22991870129463,233.6628430215104 1211.8361467332088,-77.86932687416942,279.79680476280225
1211.8361467332088,-77.86932687416942,279.79680476280225 1162.2294779857684,-50.76663906109002,299.9120410052248
1204.0608169512036,2.2411498427758048,261.1068969669095 1177.9154312377152,55.494993591918366,270.07611832859016
1177.9154312377152,55.494993591918366,270.07611832859016 1186.6871593253618,110.16741593093693,246.96804567117505
1204.0608169512036,2.2411498427758048,261.1068969669095 1177.1165029939991,-27.873870362765075,305.45877971607206
1177.1165029939991,-27.873870362765075,305.45877971607206 1149.5817035598943,-56.38834052292349,260.417023404744
1149.5817035598943,-56.38834052292349,260.417023404744 1114.791614912982,-91.20335980268933,294.7326782067364
1149.5817035598943,-56.38834052292349,260.417023404744 1188.7694446631767,-36.68216971128485,301.3558531286703
1177.1165029939991,-27.873870362765075,305.45877971607206 1132.4450252844988,-34.755835784023105,344.918856137567
1177.1165029939991,-27.873870362765075,305.45877971607206 1128.6576560567212,-62.889829951958866,300.3968899940985
1177.1165029939991,-27.873870362765075,305.45877971607206 1167.3563625636718,-47.94916840151523,361.1518858193919
1167.3563625636718,-47.94916840151523,361.1518858193919 1153.8467998104213,-90.7993464686111,400.91812720368875
1167.3563625636718,-47.94916840151523,361.1518858193919 1186.9256492818704,-90.01918559504063,323.1103733536997
1168.0393376868933,-45.6218346770843,257.70281934404363 1137.8305539321684,-42.74213449332184,205.9424415352225
1137.8305539321684,-42.74213449332184,205.9424415352225 1131.6675937244393,1.6303229967244164,245.8561351474652
1131.6675937244393,1.6303229967244164,245.8561351474652 1149.0356584999117,39.07800150624593,202.31280385319565
1149.0356584999117,39.07800150624593,202.31280385319565 1111.8539014372657,68.96768010840799,238.70131927762358
1111.8539014372657,68.96768010840799,238.70131927762358 1072.5923135399944,52.26845632246383,196.5152594861261
1149.0356584999117,39.07800150624593,202.31280385319565 1198.9704251443804,69.60287064439468,215.5321625464665
1137.8305539321684,-42.74213449332184,205.9424415352225 1104.1287474203957,-79.01141176236435,172.04955490359515
1137.8305539321684,-42.74213449332184,205.9424415352225 1120.1751117259687,-65.85684361551631,153.46391656833836
1168.0393376868933,-45.6218346770843,257.70281934404363 1117.0909177167123,-30.725685470261993,285.6735762403122
1200.0,0.0,280.0 1204.1073431528969,37.62708228948313,326.5546175003599
1204.1073431528969,37.62708228948313,326.5546175003599 1202.857049537538,91.30125007507024,299.7680447744579
1202.857049537538,91.30125007507024,299.7680447744579 1239.0756486681157,89.29859307914197,347.561375292169
1239.0756486681157,89.29859307914197,347.561375292169 1200.8462194599715,73.03181469112629,390.84997267409705
1200.8462194599715,73.03181469112629,390.84997267409705 1178.2336868184689,114.52142806131192,427.82679446734335
1178.2336868184689,114.52142806131192,427.82679446734335 1139.8465381114015,104.0478025818171,472.73481138477996
1139.8465381114015,104.0478025818171,472.73481138477996 1158.2205203024803,70.83651087981013,519.204230166664
1158.2205203024803,70.83651087981013,519.204230166664 1103.876705451025,59.71727275168577,496.3325811041059
1178.2336868184689,114.52142806131192,427.82679446734335 1138.7061428570946,107.7371179837944,383.200049065581
1138.7061428570946,107.7371179837944,383.200049065581 1164.3091155707182,132.2953167943475,431.58788492757014
1164.3091155707182,132.2953167943475,431.58788492757014 1182.6778973289624,95.00541265605474,388.32068134246504
1202.857049537538,91.30125007507024,299.7680447744579 1227.7299622831385,59.453029711333436,344.11924623746904
1227.7299622831385,59.453029711333436,344.11924623746904 1204.3300569935693,16.104618810087587,309.8649077563958
1204.3300569935693,16.104618810087587,309.8649077563958 1190.4540982734502,-36.671025722616335,334.80862668030977
1204.3300569935693,16.104618810087587,309.8649077563958 1168.9268222417627,-30.44350205739817,296.4528455430591
1168.9268222417627,-30.44350205739817,296.4528455430591 1114.7533821761444,-38.45974329356419,320.9677036478992
1114.7533821761444,-38.45974329356419,320.9677036478992 1122.7925612703064,-44.03443453228523,380.16478480132196
1114.7533821761444,-38.45974329356419,320.9677036478992 1167.296499341835,-66.72276621378701,327.3255628727858
1114.7533821761444,-38.45974329356419,320.9677036478992 1087.2812114485519,-67.60857546469825,365.6401271166687
1087.2812114485519,-67.60857546469825,365.6401271166687 1127.9502800218725,-77.49235944531748,322.6478292529465
1114.7533821761444,-38.45974329356419,320.9677036478992 1095.7632812174093,-77.55787318053973,362.32846167913254
1168.9268222417627,-30.44350205739817,296.4528455430591 1115.9328975486383,-12.235371206959787,317.90297180265907
1115.9328975486383,-12.235371206959787,317.90297180265907 1091.1069503084789,-32.551363257349436,267.1986050219041
1168.9268222417627,-30.44350205739817,296.4528455430591 1200.4447361425273,-63.55862176333298,335.3116920288414
1200.4447361425273,-63.55862176333298,335.3116920288414 1167.5200767029207,-57.200317683855786,285.55690562573403
1167.5200767029207,-57.200317683855786,285.55690562573403 1110.6072300651526,-45.35402747188748,270.7045221200567
1200.4447361425273,-63.55862176333298,335.3116920288414 1154.567400304313,-63.00220956355,296.6469734620185
1204.3300569935693,16.104618810087587,309.8649077563958 1172.9937222775295,48.234095570468284,270.0436715919009
1172.9937222775295,48.234095570468284,270.0436715919009 1158.030884299805,32.28394110488092,214.17144188718743
1158.030884299805,32.28394110488092,214.17144188718743 1127.2544222774268,-16.072066224635293,231.9057572258998
1127.2544222774268,-16.072066224635293,231.9057572258998 1139.8495476330797,-70.10444347115805,209.0613919170356
1139.8495476330797,-70.10444347115805,209.0613919170356 1100.0362610657464,-56.06596095972961,166.42545377227665
1204.3300569935693,16.104618810087587,309.8649077563958 1164.9639216993191,-25.259673569323645,291.4447365317474
1227.7299622831385,59.453029711333436,344.11924623746904 1168.5512125196337,68.52306808932217,348.07019299113415
1168.5512125196337,68.52306808932217,348.07019299113415 1108.6245620794953,71.29255077464158,349.1315754298293
1108.6245620794953,71.29255077464158,349.1315754298293 1076.0606524078744,105.99703653027107,312.5913174212187
1076.0606524078744,105.99703653027107,312.5913174212187 1079.8958835285393,163.47459219163633,329.3729024907448
1227.7299622831385,59.453029711333436,344.11924623746904 1247.8224442650849,16.976354566955848,381.42908725139154
1247.8224442650849,16.976354566955848,381.42908725139154 1211.6532768774473,44.54874547118301,420.56416857632996
1202.857049537538,91.30125007507024,299.7680447744579 1246.0082709930964,60.03900491626796,327.34782204919827
1246.0082709930964,60.03900491626796,327.34782204919827 1208.5279965388713,13.688015650770403,320.5056863485789
1202.857049537538,91.30125007507024,299.7680447744579 1221.0229795545613,57.955358021064995,346.2228665881216
1221.0229795545613,57.955358021064995,346.2228665881216 1194.785254115773,111.69849831122434,341.4003531821266
1194.785254115773,111.69849831122434,341.4003531821266 1151.3412443037307,140.64955685936306,311.82918106478513
1194.785254115773,111.69849831122434,341.4003531821266 1164.5914405810145,81.03279529628595,299.59188175793025
1164.5914405810145,81.03279529628595,299.59188175793025 1194.6696151215024,119.20024181688495,334.78491292049375
1164.5914405810145,81.03279529628595,299.59188175793025 1208.5191214310507,74.50508603543089,339.93723919770395
1208.5191214310507,74.50508603543089,339.93723919770395 1248.8473445221468,35.72409922241906,318.26537992989324
1202.857049537538,91.30125007507024,299.7680447744579 1165.7164248136487,59.36208449435391,265.12033637798805
1165.7164248136487,59.36208449435391,265.12033637798805 1119.935310630005,20.660814921227335,267.6305789026004
1165.7164248136487,59.36208449435391,265.12033637798805 1183.293612710606,26.595769525230004,218.0309419352983
1202.857049537538,91.30125007507024,299.7680447744579 1171.7913472494063,64.0505436389594,343.2688624688194
1171.7913472494063,64.0505436389594,343.2688624688194 1210.7330150681125,25.04721917619878,366.98145803215135
1202.857049537538,91.30125007507024,299.7680447744579 1153.542612709609,59.91104246598862,286.2498649190572
1204.1073431528969,37.62708228948313,326.5546175003599 1202.2274578284312,13.339062978207274,381.3867080049353
1202.2274578284312,13.339062978207274,381.3867080049353 1199.1713116346846,-34.31090854520936,417.7204414252712
1199.1713116346846,-34.31090854520936,417.7204414252712 1242.5993423663497,-4.388463961364053,389.1083206213837
1242.5993423663497,-4.388463961364053,389.1083206213837 1208.2320058123871,-8.220506365313911,340.0756618193057
1208.2320058123871,-8.220506365313911,340.0756618193057 1202.3964536165408,-64.57273380120891,359.8335157914029
1202.3964536165408,-64.57273380120891,359.8335157914029 1200.850883326907,-26.487154006978727,313.49670726710843
1200.850883326907,-26.487154006978727,313.49670726710843 1158.3674985278974,-58.742364718575715,340.96966484305494
1158.3674985278974,-58.742364718575715,340.96966484305494 1104.65738419383,-39.315461122692724,322.5898107930989
1104.65738419383,-39.315461122692724,322.5898107930989 1137.070429694227,-16.040068572213915,277.7829967687753
1200.850883326907,-26.487154006978727,313.49670726710843 1213.303147864693,8.816745025697116,360.3856806080937
1202.3964536165408,-64.57273380120891,359.8335157914029 1240.6202175093242,-65.61901756997925,406.07039678638296
1240.6202175093242,-65.61901756997925,406.07039678638296 1250.5850879789373,-36.431108358256274,457.53657317799036
1202.3964536165408,-64.57273380120891,359.8335157914029 1219.5683858206826,-8.60140091348515,346.70588694427397
1208.2320058123871,-8.220506365313911,340.0756618193057 1155.31773510463,-28.900347545043807,320.77736852048434
1208.2320058123871,-8.220506365313911,340.0756618193057 1179.6274636976748,-29.76000778314949,388.2195092878941
1179.6274636976748,-29.76000778314949,388.2195092878941 1222.917247621599,-52.0244924465656,353.1440573237003
1179.6274636976748,-29.76000778314949,388.2195092878941 1217.3654296556165,9.663132251298165,413.1526590123387
1199.1713116346846,-34.31090854520936,417.7204414252712 1182.3712881307583,-70.94453212495984,373.27118008512434
1182.3712881307583,-70.94453212495984,373.27118008512434 1145.9936719553189,-30.963170924829242,399.3126815390939
1145.9936719553189,-30.963170924829242,399.3126815390939 1117.8514712870374,-67.95134492516843,437.25858415936113
1182.3712881307583,-70.94453212495984,373.27118008512434 1188.9057924673507,-126.41460980071685,351.3538185714626
1188.9057924673507,-126.41460980071685,351.3538185714626 1147.6375973128781,-168.23532073847062,363.51787239217566
1147.6375973128781,-168.23532073847062,363.51787239217566 1114.929468345971,-159.07758843153712,412.97810124808274
1147.6375973128781,-168.23532073847062,363.51787239217566 1107.6043903500722,-131.23658365119277,338.44925068655255
1199.1713116346846,-34.31090854520936,417.7204414252712 1235.8943966001993,-18.250324932445714,373.07211912047444
1199.1713116346846,-34.31090854520936,417.7204414252712 1156.1652400897888,-76.14826450909608,418.057274063753
1199.1713116346846,-34.31090854520936,417.7204414252712 1167.3614104915857,-78.62744619722193,442.7039295685235
1202.2274578284312,13.339062978207274,381.3867080049353 1163.9755037070072,-10.866725366422795,342.0056488964318
1163.9755037070072,-10.866725366422795,342.0056488964318 1176.2798227373694,-20.080767548158846,400.0031071154974
1176.2798227373694,-20.080767548158846,400.0031071154974 1195.4465869786136,-51.10128571871874,447.6514292365388
1195.4465869786136,-51.10128571871874,447.6514292365388 1232.5293478699377,-64.07253875041464,402.3015070815384
1195.4465869786136,-51.10128571871874,447.6514292365388 1158.5227625017899,-6.776592405808238,431.16043931109357
1158.5227625017899,-6.776592405808238,431.16043931109357 1194.9651492318915,-53.636920607273964,439.8817975920402
1158.5227625017899,-6.776592405808238,431.16043931109357 1197.8712401311782,-27.154479342152797,390.70751565582384
1197.8712401311782,-27.154479342152797,390.70751565582384 1245.4418740523897,9.192289704025939,386.7141250866696
1245.4418740523897,9.192289704025939,386.7141250866696 1242.6656101932622,-32.90088372324652,344.0473099980546
1158.5227625017899,-6.776592405808238,431.16043931109357 1157.7494463882447,21.74240396516582,378.3772144363201
1158.5227625017899,-6.776592405808238,431.16043931109357 1185.2650702631918,-46.679439536596796,467.1133497141665
1195.4465869786136,-51.10128571871874,447.6514292365388 1146.7781823273085,-23.149253476464395,426.43656929769406
1146.7781823273085,-23.149253476464395,426.43656929769406 1206.16459179469,-21.18048335165481,434.76593390540285
1206.16459179469,-21.18048335165481,434.76593390540285 1249.02530751404,-3.5183786734190754,472.858047345853
1146.7781823273085,-23.149253476464395,426.43656929769406 1097.3159338777675,-8.05465581676704,396.0122517242834
1097.3159338777675,-8.05465581676704,396.0122517242834 1136.745113354789,-36.80531902301593,361.1018067117992
1097.3159338777675,-8.05465581676704,396.0122517242834 1077.3670386127626,-61.70061103014768,378.00800036662287
1077.3670386127626,-61.70061103014768,378.00800036662287 1037.244010602468,-18.0719966205561,387.3185657621454
1146.7781823273085,-23.149253476464395,426.43656929769406 1162.3098903179211,24.645333055906463,459.21527496301974
1176.2798227373694,-20.080767548158846,400.0031071154974 1217.2156175962402,22.54237877788762,389.6335315918385
1217.2156175962402,22.54237877788762,389.6335315918385 1176.9796940978836,29.734912497715715,345.7093022995273
1176.9796940978836,29.734912497715715,345.7093022995273 1153.3082443987093,4.838784181878925,394.9012250513455
1153.3082443987093,4.838784181878925,394.9012250513455 1199.859733213189,-21.049643708876008,367.2833288515883
1199.859733213189,-21.049643708876008,367.2833288515883 1190.0111320243116,-2.4617184450115523,423.47491264317966
1190.0111320243116,-2.4617184450115523,423.47491264317966 1216.7001422435017,-43.82489443864175,457.7792039963026
1216.7001422435017,-43.82489443864175,457.7792039963026 1197.8781006937493,-81.80960705033101,500.2396839712955
1197.8781006937493,-81.80960705033101,500.2396839712955 1185.021218191042,-98.78333432656663,444.1451819709787
1190.0111320243116,-2.4617184450115523,423.47491264317966 1226.409559555972,43.118804192626655,437.53088750450536
1226.409559555972,43.118804192626655,437.53088750450536 1247.05179062151,61.442203395464844,490.80519029947743
1153.3082443987093,4.838784181878925,394.9012250513455 1197.5087756487087,6.828232781831192,354.37524410719084
1197.5087756487087,6.828232781831192,354.37524410719084 1179.9360107105667,58.396905022256476,329.23822010297744
1179.9360107105667,58.396905022256476,329.23822010297744 1140.1914836186775,103.34001687066358,329.93769392211465
1140.1914836186775,103.34001687066358,329.93769392211465 1177.7597449497575,146.9997322829106,346.74409123627083
1176.9796940978836,29.734912497715715,345.7093022995273 1236.626534302269,33.51625331563599,350.99663766351244
1176.2798227373694,-20.080767548158846,400.0031071154974 1135.3781233708437,-6.799863265863076,358.1621156074697
1135.3781233708437,-6.799863265863076,358.1621156074697 1163.1819704311079,-49.123049859061844,325.97991609831985
1163.1819704311079,-49.123049859061844,325.97991609831985 1215.549242592911,-21.748610238299563,336.3870704538998
1176.2798227373694,-20.080767548158846,400.0031071154974 1209.2961532727634,-34.581001459006906,447.95793100745124
1163.9755037070072,-10.866725366422795,342.0056488964318 1184.4038642436014,-49.46388208078061,300.86027759716876
1184.4038642436014,-49.46388208078061,300.86027759716876 1218.0299157257016,0.0573361185846224,296.7447448523101
1202.2274578284312,13.339062978207274,381.3867080049353 1161.0222063457452,-12.293602441874203,416.6725934793111
1161.0222063457452,-12.293602441874203,416.6725934793111 1133.7764871720083,-41.33602606747422,371.7926601387072
1202.2274578284312,13.339062978207274,381.3867080049353 1242.069248621997,-26.15088369845624,360.09878143056005
1242.069248621997,-26.15088369845624,360.09878143056005 1205.4421073793383,-49.15636457145882,318.51512629789727
1205.4421073793383,-49.15636457145882,318.51512629789727 1181.4033340403764,-11.501110621181844,358.56783190311404
1242.069248621997,-26.15088369845624,360.09878143056005 1193.560530330583,-1.9768396847458085,334.3593205631015
1193.560530330583,-1.9768396847458085,334.3593205631015 1187.3141494498245,-2.3618727550359133,394.0320486340325
1187.3141494498245,-2.3618727550359133,394.0320486340325 1229.2201707902343,-43.74674318776981,405.4853396319485
1193.560530330583,-1.9768396847458085,334.3593205631015 1146.8838764377156,-23.227248970074136,303.21915218572286
1146.8838764377156,-23.227248970074136,303.21915218572286 1121.704066529119,-46.631017208416424,254.0435402910763
1121.704066529119,-46.631017208416424,254.0435402910763 1157.0776200830085,-11.086739691461489,286.98767550157777
1157.0776200830085,-11.086739691461489,286.98767550157777 1109.1735424543085,25.030250859686703,287.86079638196225
1121.704066529119,-46.631017208416424,254.0435402910763 1169.742284679001,-78.66181340494578,270.36400878927714
1146.8838764377156,-23.227248970074136,303.21915218572286 1154.5684329876299,-58.116425277344746,255.01445358453506
1193.560530330583,-1.9768396847458085,334.3593205631015 1218.5028787244908,48.97119259892922,353.90867510535014
1193.560530330583,-1.9768396847458085,334.3593205631015 1199.9352196661596,44.18365036486489,296.5628591645171
1242.069248621997,-26.15088369845624,360.09878143056005 1206.8735399672369,-58.28166757780255,396.5525167616339
1202.2274578284312,13.339062978207274,381.3867080049353 1151.1400865885107,25.843505503799143,410.2609078539134
1151.1400865885107,25.843505503799143,410.2609078539134 1108.2488028075013,-0.981851243773626,442.5213791924163
1108.2488028075013,-0.981851243773626,442.5213791924163 1110.1112080841945,33.26209210471849,393.28842487794714
1110.1112080841945,33.26209210471849,393.28842487794714 1067.8307187025932,27.94464537703627,435.52685498549937
1067.8307187025932,27.94464537703627,435.52685498549937 1027.189865517093,62.57127635226291,408.15319100604455
1027.189865517093,62.57127635226291,408.15319100604455 1021.8116853651619,85.9869204761824,463.1330308431642
1027.189865517093,62.57127635226291,408.15319100604455 1009.4130142782464,23.900372382977928,365.8620010697203
1110.1112080841945,33.26209210471849,393.28842487794714 1091.7255483915521,52.60754929536403,339.5509072226697
1108.2488028075013,-0.981851243773626,442.5213791924163 1117.2085712967614,-34.01936608502348,491.7986068105875
1108.2488028075013,-0.981851243773626,442.5213791924163 1167.170238773829,0.7793332408523796,431.33376939956696
1108.2488028075013,-0.981851243773626,442.5213791924163 1124.1182572185648,-38.80332513901465,398.7298671257295
1151.1400865885107,25.843505503799143,410.2609078539134 1115.258653661528,60.97675157656645,377.4252901271703
1115.258653661528,60.97675157656645,377.4252901271703 1151.4316881536886,13.150394398555292,379.46272349055863
1151.4316881536886,13.150394398555292,379.46272349055863 1110.3004732318366,-19.285008335302123,408.7230688156723
1110.3004732318366,-19.285008335302123,408.7230688156723 1122.164573116126,-51.60819753713328,457.8601685851767
1122.164573116126,-51.60819753713328,457.8601685851767 1101.0111870766054,-74.96332507544832,508.919666004678
1101.0111870766054,-74.96332507544832,508.919666004678 1106.9893255554305,-101.34875207000098,562.4740412007637
1106.9893255554305,-101.34875207000098,562.4740412007637 1091.4247318085993,-70.95493054184922,513.1388708411616
1151.4316881536886,13.150394398555292,379.46272349055863 1206.6534891246065,31.4305214723693,364.7525347870257
1206.6534891246065,31.4305214723693,364.7525347870257 1169.6378515541487,72.28050243333772,388.4405408394785
1206.6534891246065,31.4305214723693,364.7525347870257 1163.6503384723133,65.89458621733277,388.4792554881918
1163.6503384723133,65.89458621733277,388.4792554881918 1122.0637725406452,83.6657268100432,427.9094989067297
1206.6534891246065,31.4305214723693,364.7525347870257 1233.996148045433,-20.715624644298707,376.29196494273316
1204.1073431528969,37.62708228948313,326.5546175003599 1231.5291645949408,4.302497044209439,368.238136150195
1231.5291645949408,4.302497044209439,368.238136150195 1206.6934740341562,43.26266362606608,329.9589787106309
1206.6934740341562,43.26266362606608,329.9589787106309 1206.3359371939548,2.939821484831519,374.3880296689957
1206.3359371939548,2.939821484831519,374.3880296689957 1170.5051500957193,34.75416709889989,338.2770602958325
1206.3359371939548,2.939821484831519,374.3880296689957 1216.9832788085391,-26.51755646692966,425.5631896662975
1216.9832788085391,-26.51755646692966,425.5631896662975 1233.4304847201993,5.102518004315833,377.296634909071
1233.4304847201993,5.102518004315833,377.296634909071 1205.1040241412425,-3.133248989747562,325.0493022203269
1231.5291645949408,4.302497044209439,368.238136150195 1235.860785231501,52.027302896753966,332.133012289476
1204.1073431528969,37.62708228948313,326.5546175003599 1200.8607568910904,37.27361865478467,266.643560581761
1200.8607568910904,37.27361865478467,266.643560581761 1161.033357808633,77.2192016152647,246.1953654468824
1200.8607568910904,37.27361865478467,266.643560581761 1235.7638202876528,-5.467901326470148,243.08642503374642
1200.8607568910904,37.27361865478467,266.643560581761 1185.1990150938682,2.24421291965173,312.7700234606831
1185.1990150938682,2.24421291965173,312.7700234606831 1218.0183455388892,-36.59754402407143,344.6166789627174
1218.0183455388892,-36.59754402407143,344.6166789627174 1175.0787692237298,-5.824148671943327,316.17039758225883
1185.1990150938682,2.24421291965173,312.7700234606831 1219.3367841649463,39.02797053433656,279.8828238445124
1185.1990150938682,2.24421291965173,312.7700234606831 1228.0375212686645,-33.95027527853337,334.0965659086133
1228.0375212686645,-33.95027527853337,334.0965659086133 1196.8253499106836,-66.56538555702025,373.6194066547209
1196.8253499106836,-66.56538555702025,373.6194066547209 1174.7685526259525,-18.027103844715512,346.09609104854405
1228.0375212686645,-33.95027527853337,334.0965659086133 1181.7245041454141,-37.954654303584554,296.16149778470907
1228.0375212686645,-33.95027527853337,334.0965659086133 1187.4774359130452,-59.75336080213684,298.19280213089104
1200.8607568910904,37.27361865478467,266.643560581761 1183.0263991155055,-12.077147215784528,237.54996007029644
1204.1073431528969,37.62708228948313,326.5546175003599 1228.72148160633,83.63140644770374,296.92783321754257
1228.72148160633,83.63140644770374,296.92783321754257 1173.4216981097454,71.95642796836668,276.7876042531562
1204.1073431528969,37.62708228948313,326.5546175003599 1228.022009597277,71.27847914474543,370.0939355765962
1200.0,0.0,280.0 1147.8093597500554,-18.991883986346703,302.70342293465916
1147.8093597500554,-18.991883986346703,302.70342293465916 1203.1626598806863,-36.56525644898407,287.6306413420758
1203.1626598806863,-36.56525644898407,287.6306413420758 1166.7344844212644,-3.164685536298805,253.6102078438933
1166.7344844212644,-3.164685536298805,253.6102078438933 1161.0690782282052,-4.135712897717001,193.88617349815422
1166.7344844212644,-3.164685536298805,253.6102078438933 1179.751940145764,-22.32679639502251,308.95783068262665
1179.751940145764,-22.32679639502251,308.95783068262665 1231.096083062655,-9.301153574128108,280.7778445713393
1231.096083062655,-9.301153574128108,280.7778445713393 1223.3667037147936,29.476511228637953,325.905988864465
1223.3667037147936,29.476511228637953,325.905988864465 1220.5404748233163,-13.121680220947354,368.06528814086965
1220.5404748233163,-13.121680220947354,368.06528814086965 1194.2302929599714,-39.97891699123682,414.8249199121136
1223.3667037147936,29.476511228637953,325.905988864465 1218.7315264530125,-29.55778093095693,335.5738470019978
1231.096083062655,-9.301153574128108,280.7778445713393 1231.4315756894534,7.9840275944353465,338.2331311572341
1231.4315756894534,7.9840275944353465,338.2331311572341 1191.8317607388856,52.90364113672676,341.9858601764913
1191.8317607388856,52.90364113672676,341.9858601764913 1183.2094751517043,112.1375101012319,337.86215325808394
1179.751940145764,-22.32679639502251,308.95783068262665 1150.5512933763907,-5.28608446964558,358.5253237131059
1150.5512933763907,-5.28608446964558,358.5253237131059 1108.9262685183191,14.037095273428783,397.1772580784358
1150.5512933763907,-5.28608446964558,358.5253237131059 1172.3531338335038,-25.06346222473483,306.24210382550626
1179.751940145764,-22.32679639502251,308.95783068262665 1181.0838155099018,-35.63202502712446,367.4488299821932
1179.751940145764,-22.32679639502251,308.95783068262665 1166.8901708300607,-45.410561169328275,362.8253969346317
1166.8901708300607,-45.410561169328275,362.8253969346317 1219.397212133937,-50.343951431976826,391.43784656812915
1166.8901708300607,-45.410561169328275,362.8253969346317 1220.9850294509918,-19.50950168578459,364.5228622248217
1220.9850294509918,-19.50950168578459,364.5228622248217 1176.903934739986,-20.03237991292771,405.22401315988634
1179.751940145764,-22.32679639502251,308.95783068262665 1154.6782922191903,-53.12306270500483,353.9345153205464
1154.6782922191903,-53.12306270500483,353.9345153205464 1119.842559781676,-10.460133785877339,330.1364851166956
1179.751940145764,-22.32679639502251,308.95783068262665 1215.7485132260576,12.934101753764995,276.3861284210636
1179.751940145764,-22.32679639502251,308.95783068262665 1131.2076433254765,-33.863213947186495,342.27993020060353
1166.7344844212644,-3.164685536298805,253.6102078438933 1203.161110520073,19.58697195714069,295.5084535393734
1203.161110520073,19.58697195714069,295.5084535393734 1244.3000046585105,-15.503104088396995,321.5137982243573
1244.3000046585105,-15.503104088396995,321.5137982243573 1210.705335579547,-43.55920757447209,280.4741434176513
1244.3000046585105,-15.503104088396995,321.5137982243573 1200.4253307856122,-49.82334283647936,299.21729166343056
1244.3000046585105,-15.503104088396995,321.5137982243573 1198.2267563695782,-52.89023992094329,312.5998840254692
1203.161110520073,19.58697195714069,295.5084535393734 1211.8422117392365,78.90017025505377,298.07418721516285
1211.8422117392365,78.90017025505377,298.07418721516285 1208.340802446898,103.77022201034309,352.56474289829714
1203.161110520073,19.58697195714069,295.5084535393734 1240.6754205800844,36.85014934756401,251.98076985291826
1166.7344844212644,-3.164685536298805,253.6102078438933 1129.8972614897812,22.640269472858165,213.897196076066
1129.8972614897812,22.640269472858165,213.897196076066 1157.1931699289435,-9.875644157962768,171.49850808653196
1203.1626598806863,-36.56525644898407,287.6306413420758 1199.6956679805423,-69.85702579786937,337.4266056442656
1147.8093597500554,-18.991883986346703,302.70342293465916 1186.1060564503712,-64.27386006023691,293.59816815032445
1186.1060564503712,-64.27386006023691,293.59816815032445 1187.2499914138148,-21.969288699807443,336.13068106467904
1187.2499914138148,-21.969288699807443,336.13068106467904 1146.5468614236704,9.559635434038544,366.93948097586656
1146.5468614236704,9.559635434038544,366.93948097586656 1125.983800835935,-31.654174678054584,405.391820245532
1125.983800835935,-31.654174678054584,405.391820245532 1145.745938600077,-86.45756781730849,419.7461231340548
1145.745938600077,-86.45756781730849,419.7461231340548 1088.3995795328187,-100.12685973760699,430.9061213476197
1088.3995795328187,-100.12685973760699,430.9061213476197 1030.3373757523466,-86.52211120901642,424.29618113391655
1088.3995795328187,-100.12685973760699,430.9061213476197 1125.0143743388674,-129.6218179561488,393.63140818980423
1145.745938600077,-86.45756781730849,419.7461231340548 1100.897466655449,-126.04804122673781,415.14080235812486
1100.897466655449,-126.04804122673781,415.14080235812486 1062.4103854076845,-87.74256446638225,440.6640276086656
1145.745938600077,-86.45756781730849,419.7461231340548 1191.986629768877,-90.4359744230285,457.7720453597051
1125.983800835935,-31.654174678054584,405.391820245532 1116.2779584072453,9.527181832861341,362.8489889026337
1116.2779584072453,9.527181832861341,362.8489889026337 1124.3102763713225,-39.47745970519496,396.52430591451304
1125.983800835935,-31.654174678054584,405.391820245532 1162.2269342488016,9.79089558395,429.2401206334977
1162.2269342488016,9.79089558395,429.2401206334977 1169.3055071221506,19.09882066883796,370.3906827713499
1169.3055071221506,19.09882066883796,370.3906827713499 1197.2098872223708,-23.809611965944875,401.699020000413
1162.2269342488016,9.79089558395,429.2401206334977 1119.4987268399277,-28.61228604866748,411.9341698616837
1162.2269342488016,9.79089558395,429.2401206334977 1208.2095812341286,24.82325685660136,464.7313067335888
1208.2095812341286,24.82325685660136,464.7313067335888 1250.9902832401476,-15.867071390563396,475.4134751936991
1146.5468614236704,9.559635434038544,366.93948097586656 1091.3110844031823,29.220804013722166,379.6849659420885
1146.5468614236704,9.559635434038544,366.93948097586656 1146.6565884426277,7.849102220306929,426.9149929462202
1187.2499914138148,-21.969288699807443,336.13068106467904 1148.782019625939,23.259373127252438,327.49451896217977
1186.1060564503712,-64.27386006023691,293.59816815032445 1153.3302165807247,-67.00737324854592,243.41577854511905
1153.3302165807247,-67.00737324854592,243.41577854511905 1145.7824467827627,-7.57639991979493,240.1005741359969
1145.7824467827627,-7.57639991979493,240.1005741359969 1138.6213525178916,-45.76170915998663,285.8236633487848
1145.7824467827627,-7.57639991979493,240.1005741359969 1169.3455944835544,-44.87199013220774,199.43342497185648
1153.3302165807247,-67.00737324854592,243.41577854511905 1119.9076764687977,-58.945025919478695,292.58825426082933
1186.1060564503712,-64.27386006023691,293.59816815032445 1168.128292895569,-52.70221474438892,237.5366212375622
1168.128292895569,-52.70221474438892,237.5366212375622 1192.4996479245926,-48.59037274614299,292.2095561270553
1147.8093597500554,-18.991883986346703,302.70342293465916 1098.7760081582082,1.1675019004703557,274.60841283790535
1098.7760081582082,1.1675019004703557,274.60841283790535 1049.6828021874553,20.69360516157725,303.0441020145339
1049.6828021874553,20.69360516157725,303.0441020145339 1078.1074410549618,13.141518411337081,250.74681823259468
1078.1074410549618,13.141518411337081,250.74681823259468 1040.5824248235936,1.6148524829623092,205.37051241765198
1040.5824248235936,1.6148524829623092,205.37051241765198 1084.0722243874538,-3.9199363024650085,164.40707204704867
1078.1074410549618,13.141518411337081,250.74681823259468 1043.0247179238556,45.94341474061931,214.78519792831523
1043.0247179238556,45.94341474061931,214.78519792831523 1050.205992206152,73.82665752525776,162.14534542571658
1078.1074410549618,13.141518411337081,250.74681823259468 1105.7706007598758,-24.80923897883119,288.08968379822863
1049.6828021874553,20.69360516157725,303.0441020145339 1035.5207349494892,26.39184219337683,361.06966488364145
1035.5207349494892,26.39184219337683,361.06966488364145 1081.6047506301813,-10.10923451686567,349.0723777846876
1098.7760081582082,1.1675019004703557,274.60841283790535 1135.2328155659495,30.27359648206828,312.340845198435
1135.2328155659495,30.27359648206828,312.340845198435 1189.4144205817552,18.676516721508097,335.3595640797806
1098.7760081582082,1.1675019004703557,274.60841283790535 1091.0521492970415,10.24299190023506,215.80384256010342
1091.0521492970415,10.24299190023506,215.80384256010342 1069.5663395108875,-1.9465586607078507,161.12500904149752
1069.5663395108875,-1.9465586607078507,161.12500904149752 1095.7816521295217,7.482118892697148,107.98502951665014
1147.8093597500554,-18.991883986346703,302.70342293465916 1169.0512633841956,-1.5726494169483267,356.0452620200729
1169.0512633841956,-1.5726494169483267,356.0452620200729 1167.331956583899,36.738735792042604,402.1894030077949
1167.331956583899,36.738735792042604,402.1894030077949 1213.9007273498623,68.66862897955296,422.4830352696979
1167.331956583899,36.738735792042604,402.1894030077949 1147.7979569417255,-10.81869827264385,371.2586202313671
1147.7979569417255,-10.81869827264385,371.2586202313671 1187.4226266569906,-53.68361172496741,357.3847330802848
1167.331956583899,36.738735792042604,402.1894030077949 1112.2477043596025,60.406648031485304,404.5463262386481
1112.2477043596025,60.406648031485304,404.5463262386481 1086.58454018411,99.74110380718147,441.88534863253943
1112.2477043596025,60.406648031485304,404.5463262386481 1170.5225815853037,49.9764183537216,394.78676717081333
1167.331956583899,36.738735792042604,402.1894030077949 1187.7074377504123,25.004386392370776,346.98845363734034
1147.8093597500554,-18.991883986346703,302.70342293465916 1105.5246961807507,1.6008626092564562,265.4482754449498
1105.5246961807507,1.6008626092564562,265.4482754449498 1066.3523868372476,30.361633553956008,230.25810301906597
1066.3523868372476,30.361633553956008,230.25810301906597 1019.2184361762669,-6.704511341820417,232.37744198523836
1200.0,0.0,280.0 1156.3857290061242,0.34575432561438113,238.79713821081015
1156.3857290061242,0.34575432561438113,238.79713821081015 1189.2074925686507,50.22063294656753,244.7324831199787
1189.2074925686507,50.22063294656753,244.7324831199787 1129.9340415970044,54.7497002686618,236.59949110573285
1129.9340415970044,54.7497002686618,236.59949110573285 1160.4795454433142,11.334446248674737,208.633656357686
1129.9340415970044,54.7497002686618,236.59949110573285 1159.845003065198,45.63428534991375,185.3916441005393
1159.845003065198,45.63428534991375,185.3916441005393 1123.9603058114046,77.0711997827917,149.00471081476343
1129.9340415970044,54.7497002686618,236.59949110573285 1131.530003777717,16.0510390890758,190.7751904823154
1189.2074925686507,50.22063294656753,244.7324831199787 1138.8975693899763,82.53633751025012,249.69301417105177
1138.8975693899763,82.53633751025012,249.69301417105177 1173.313971961588,105.38618787409936,293.20617967734944
1156.3857290061242,0.34575432561438113,238.79713821081015 1159.9888685512524,39.420228351103596,193.4076805686472
1159.9888685512524,39.420228351103596,193.4076805686472 1115.84362928899,1.6655863077773034,208.43381961558535
1115.84362928899,1.6655863077773034,208.43381961558535 1057.8086906870215,-9.834732346475144,198.44940314208083
1115.84362928899,1.6655863077773034,208.43381961558535 1167.184957407211,2.7522741449879,177.40339685659544
1167.184957407211,2.7522741449879,177.40339685659544 1149.3060280144512,56.007423824031676,198.4802304999905
1167.184957407211,2.7522741449879,177.40339685659544 1206.7876573316219,47.80399780499121,178.80637724126169
1115.84362928899,1.6655863077773034,208.43381961558535 1143.3439913427578,3.8902146340402255,155.15360644294793
1143.3439913427578,3.8902146340402255,155.15360644294793 1147.6772465031504,59.89243594497961,134.05919704245753
1159.9888685512524,39.420228351103596,193.4076805686472 1136.0952906778016,-7.063247305019765,222.87602676133213
1156.3857290061242,0.34575432561438113,238.79713821081015 1161.3179874275909,-48.81692589867121,272.836875284244
1161.3179874275909,-48.81692589867121,272.836875284244 1167.2666198669926,-92.0051093956171,231.61316149794098
1161.3179874275909,-48.81692589867121,272.836875284244 1185.1397364078525,-102.70328243011738,284.18521680568534
1185.1397364078525,-102.70328243011738,284.18521680568534 1173.4100330716951,-126.78874276270324,337.8723163754439
1200.0,0.0,280.0 1215.1645177134803,32.70358721552523,327.96366109623074
1215.1645177134803,32.70358721552523,327.96366109623074 1169.8956217058642,15.518261709234192,363.39516743584966
1169.8956217058642,15.518261709234192,363.39516743584966 1115.1636613694957,-4.289669978123179,377.95739116738076
1215.1645177134803,32.70358721552523,327.96366109623074 1170.4107173365828,71.75164177944862,319.45796967238533
1200.0,0.0,280.0 1214.186905314399,-21.49322939111087,225.80800051722238
1214.186905314399,-21.49322939111087,225.80800051722238 1232.7017816107282,-38.06866394569032,171.19614900989407
1232.7017816107282,-38.06866394569032,171.19614900989407 1193.6800413490243,-43.361705696440275,216.4652057260764
1214.186905314399,-21.49322939111087,225.80800051722238 1168.9359397392218,-53.98181954422817,248.0979449850066
1214.186905314399,-21.49322939111087,225.80800051722238 1183.13106542197,10.47174027695652,265.97982550309223
1200.0,0.0,280.0 1229.2188180792668,-47.88455644059194,301.29154584661427
1229.2188180792668,-47.88455644059194,301.29154584661427 1208.6486813376719,-95.61911611526473,271.32020475054077
1208.6486813376719,-95.61911611526473,271.32020475054077 1189.7008153317493,-135.94453077143118,231.1351415226468
1200.0,0.0,280.0 1159.6443017820518,42.05122236598481,265.74825207673143
1159.6443017820518,42.05122236598481,265.74825207673143 1147.106472370513,85.52328623356435,305.1561509897696
1147.106472370513,85.52328623356435,305.1561509897696 1116.6560076015182,33.95172563058559,301.530777584796
1116.6560076015182,33.95172563058559,301.530777584796 1118.8516746357086,0.9102420791611507,351.5651598733375
1116.6560076015182,33.95172563058559,301.530777584796 1098.6271921089633,75.73057189008514,340.6394699326681
1098.6271921089633,75.73057189008514,340.6394699326681 1148.77328976047,83.384438753289,372.6829905314709
1098.6271921089633,75.73057189008514,340.6394699326681 1114.7854003462917,19.92967133460369,355.64519563176043
1116.6560076015182,33.95172563058559,301.530777584796 1147.0137662979866,85.14511371878342,309.1231094385915
1147.106472370513,85.52328623356435,305.1561509897696 1107.6467871350442,46.813620583248714,281.8217337834519
1147.106472370513,85.52328623356435,305.1561509897696 1093.8943301870272,110.67741336079128,293.505493810374
1147.106472370513,85.52328623356435,305.1561509897696 1117.8417587196393,136.7890249000951,315.89861690348516
1159.6443017820518,42.05122236598481,265.74825207673143 1200.806223560564,59.50468456526039,305.7616604888889
1200.806223560564,59.50468456526039,305.7616604888889 1233.0318994505155,57.045473855892205,356.3131994973377
1159.6443017820518,42.05122236598481,265.74825207673143 1193.4935469241477,71.99982856415642,305.21101414551123
1193.4935469241477,71.99982856415642,305.21101414551123 1144.5499020457964,85.47845107632156,337.19298345942934
1200.0,0.0,280.0 1243.0195773038324,-37.12529940610318,260.73790996265535
目标树
2480.0,0.0,0.0 2421.159283011864,-2.046114292772288,11.557830273152481
2421.159283011864,-2.046114292772288,11.557830273152481 2362.3185660237277,-4.092228585544577,23.115660546304966
2362.3185660237277,-4.092228585544577,23.115660546304966 2303.4778490355916,-6.138342878316866,34.67349081945745
2303.4778490355916,-6.138342878316866,34.67349081945745 2244.6371320474555,-8.184457171089155,46.23132109260993
2244.6371320474555,-8.184457171089155,46.23132109260993 2185.7964150593193,-10.230571463861445,57.78915136576242
2185.7964150593193,-10.230571463861445,57.78915136576242 2126.955698071183,-12.276685756633734,69.34698163891491
2126.955698071183,-12.276685756633734,69.34698163891491 2068.114981083047,-14.322800049406023,80.9048119120674
2068.114981083047,-14.322800049406023,80.9048119120674 2009.2742640949111,-16.368914342178314,92.46264218521989
2009.2742640949111,-16.368914342178314,92.46264218521989 1950.4335471067752,-18.415028634950605,104.02047245837238
1950.4335471067752,-18.415028634950605,104.02047245837238 1891.5928301186393,-20.461142927722896,115.57830273152487
1891.5928301186393,-20.461142927722896,115.57830273152487 1832.7521131305034,-22.507257220495188,127.13613300467736
1832.7521131305034,-22.507257220495188,127.13613300467736 1773.9113961423675,-24.55337151326748,138.69396327782985
1773.9113961423675,-24.55337151326748,138.69396327782985 1715.0706791542316,-26.599485806039766,150.25179355098234
1715.0706791542316,-26.599485806039766,150.25179355098234 1661.8086314684126,-27.39562201305614,177.86556626413093
1715.0706791542316,-26.599485806039766,150.25179355098234 1765.018833188651,-5.311268107723961,175.78596077419593
1765.018833188651,-5.311268107723961,175.78596077419593 1782.3549259318606,4.192620030544672,119.1367242510608
1715.0706791542316,-26.599485806039766,150.25179355098234 1679.199088092144,-60.86591936469679,184.00146741376957
1715.0706791542316,-26.599485806039766,150.25179355098234 1717.8305979460024,-43.37535126948489,207.7926762885214
1717.8305979460024,-43.37535126948489,207.7926762885214 1669.0957618615525,-68.56232075169812,183.4918055196813
1773.9113961423675,-24.55337151326748,138.69396327782985 1823.8575163333126,-56.7926536731692,130.56907782104213
1823.8575163333126,-56.7926536731692,130.56907782104213 1833.9955215034518,-101.76666252521994,168.96906973439928
1832.7521131305034,-22.507257220495188,127.13613300467736 1879.6151449507313,-59.85664389579857,124.15627334439652
1832.7521131305034,-22.507257220495188,127.13613300467736 1876.5291649597111,16.348182037469794,140.32038775090632
1891.5928301186393,-20.461142927722896,115.57830273152487 1834.8445337145254,-5.4512830777812,128.00146507111978
1891.5928301186393,-20.461142927722896,115.57830273152487 1839.5104687310911,3.7378501088036096,132.951741317912
1950.4335471067752,-18.415028634950605,104.02047245837238 1983.0932770826003,-66.87075600961074,117.63607095784381
1983.0932770826003,-66.87075600961074,117.63607095784381 1955.1783357785075,-102.28140950514927,78.05272002581728
1955.1783357785075,-102.28140950514927,78.05272002581728 1983.9273210774058,-137.5594867715525,117.15455001712863
1955.1783357785075,-102.28140950514927,78.05272002581728 1986.7856454248201,-147.73969850669855,54.932989534876526
1986.7856454248201,-147.73969850669855,54.932989534876526 2028.8659483882,-134.9987908495277,95.76088899813101
1983.0932770826003,-66.87075600961074,117.63607095784381 2020.9348386149109,-104.52030022311317,90.24030410761888
2020.9348386149109,-104.52030022311317,90.24030410761888 2057.949056296816,-89.70534255290274,45.40209809281027
2020.9348386149109,-104.52030022311317,90.24030410761888 2051.2990049989085,-112.39252846566659,39.09301266122804
1983.0932770826003,-66.87075600961074,117.63607095784381 1958.4720211486233,-103.26317268357556,158.49418844827815
1958.4720211486233,-103.26317268357556,158.49418844827815 1966.4589496264766,-153.82875539637075,127.19992669943471
1983.0932770826003,-66.87075600961074,117.63607095784381 1960.1090324710447,-12.993350272623204,104.63800761409126
1983.0932770826003,-66.87075600961074,117.63607095784381 1946.8833214304614,-114.18005264410058,110.51781529932867
1983.0932770826003,-66.87075600961074,117.63607095784381 2033.8141408048532,-97.48086301106477,127.14476869350568
1950.4335471067752,-18.415028634950605,104.02047245837238 1970.207868322995,2.05617819813866,51.20091252803371
1970.207868322995,2.05617819813866,51.20091252803371 1991.4293107152428,-32.16405357627697,6.719162111736196
1991.4293107152428,-32.16405357627697,6.719162111736196 1991.9395276679397,26.117624533979104,20.966466253702045
1970.207868322995,2.05617819813866,51.20091252803371 2014.490233208077,-36.97105107294307,61.96880626854191
1950.4335471067752,-18.415028634950605,104.02047245837238 1920.804955455654,-63.74431146276055,129.85461024324002
1920.804955455654,-63.74431146276055,129.85461024324002 1877.7848334203438,-104.78044104763032,137.9357715929964
1950.4335471067752,-18.415028634950605,104.02047245837238 1922.003914278021,30.063723978181716,125.03395675529333
2009.2742640949111,-16.368914342178314,92.46264218521989 2064.2371954826676,7.6941957198683895,92.25550115450302
2064.2371954826676,7.6941957198683895,92.25550115450302 2077.9409156729575,29.908979463734497,146.28060121141644
2009.2742640949111,-16.368914342178314,92.46264218521989 2023.8629732692582,-27.43580716096827,35.32514619560083
2009.2742640949111,-16.368914342178314,92.46264218521989 2051.794642142989,-3.9856266339579545,51.982132848206696
2068.114981083047,-14.322800049406023,80.9048119120674 2058.363747045672,-66.43365515310477,109.00058054561177
2058.363747045672,-66.43365515310477,109.00058054561177 2106.060849630809,-102.4420659676623,114.32793970310661
2106.060849630809,-102.4420659676623,114.32793970310661 2114.7049392268455,-161.76864365715988,116.70215424853049
2114.7049392268455,-161.76864365715988,116.70215424853049 2130.3706704057454,-198.38637259441174,161.57672159027095
2130.3706704057454,-198.38637259441174,161.57672159027095 2112.9529926145656,-194.294223240174,218.84694783415142
2112.9529926145656,-194.294223240174,218.84694783415142 2158.0124116879174,-227.22500926438747,240.87447798620238
2158.0124116879174,-227.22500926438747,240.87447798620238 2188.1720556024875,-272.1569203118597,266.78816642626
2188.1720556024875,-272.1569203118597,266.78816642626 2233.862681113863,-309.484270259718,277.69851409484306
2233.862681113863,-309.484270259718,277.69851409484306 2202.3424718750407,-273.83159073700426,314.2411310289315
2188.1720556024875,-272.1569203118597,266.78816642626 2190.057612025306,-314.64822118400787,224.4687379427732
2158.0124116879174,-227.22500926438747,240.87447798620238 2184.2950260902976,-236.8375402532562,293.948232593954
2158.0124116879174,-227.22500926438747,240.87447798620238 2215.0761117689844,-222.4569471153021,258.79094293887897
2215.0761117689844,-222.4569471153021,258.79094293887897 2236.4137345949316,-267.5438933077801,292.1357046740334
2236.4137345949316,-267.5438933077801,292.1357046740334 2200.7128067400117,-220.6008234132044,281.099766147076
2158.0124116879174,-227.22500926438747,240.87447798620238 2158.02688470385,-183.30504601607845,281.75279276065214
2158.02688470385,-183.30504601607845,281.75279276065214 2135.0025139867876,-145.25865711618567,241.47437863147633
2158.02688470385,-183.30504601607845,281.75279276065214 2212.368011288883,-194.3823654356986,304.65115418554774
2158.02688470385,-183.30504601607845,281.75279276065214 2134.7269572465907,-205.75503828731394,231.22447171682654
2112.9529926145656,-194.294223240174,218.84694783415142 2143.7525781318327,-216.24616934134858,172.26908190691427
2143.7525781318327,-216.24616934134858,172.26908190691427 2099.705133033391,-256.9161899742951,174.67158102563712
2099.705133033391,-256.9161899742951,174.67158102563712 2144.6602184747367,-293.34144010403406,190.55369190383203
2144.6602184747367,-293.34144010403406,190.55369190383203 2092.827219574542,-323.5159267215109,188.86828916735024
2144.6602184747367,-293.34144010403406,190.55369190383203 2197.7519688078455,-278.4829299272681,166.87900664945565
2197.7519688078455,-278.4829299272681,166.87900664945565 2152.0666915204315,-259.3289954710542,200.73136600621453
2197.7519688078455,-278.4829299272681,166.87900664945565 2202.220235979936,-223.19053757154944,144.01449405766655
2202.220235979936,-223.19053757154944,144.01449405766655 2236.9951369023825,-236.14477185090658,191.16207172682775
2112.9529926145656,-194.294223240174,218.84694783415142 2156.864497271691,-154.18733553158492,226.79787967122985
2156.864497271691,-154.18733553158492,226.79787967122985 2107.5553792525902,-123.75805979285613,211.22000888620954
2130.3706704057454,-198.38637259441174,161.57672159027095 2169.3338746225672,-197.4214334873167,207.19401666218232
2169.3338746225672,-197.4214334873167,207.19401666218232 2208.8025117461734,-237.35789856719057,186.04441996321137
2208.8025117461734,-237.35789856719057,186.04441996321137 2252.2794269166916,-256.3297999252675,149.30445798561868
2130.3706704057454,-198.38637259441174,161.57672159027095 2134.407228317417,-161.24720262672577,114.62580834742704
2134.407228317417,-161.24720262672577,114.62580834742704 2159.2773819286203,-117.10504668136733,146.76527828473002
2159.2773819286203,-117.10504668136733,146.76527828473002 2171.425653712339,-157.99634400018485,188.95913205815256
2171.425653712339,-157.99634400018485,188.95913205815256 2209.3004955750994,-122.14033919997178,218.62128426661496
2134.407228317417,-161.24720262672577,114.62580834742704 2158.1638374604095,-123.68945194637342,74.31403728909262
2158.1638374604095,-123.68945194637342,74.31403728909262 2203.9409932372396,-93.16344271351778,98.2434077216684
2134.407228317417,-161.24720262672577,114.62580834742704 2148.6979103587887,-206.2447175619463,77.59879042203886
2114.7049392268455,-161.76864365715988,116.70215424853049 2118.1824070196917,-170.37404464186062,57.42438192498389
2118.1824070196917,-170.37404464186062,57.42438192498389 2150.1188361614863,-171.81728318357938,108.19820939724407
2114.7049392268455,-161.76864365715988,116.70215424853049 2097.0482546689714,-149.647968159581,172.74972971711
2114.7049392268455,-161.76864365715988,116.70215424853049 2101.866412480781,-207.66662186577742,153.1514042730764
2101.866412480781,-207.66662186577742,153.1514042730764 2134.6928245467448,-257.8642649834859,154.77106358995186
2106.060849630809,-102.4420659676623,114.32793970310661 2157.2463992408584,-78.00692225243834,133.89738687806656
2157.2463992408584,-78.00692225243834,133.89738687806656 2183.8589488065045,-115.84128145473821,172.11169662412073
2183.8589488065045,-115.84128145473821,172.11169662412073 2131.842578312366,-98.2773802498574,147.90825523489434
2131.842578312366,-98.2773802498574,147.90825523489434 2116.4984807346264,-58.935742497877776,105.28438623503922
2157.2463992408584,-78.00692225243834,133.89738687806656 2172.277475919706,-118.91652489052669,92.66061753481756
2172.277475919706,-118.91652489052669,92.66061753481756 2139.0868495417435,-151.52186670079746,54.77560722633389
2157.2463992408584,-78.00692225243834,133.89738687806656 2157.186461992166,-137.93795628919494,131.022049191578
2157.2463992408584,-78.00692225243834,133.89738687806656 2204.013490214645,-106.20215304055304,109.04043286808178
2204.013490214645,-106.20215304055304,109.04043286808178 2262.211364663284,-101.36627915534481,122.81075361332391
2106.060849630809,-102.4420659676623,114.32793970310661 2151.0723982476948,-65.72404982756237,129.35284508866891
2151.0723982476948,-65.72404982756237,129.35284508866891 2154.8803396517856,-108.50827181603103,87.46000642733631
2154.8803396517856,-108.50827181603103,87.46000642733631 2144.437098047561,-57.609116166298534,57.45642899163539
2144.437098047561,-57.609116166298534,57.45642899163539 2143.287382888872,-69.56848082038259,-1.3283628522125
2143.287382888872,-69.56848082038259,-1.3283628522125 2166.855384024764,-110.24411158044808,-38.61163503598688
2166.855384024764,-110.24411158044808,-38.61163503598688 2137.30549496824,-104.2147985546383,-90.48119683463642
2143.287382888872,-69.56848082038259,-1.3283628522125 2106.4005627840547,-112.08841503664493,-22.09895978151608
2106.4005627840547,-112.08841503664493,-22.09895978151608 2122.875911938479,-72.85474363455728,-64.39886401962067
2144.437098047561,-57.609116166298534,57.45642899163539 2099.441938266564,-58.022709566398774,17.76682661542143
2151.0723982476948,-65.72404982756237,129.35284508866891 2152.602334868919,-79.41180513583245,70.9550313577084
2106.060849630809,-102.4420659676623,114.32793970310661 2086.1813622437426,-72.34306455117529,162.2743274185308
2086.1813622437426,-72.34306455117529,162.2743274185308 2067.3746165378384,-15.991283179631978,170.68759385952958
2067.3746165378384,-15.991283179631978,170.68759385952958 2063.3733801837993,43.73953787902623,174.71489112912224
2058.363747045672,-66.43365515310477,109.00058054561177 1999.0409811933503,-57.75493411750382,111.34349599795428
1999.0409811933503,-57.75493411750382,111.34349599795428 2021.0613892207984,-67.9899850898692,56.476881723900746
2021.0613892207984,-67.9899850898692,56.476881723900746 2056.385197987428,-96.66864541291949,95.58906622302672
2056.385197987428,-96.66864541291949,95.58906622302672 2110.16641535679,-81.45662651101796,117.41050382914315
2058.363747045672,-66.43365515310477,109.00058054561177 2011.522673032202,-102.79310692664687,99.84066504424928
2058.363747045672,-66.43365515310477,109.00058054561177 2002.9155913475633,-48.581825229132505,123.38161660160841
2002.9155913475633,-48.581825229132505,123.38161660160841 1966.7060582208899,-87.79216425493433,95.96959324998369
1966.7060582208899,-87.79216425493433,95.96959324998369 1962.7751128502248,-142.03866073725703,70.63453280233132
2002.9155913475633,-48.581825229132505,123.38161660160841 2036.4410862029808,-21.95332189225522,165.4168875622825
2036.4410862029808,-21.95332189225522,165.4168875622825 2056.167336413998,-71.13232361262331,193.56472659835046
2002.9155913475633,-48.581825229132505,123.38161660160841 1955.0743871402965,-36.18295802950116,157.40348122076927
1955.0743871402965,-36.18295802950116,157.40348122076927 1993.682359137378,-24.82846180169171,112.90067329042358
2058.363747045672,-66.43365515310477,109.00058054561177 2094.1216590539952,-97.58513700481306,72.24521485231901
2094.1216590539952,-97.58513700481306,72.24521485231901 2130.005639102972,-84.7744047254854,118.59416429361735
2058.363747045672,-66.43365515310477,109.00058054561177 2094.4293180630098,-110.83394758106614,90.89288550993993
2058.363747045672,-66.43365515310477,109.00058054561177 2067.100304027344,-69.74068094852075,168.26892076612455
2067.100304027344,-69.74068094852075,168.26892076612455 2028.4409005677364,-61.536142812187094,213.41464125120189
2058.363747045672,-66.43365515310477,109.00058054561177 2085.02748785249,-20.013889356070393,136.09763332880772
2068.114981083047,-14.322800049406023,80.9048119120674 2036.4522318272825,-65.2644499695714,82.46000096099418
2036.4522318272825,-65.2644499695714,82.46000096099418 2039.567495187603,-100.931984757643,130.60688140342313
2039.567495187603,-100.931984757643,130.60688140342313 2058.8558479286485,-152.05067278580032,155.4028323393507
2058.8558479286485,-152.05067278580032,155.4028323393507 2036.8595508803344,-125.09429164713255,106.52015205206285
2039.567495187603,-100.931984757643,130.60688140342313 2014.0357709629425,-155.2286378235213,130.53962101739145
2039.567495187603,-100.931984757643,130.60688140342313 2006.2082545695976,-112.00215719870978,81.97960153383697
2036.4522318272825,-65.2644499695714,82.46000096099418 2039.054077414438,-22.267782757152176,124.22741658807209
2036.4522318272825,-65.2644499695714,82.46000096099418 2067.174719727734,-19.52614690798213,106.21155607329801
2067.174719727734,-19.52614690798213,106.21155607329801 2094.7848307517183,-62.51776213503027,137.66632978751673
2067.174719727734,-19.52614690798213,106.21155607329801 2020.9378427256293,-14.207261387578576,68.34520343783707
2068.114981083047,-14.322800049406023,80.9048119120674 2091.5539310578315,-13.180215187708075,25.68425302397418
2091.5539310578315,-13.180215187708075,25.68425302397418 2087.4849841976084,-26.17279094149412,84.11914539771618
2087.4849841976084,-26.17279094149412,84.11914539771618 2092.5344743957435,24.838813150128324,52.937116972058824
2092.5344743957435,24.838813150128324,52.937116972058824 2088.909515555928,60.93351637237263,100.72866510253637
2091.5539310578315,-13.180215187708075,25.68425302397418 2118.3960672382195,11.394794053879494,73.38717375268212
2118.3960672382195,11.394794053879494,73.38717375268212 2090.015968157033,-27.262011307162417,109.44575630137027
2091.5539310578315,-13.180215187708075,25.68425302397418 2062.2668172839603,30.938547113319917,-2.525670404169148
2062.2668172839603,30.938547113319917,-2.525670404169148 2065.3584950414142,0.6507790529410897,-54.22763008235505
2068.114981083047,-14.322800049406023,80.9048119120674 2069.3977784754657,-72.70805697778579,67.13832346159147
2069.3977784754657,-72.70805697778579,67.13832346159147 2066.0019412571387,-113.40045456245126,23.177010146380596
2069.3977784754657,-72.70805697778579,67.13832346159147 2022.0180339187657,-36.42919338298775,73.38363066075279
2022.0180339187657,-36.42919338298775,73.38363066075279 2069.6647345592455,-8.379175493567423,96.68574246375667
2068.114981083047,-14.322800049406023,80.9048119120674 2031.8725401026218,-7.312634087271414,33.60425118638756
2031.8725401026218,-7.312634087271414,33.60425118638756 1972.5661095216872,-13.233953267306667,40.509703446518174
2126.955698071183,-12.276685756633734,69.34698163891491 2111.4305118573507,33.4328857214696,33.71548337805049
2111.4305118573507,33.4328857214696,33.71548337805049 2152.029256648196,-8.651170902555819,20.273976785647264
2126.955698071183,-12.276685756633734,69.34698163891491 2101.9613918384043,-43.899954236422936,24.903157021795764
2101.9613918384043,-43.899954236422936,24.903157021795764 2149.7148954040695,-26.372746610018815,-6.915075016218399
2149.7148954040695,-26.372746610018815,-6.915075016218399 2145.7859435051146,-77.22005719337503,-38.523845055804074
2149.7148954040695,-26.372746610018815,-6.915075016218399 2192.0287488293434,-54.99888604430929,24.550492663278664
2126.955698071183,-12.276685756633734,69.34698163891491 2148.0261598061447,-61.34411262213937,41.989656055558264
2148.0261598061447,-61.34411262213937,41.989656055558264 2111.3762694839493,-102.94578143543764,64.92623582063382
2111.3762694839493,-102.94578143543764,64.92623582063382 2055.4958953938694,-124.7945753709742,64.8079348689217
2126.955698071183,-12.276685756633734,69.34698163891491 2155.774233267954,-59.04374123439711,93.47859060003243
2126.955698071183,-12.276685756633734,69.34698163891491 2126.434435008836,-60.44484504962166,33.57608962955662
2126.434435008836,-60.44484504962166,33.57608962955662 2135.787737211015,-80.80816863465719,89.23442944027897
2126.434435008836,-60.44484504962166,33.57608962955662 2116.2377595525236,-102.56794296009718,-7.916951137096419
2126.955698071183,-12.276685756633734,69.34698163891491 2161.807248801046,7.200491215615246,114.13547334063972
2126.955698071183,-12.276685756633734,69.34698163891491 2124.518761610336,38.605792818685444,101.04926412327202
2185.7964150593193,-10.230571463861445,57.78915136576242 2219.301228875714,-40.467648674554944,97.32580034975302
2219.301228875714,-40.467648674554944,97.32580034975302 2176.507621689045,-73.47104485615449,71.25890516767458
2176.507621689045,-73.47104485615449,71.25890516767458 2228.1164266842743,-54.70100276810032,47.08832869591681
2228.1164266842743,-54.70100276810032,47.08832869591681 2259.856954111161,-11.99414429574933,74.81310386336648
2259.856954111161,-11.99414429574933,74.81310386336648 2247.886101914659,-55.881208529339354,35.68991009488376
2228.1164266842743,-54.70100276810032,47.08832869591681 2223.1782940899993,-39.99625617969402,105.04853292478502
2176.507621689045,-73.47104485615449,71.25890516767458 2127.541163511803,-39.00800855414021,67.43986046743117
2185.7964150593193,-10.230571463861445,57.78915136576242 2212.474793205048,30.86252171557321,92.42470870875594
2185.7964150593193,-10.230571463861445,57.78915136576242 2220.742397572853,13.40934909392822,100.4498178184235
2244.6371320474555,-8.184457171089155,46.23132109260993 2211.951747198907,5.217924779177656,94.72917439934334
2211.951747198907,5.217924779177656,94.72917439934334 2167.315688310407,-34.01897562671768,86.4776355464863
2167.315688310407,-34.01897562671768,86.4776355464863 2209.598714316511,-29.233952563457414,128.77715405498944
2303.4778490355916,-6.138342878316866,34.67349081945745 2266.550566023948,-38.03483120482973,-0.24054363396250267
2266.550566023948,-38.03483120482973,-0.24054363396250267 2232.5561936963336,-4.139661922759089,-36.23360059487265
2232.5561936963336,-4.139661922759089,-36.23360059487265 2261.5298439092617,-42.634085952533034,-0.4745889760532691
2232.5561936963336,-4.139661922759089,-36.23360059487265 2190.7249343980016,-46.1310405786185,-26.913200169143806
2232.5561936963336,-4.139661922759089,-36.23360059487265 2212.815797095712,-9.54201513600979,20.16791819504506
2232.5561936963336,-4.139661922759089,-36.23360059487265 2265.4998768304945,31.139617712132605,-0.5953322587271757
2265.4998768304945,31.139617712132605,-0.5953322587271757 2206.5829787682924,40.42950365323706,5.923650938779269
2266.550566023948,-38.03483120482973,-0.24054363396250267 2247.900392207279,-49.43234276491958,55.6367124443888
2247.900392207279,-49.43234276491958,55.6367124443888 2227.206767708764,2.7131219905146935,34.361740986024486
2227.206767708764,2.7131219905146935,34.361740986024486 2234.779835369735,33.75290601757601,85.14737334160066
2247.900392207279,-49.43234276491958,55.6367124443888 2239.0650574712517,-30.52697793940593,-0.6173899919365198
2239.0650574712517,-30.52697793940593,-0.6173899919365198 2275.512584847729,3.1883316999563363,-34.30500854924692
2275.512584847729,3.1883316999563363,-34.30500854924692 2236.054676991935,-15.92453139824531,6.655606336678204
2275.512584847729,3.1883316999563363,-34.30500854924692 2300.6240920742703,-29.983592069548372,-77.5373538273086
2247.900392207279,-49.43234276491958,55.6367124443888 2217.545927486112,-87.92657943028868,21.041912039675204
2217.545927486112,-87.92657943028868,21.041912039675204 2216.119080487023,-28.149101246241308,26.00348533822993
2247.900392207279,-49.43234276491958,55.6367124443888 2257.253544365427,-92.06921246023262,96.8024249645363
2266.550566023948,-38.03483120482973,-0.24054363396250267 2223.3956801887507,-24.20957608562488,39.08525132863177
2266.550566023948,-38.03483120482973,-0.24054363396250267 2218.4326777144506,-68.42030900790384,18.769757871107103
2303.4778490355916,-6.138342878316866,34.67349081945745 2279.0923365193853,45.98591305097581,17.69089021944473
2279.0923365193853,45.98591305097581,17.69089021944473 2273.7836730618096,79.45735900107351,-31.821536486422662
2273.7836730618096,79.45735900107351,-31.821536486422662 2216.5060856561295,92.01578381151698,-19.11075573679527
2216.5060856561295,92.01578381151698,-19.11075573679527 2162.9629791350835,65.04393750566378,-16.732678587218125
2216.5060856561295,92.01578381151698,-19.11075573679527 2259.3223758240515,133.4738593777466,-12.183038464770537
2259.3223758240515,133.4738593777466,-12.183038464770537 2235.5418398259912,165.89540982139164,-56.71762249196372
2235.5418398259912,165.89540982139164,-56.71762249196372 2284.9618486585264,136.3087474247651,-39.916070920153174
2284.9618486585264,136.3087474247651,-39.916070920153174 2237.6853196335996,133.4777540659998,-76.75240189865717
2273.7836730618096,79.45735900107351,-31.821536486422662 2239.6375678548166,121.36123648502868,-57.86205397365059
2239.6375678548166,121.36123648502868,-57.86205397365059 2243.0293940224174,71.31480460001802,-24.940174154482243
2243.0293940224174,71.31480460001802,-24.940174154482243 2218.192333263532,87.76887806005702,27.140377680450214
2218.192333263532,87.76887806005702,27.140377680450214 2165.4063893404673,59.275775909865644,25.803495483018356
2165.4063893404673,59.275775909865644,25.803495483018356 2167.1877427701393,103.75102085357899,66.03755278718911
2165.4063893404673,59.275775909865644,25.803495483018356 2188.8391716872466,109.94130191011428,47.801431445435284
2218.192333263532,87.76887806005702,27.140377680450214 2258.991548132838,131.45402896618197,21.94118001568806
2243.0293940224174,71.31480460001802,-24.940174154482243 2201.2771465099204,110.56749078469213,-7.164447588665627
2243.0293940224174,71.31480460001802,-24.940174154482243 2205.1726166673516,95.90148911587944,14.586517495673505
2239.6375678548166,121.36123648502868,-57.86205397365059 2288.359254557828,99.88182768356938,-30.2064534133052
2288.359254557828,99.88182768356938,-30.2064534133052 2305.5724486769145,146.8290855510926,2.9546823775408093
2239.6375678548166,121.36123648502868,-57.86205397365059 2251.0332571764543,65.17354273304446,-40.16794942671342
2251.0332571764543,65.17354273304446,-40.16794942671342 2295.198023829247,103.89001779190436,-27.899781449340807
2251.0332571764543,65.17354273304446,-40.16794942671342 2277.2588779634657,26.17465788551774,-77.46813434562796
2251.0332571764543,65.17354273304446,-40.16794942671342 2258.1278371656203,7.562822321852913,-24.98006516060049
2239.6375678548166,121.36123648502868,-57.86205397365059 2291.406114812954,95.78321336704906,-41.55922356849694
2273.7836730618096,79.45735900107351,-31.821536486422662 2248.3737659343788,105.23956527048819,-79.67145247022239
2248.3737659343788,105.23956527048819,-79.67145247022239 2263.033804915687,145.35124488871506,-37.52721899432148
2263.033804915687,145.35124488871506,-37.52721899432148 2308.2574461775566,184.35856148833017,-43.29363232629328
2308.2574461775566,184.35856148833017,-43.29363232629328 2273.8059924515674,157.67894348529217,-84.54039364615916
2273.8059924515674,157.67894348529217,-84.54039364615916 2284.510485241764,196.01914161453374,-129.4340796333348
2284.510485241764,196.01914161453374,-129.4340796333348 2230.254882728853,172.09174798212499,-138.58882866980647
2230.254882728853,172.09174798212499,-138.58882866980647 2273.7696725771016,135.70695602508533,-158.14924734389675
2230.254882728853,172.09174798212499,-138.58882866980647 2181.0949227189626,160.41185935255209,-170.94433103689676
2284.510485241764,196.01914161453374,-129.4340796333348 2343.4915318028816,198.40393552279895,-118.68471199749908
2284.510485241764,196.01914161453374,-129.4340796333348 2264.7356933807446,145.8739765508559,-155.78593018675625
2284.510485241764,196.01914161453374,-129.4340796333348 2313.8307215292443,154.09618635257345,-98.08460489850086
2273.8059924515674,157.67894348529217,-84.54039364615916 2332.4159735724634,145.3149974617776,-88.00492128146654
2273.8059924515674,157.67894348529217,-84.54039364615916 2278.02284292056,187.4128420267096,-32.59702593043581
2278.02284292056,187.4128420267096,-32.59702593043581 2242.437807510678,214.87682421374444,7.145079415251011
2278.02284292056,187.4128420267096,-32.59702593043581 2235.0312205676078,213.8897692452555,-65.01141675495964
2273.8059924515674,157.67894348529217,-84.54039364615916 2219.5137391855264,152.116076669234,-109.46840496039906
2308.2574461775566,184.35856148833017,-43.29363232629328 2270.850521841548,225.05834378133554,-66.62279289889173
2270.850521841548,225.05834378133554,-66.62279289889173 2303.3685539696517,271.34837432047925,-46.627526979160855
2308.2574461775566,184.35856148833017,-43.29363232629328 2300.001357525333,139.25687665089902,-81.99343885024962
2300.001357525333,139.25687665089902,-81.99343885024962 2346.975026196454,169.72192403447954,-60.421342533666945
2308.2574461775566,184.35856148833017,-43.29363232629328 2311.426161133682,211.1637801733408,-96.8794466503808
2263.033804915687,145.35124488871506,-37.52721899432148 2210.9161867874686,174.99232407298928,-39.79884956128817
2210.9161867874686,174.99232407298928,-39.79884956128817 2222.5388145700826,119.83032133087579,-19.254556511736098
2222.5388145700826,119.83032133087579,-19.254556511736098 2247.723264531075,156.79581466127252,20.736639806987142
2210.9161867874686,174.99232407298928,-39.79884956128817 2175.759043542739,162.30131874558467,7.136357508132086
2248.3737659343788,105.23956527048819,-79.67145247022239 2288.419704774244,149.43528192506952,-73.10933300912343
2288.419704774244,149.43528192506952,-73.10933300912343 2336.517738358513,124.76678876362969,-47.07004326323083
2336.517738358513,124.76678876362969,-47.07004326323083 2349.9710638149436,123.36467586352076,-105.52551446635003
2349.9710638149436,123.36467586352076,-105.52551446635003 2382.8316831703282,157.57506992407497,-142.26552853551044
2288.419704774244,149.43528192506952,-73.10933300912343 2317.358790085888,183.47651985811868,-33.062816789719946
2288.419704774244,149.43528192506952,-73.10933300912343 2316.200970159334,148.96096153953602,-19.930612511399204
2248.3737659343788,105.23956527048819,-79.67145247022239 2287.187887369786,100.44296164613733,-125.17372242314143
2287.187887369786,100.44296164613733,-125.17372242314143 2334.6161694927414,64.46937998040329,-132.68767457923724
2334.6161694927414,64.46937998040329,-132.68767457923724 2364.5344129124546,12.472662208892366,-131.57409850701333
2334.6161694927414,64.46937998040329,-132.68767457923724 2295.8678062802737,46.90698520832325,-90.37778639427172
2287.187887369786,100.44296164613733,-125.17372242314143 2324.5300538579477,135.9164880670256,-94.39724560663473
2287.187887369786,100.44296164613733,-125.17372242314143 2255.3212757238184,54.64495037563463,-147.24318607480245
2248.3737659343788,105.23956527048819,-79.67145247022239 2207.1428310687866,96.70799000467932,-36.92543237953854
2207.1428310687866,96.70799000467932,-36.92543237953854 2226.1785923502143,43.00380992159768,-18.123814522544563
2273.7836730618096,79.45735900107351,-31.821536486422662 2315.563936375849,71.13964347764392,10.430388983084978
2273.7836730618096,79.45735900107351,-31.821536486422662 2298.7391724260724,41.59484921169886,-71.11089132879432
2298.7391724260724,41.59484921169886,-71.11089132879432 2307.7292358439095,70.36740514389537,-122.98881326936448
2298.7391724260724,41.59484921169886,-71.11089132879432 2357.48176437548,34.361762761470146,-80.95925928845793
2357.48176437548,34.361762761470146,-80.95925928845793 2317.963606688672,23.375542919699694,-37.16864172454535
2317.963606688672,23.375542919699694,-37.16864172454535 2364.349015653508,52.982714446071455,-61.08117461783953
2298.7391724260724,41.59484921169886,-71.11089132879432 2283.1331520981175,-9.468898463524305,-98.47776551794146
2298.7391724260724,41.59484921169886,-71.11089132879432 2287.218717459008,99.56555486083019,-81.43931830939586
2287.218717459008,99.56555486083019,-81.43931830939586 2246.098453040569,58.09578944426728,-67.67769011891991
2279.0923365193853,45.98591305097581,17.69089021944473 2284.032857673578,-2.3613329427632976,52.87803354688542
2284.032857673578,-2.3613329427632976,52.87803354688542 2250.066431346325,-26.00119987223431,9.433372492709694
2250.066431346325,-26.00119987223431,9.433372492709694 2238.9819193769545,-80.57741778650329,-12.895309344226167
2238.9819193769545,-80.57741778650329,-12.895309344226167 2254.600070134389,-58.053442430665754,40.47831617519742
2254.600070134389,-58.053442430665754,40.47831617519742 2217.139944400798,-12.043708602602798,49.413828085230506
2250.066431346325,-26.00119987223431,9.433372492709694 2191.4319174224865,-37.939381883150034,5.020483734826752
2191.4319174224865,-37.939381883150034,5.020483734826752 2158.3748642590526,-8.546629260660524,-35.51712015863284
2158.3748642590526,-8.546629260660524,-35.51712015863284 2119.8400640509008,-29.657770600129723,-76.37527582262209
2119.8400640509008,-29.657770600129723,-76.37527582262209 2162.9165866624385,9.984950354530056,-63.227352982544105
2119.8400640509008,-29.657770600129723,-76.37527582262209 2076.141393303532,11.400077248036482,-78.53844594766193
2076.141393303532,11.400077248036482,-78.53844594766193 2062.3841803628593,14.85270500716841,-136.83783233947452
2076.141393303532,11.400077248036482,-78.53844594766193 2065.6854185028947,-25.551339565705867,-32.43784523112548
2065.6854185028947,-25.551339565705867,-32.43784523112548 2111.9133458794036,-46.32006158808345,-0.31870894090985047
2191.4319174224865,-37.939381883150034,5.020483734826752 2155.6350415616303,-84.60809172779932,16.878611750597017
2155.6350415616303,-84.60809172779932,16.878611750597017 2125.6627107411755,-57.345709722743685,-27.37544922237634
2125.6627107411755,-57.345709722743685,-27.37544922237634 2133.9745002864474,-14.230072988787157,13.514109635363951
2250.066431346325,-26.00119987223431,9.433372492709694 2296.1061715648902,-44.60573717715819,-24.244714036615648
2296.1061715648902,-44.60573717715819,-24.244714036615648 2240.5478716157218,-25.61047744915455,-36.591997730768746
2296.1061715648902,-44.60573717715819,-24.244714036615648 2331.363592857426,-1.3099808690212313,-2.2812960533625493
2279.0923365193853,45.98591305097581,17.69089021944473 2269.209127544783,59.45239372956783,-39.93702036646357
2269.209127544783,59.45239372956783,-39.93702036646357 2299.8993158290345,108.35725361014022,-23.61442795169172
2299.8993158290345,108.35725361014022,-23.61442795169172 2255.21641979064,78.82672243394263,3.429730938420633
2269.209127544783,59.45239372956783,-39.93702036646357 2227.455687649848,33.9952229067719,-74.70169655708924
2269.209127544783,59.45239372956783,-39.93702036646357 2228.2967008537603,102.33823953127006,-30.610843651200213
2228.2967008537603,102.33823953127006,-30.610843651200213 2286.137355092073,115.5727476076963,-21.705423208629632
2286.137355092073,115.5727476076963,-21.705423208629632 2299.5606426726986,138.81047010923473,31.958564748559255
2299.5606426726986,138.81047010923473,31.958564748559255 2317.2230124424086,86.27795211178505,8.972150348621604
2228.2967008537603,102.33823953127006,-30.610843651200213 2214.784748259979,56.77424680682728,6.013597697581197
2228.2967008537603,102.33823953127006,-30.610843651200213 2279.397464383137,81.92153914592373,-6.697033580663518
2279.0923365193853,45.98591305097581,17.69089021944473 2252.4527518622504,56.21555857299761,70.47049690412096
2279.0923365193853,45.98591305097581,17.69089021944473 2237.65574093279,88.02888712977962,28.433184052792456
2303.4778490355916,-6.138342878316866,34.67349081945745 2334.6301542247083,-53.67271102469272,15.437645989324587
2303.4778490355916,-6.138342878316866,34.67349081945745 2264.278540532388,39.00337172308997,29.609913455990622
2362.3185660237277,-4.092228585544577,23.115660546304966 2407.822411285898,-32.32836543727449,50.17338850056698
2407.822411285898,-32.32836543727449,50.17338850056698 2387.9174234163797,19.21521280801946,73.56250989461653
2387.9174234163797,19.21521280801946,73.56250989461653 2350.1330329933335,-3.8365144557971966,33.05377367002638
2407.822411285898,-32.32836543727449,50.17338850056698 2359.0351355342204,-32.27746967972255,15.247765609176156
2362.3185660237277,-4.092228585544577,23.115660546304966 2308.959905114108,23.340805949256037,22.584697134516592
2362.3185660237277,-4.092228585544577,23.115660546304966 2370.8693088589425,37.02176453657461,65.97034951402891
2370.8693088589425,37.02176453657461,65.97034951402891 2326.052696659086,-1.0123035227787227,53.933699739937104
2326.052696659086,-1.0123035227787227,53.933699739937104 2341.6397689900236,46.601672731337146,20.91927196324216
2341.6397689900236,46.601672731337146,20.91927196324216 2379.730263678463,15.917412387593977,-13.831129207785366
2370.8693088589425,37.02176453657461,65.97034951402891 2349.096143207987,92.60489344686117,72.00732210619059
2349.096143207987,92.60489344686117,72.00732210619059 2367.8151645505677,132.30530592890733,112.91545685627923
2349.096143207987,92.60489344686117,72.00732210619059 2376.1263844580703,60.81135450347307,115.1180741225676
2362.3185660237277,-4.092228585544577,23.115660546304966 2310.891635423765,-22.316643064516576,48.07846339304571
2421.159283011864,-2.046114292772288,11.557830273152481 2403.9231970291685,39.74523719783625,51.00906955134945
2421.159283011864,-2.046114292772288,11.557830273152481 2455.5349955793263,47.076793495579246,9.266473492481172
2421.159283011864,-2.046114292772288,11.557830273152481 2371.349746614501,1.1090217828484499,44.86031066461983
2371.349746614501,1.1090217828484499,44.86031066461983 2414.50098339476,37.431524980614455,65.32116416055841
2414.50098339476,37.431524980614455,65.32116416055841 2371.057419454085,1.5618119706440297,85.96142677310345
2371.057419454085,1.5618119706440297,85.96142677310345 2358.714577282146,55.920046142677826,63.76150279087015
2358.714577282146,55.920046142677826,63.76150279087015 2381.633245183274,111.2612321886094,67.23825251832987
2358.714577282146,55.920046142677826,63.76150279087015 2364.7390961441483,-1.4706923377828645,80.19343235342446
2371.057419454085,1.5618119706440297,85.96142677310345 2405.0677516200276,44.110043744293684,60.80302303005893
2371.057419454085,1.5618119706440297,85.96142677310345 2355.8521111820887,-56.03131026824004,93.16079279592206
2355.8521111820887,-56.03131026824004,93.16079279592206 2409.2220881568755,-35.245340992744595,111.03784621612802
2409.2220881568755,-35.245340992744595,111.03784621612802 2360.1618741578327,-65.86630118022254,95.05497414740996
2371.349746614501,1.1090217828484499,44.86031066461983 2357.8210677314196,46.15260611500181,82.11685852121362
2357.8210677314196,46.15260611500181,82.11685852121362 2351.354164857403,27.75325006713179,25.37496161741121
2351.354164857403,27.75325006713179,25.37496161741121 2349.660854492876,-31.552091282457052,34.31974710495271
2349.660854492876,-31.552091282457052,34.31974710495271 2370.1304093842427,23.827091078876837,45.003542476423135
2349.660854492876,-31.552091282457052,34.31974710495271 2392.7398422313786,-68.88660730408704,53.03697790591748
2349.660854492876,-31.552091282457052,34.31974710495271 2336.4730842005397,-3.8699396180559837,85.89281366052683
2351.354164857403,27.75325006713179,25.37496161741121 2308.220369082394,58.67842282210539,-2.6091294365231263
2371.349746614501,1.1090217828484499,44.86031066461983 2428.699664481265,16.334469798665907,35.96240903597291
2428.699664481265,16.334469798665907,35.96240903597291 2478.2762830453134,43.406007388483886,56.19334436476794
2478.2762830453134,43.406007388483886,56.19334436476794 2472.9341929203274,1.40655162435786,13.678549426843674
2472.9341929203274,1.40655162435786,13.678549426843674 2416.161605449514,15.876850887545416,26.620100767492403
2428.699664481265,16.334469798665907,35.96240903597291 2477.2426824005483,-18.916549081890835,34.9923166843152
2428.699664481265,16.334469798665907,35.96240903597291 2443.572108077587,-17.9824781211072,-10.954086005172194
2443.572108077587,-17.9824781211072,-10.954086005172194 2458.0684783094516,-56.653802896460256,32.57043455760801
2371.349746614501,1.1090217828484499,44.86031066461983 2419.6117542543025,34.46959155552024,57.42418757497083
2419.6117542543025,34.46959155552024,57.42418757497083 2460.1029173740258,78.36884550502808,51.65173472643528
2371.349746614501,1.1090217828484499,44.86031066461983 2413.559755622585,-27.586296382478995,13.318372630819685
2371.349746614501,1.1090217828484499,44.86031066461983 2398.8462397215935,-29.2806416017411,88.68280746914863
2421.159283011864,-2.046114292772288,11.557830273152481 2398.6633373499803,10.221573619530245,-42.69561442913279
2398.6633373499803,10.221573619530245,-42.69561442913279 2356.813637531232,-1.8414654999643876,-1.427155380093751
2356.813637531232,-1.8414654999643876,-1.427155380093751 2320.4930478918136,-37.70449824983292,30.111038135496617
2320.4930478918136,-37.70449824983292,30.111038135496617 2340.629728519302,-92.7613629656739,17.333881136847694
2320.4930478918136,-37.70449824983292,30.111038135496617 2350.3269668301623,-73.16997901723943,68.21795292424261
2356.813637531232,-1.8414654999643876,-1.427155380093751 2323.4626564890214,-47.930134436309636,-20.494054949716293
2323.4626564890214,-47.930134436309636,-20.494054949716293 2375.1138641353327,-78.40958358939402,-22.270548125095136
2398.6633373499803,10.221573619530245,-42.69561442913279 2400.328772208594,-1.016137016757316,16.21907123061409
2398.6633373499803,10.221573619530245,-42.69561442913279 2355.7200743418125,-28.175851673748653,-59.473990186589134
2355.7200743418125,-28.175851673748653,-59.473990186589134 2404.995515715883,1.4331340368685055,-42.29147457975682
2404.995515715883,1.4331340368685055,-42.29147457975682 2458.0783938647346,-9.423087745958465,-16.51647708147903
2398.6633373499803,10.221573619530245,-42.69561442913279 2417.0562173903672,51.54293348954676,-82.11955616905168
2421.159283011864,-2.046114292772288,11.557830273152481 2367.4975643584294,11.606253959514314,34.6669798088584
2421.159283011864,-2.046114292772288,11.557830273152481 2413.76097526534,33.88952713244289,-35.917370809582124
2480.0,0.0,0.0 2439.402591972319,-25.11069239292098,-36.349739875026344
2439.402591972319,-25.11069239292098,-36.349739875026344 2472.790204850632,22.45118059404882,-21.41201768390043
2472.790204850632,22.45118059404882,-21.41201768390043 2470.4173623612282,-15.201415471176794,-68.06661690058468
2470.4173623612282,-15.201415471176794,-68.06661690058468 2461.1288288755054,-30.323372235574247,-125.38196885187517
2461.1288288755054,-30.323372235574247,-125.38196885187517 2455.4222467873906,-75.75550003723771,-86.60882499836586
2455.4222467873906,-75.75550003723771,-86.60882499836586 2454.192828701288,-18.915796163671402,-105.78528438832768
2454.192828701288,-18.915796163671402,-105.78528438832768 2425.5089640913125,33.50572769870023,-111.19081368557518
2425.5089640913125,33.50572769870023,-111.19081368557518 2375.3588685794616,11.485666449167056,-86.69418488243053
2461.1288288755054,-30.323372235574247,-125.38196885187517 2421.1086085220627,-25.11399312285371,-169.7806662665722
2421.1086085220627,-25.11399312285371,-169.7806662665722 2459.460465791818,3.6279915481532434,-205.87821966194676
2459.460465791818,3.6279915481532434,-205.87821966194676 2436.2708933382855,37.67339517625342,-249.50337549229428
2436.2708933382855,37.67339517625342,-249.50337549229428 2443.7466526336207,85.7445662956652,-284.62139836042337
2436.2708933382855,37.67339517625342,-249.50337549229428 2395.501109684793,41.68026179127002,-205.66538100375868
2421.1086085220627,-25.11399312285371,-169.7806662665722 2439.338338712303,-53.542021176732675,-219.37425615638475
2461.1288288755054,-30.323372235574247,-125.38196885187517 2462.393193952109,-90.19465976709024,-121.66305633991666
2462.393193952109,-90.19465976709024,-121.66305633991666 2486.4542171447315,-117.70761061254325,-74.0804471355049
2461.1288288755054,-30.323372235574247,-125.38196885187517 2403.089008121617,-34.74739706458757,-110.82837097475912
2461.1288288755054,-30.323372235574247,-125.38196885187517 2416.475037267777,6.96640178089627,-140.06228386396285
2470.4173623612282,-15.201415471176794,-68.06661690058468 2434.852469820573,-42.0696955561106,-108.23170054109485
2434.852469820573,-42.0696955561106,-108.23170054109485 2399.7057877030634,6.212687709016009,-102.44186441473016
2399.7057877030634,6.212687709016009,-102.44186441473016 2437.755324999234,14.529353738874132,-148.0824798542173
2399.7057877030634,6.212687709016009,-102.44186441473016 2373.7644251369775,-18.076301112783433,-54.09839815268619
2373.7644251369775,-18.076301112783433,-54.09839815268619 2336.6728411076283,-61.11923671744711,-34.82354176602261
2336.6728411076283,-61.11923671744711,-34.82354176602261 2332.7003377181377,-108.30847544855101,-71.66638319823801
2336.6728411076283,-61.11923671744711,-34.82354176602261 2323.967522877568,-107.35913155881056,-70.88525295299422
2323.967522877568,-107.35913155881056,-70.88525295299422 2300.3580465671494,-139.89174105340575,-115.42985922378688
2323.967522877568,-107.35913155881056,-70.88525295299422 2380.8942825480704,-109.47156270553604,-89.72355616924034
2323.967522877568,-107.35913155881056,-70.88525295299422 2278.49399998476,-85.19463718553867,-103.14814037638594
2323.967522877568,-107.35913155881056,-70.88525295299422 2338.734420332004,-118.87129534108499,-13.881666884920676
2323.967522877568,-107.35913155881056,-70.88525295299422 2375.719966942911,-127.87763877261611,-48.50947598367864
2336.6728411076283,-61.11923671744711,-34.82354176602261 2302.391064678353,-41.930412978096655,-80.17272972295642
2399.7057877030634,6.212687709016009,-102.44186441473016 2354.991981380519,41.4253189888009,-121.43518225295713
2399.7057877030634,6.212687709016009,-102.44186441473016 2434.3680343067413,49.90765210832923,-80.3222182482884
2399.7057877030634,6.212687709016009,-102.44186441473016 2444.5380431008853,-33.627202475471215,-100.7530701606977
2399.7057877030634,6.212687709016009,-102.44186441473016 2456.4028957466994,10.553178788801516,-83.29511334112536
2399.7057877030634,6.212687709016009,-102.44186441473016 2425.204080909619,-47.7964534253173,-108.17333172111894
2425.204080909619,-47.7964534253173,-108.17333172111894 2464.5778823830674,-28.787368019162205,-149.26297067732006
2434.852469820573,-42.0696955561106,-108.23170054109485 2443.5098442368967,-5.888154853489688,-61.15786512692696
2470.4173623612282,-15.201415471176794,-68.06661690058468 2462.430586270514,-54.560329149497875,-112.64337454107783
2462.430586270514,-54.560329149497875,-112.64337454107783 2481.1076189298615,-78.31108002527927,-164.48033320840548
2472.790204850632,22.45118059404882,-21.41201768390043 2451.426118762189,-27.150918331772615,-47.55025801791331
2472.790204850632,22.45118059404882,-21.41201768390043 2442.3740946965377,15.808560311953572,-72.70271702483264
2442.3740946965377,15.808560311953572,-72.70271702483264 2410.0365967700873,-29.639297886434427,-50.594383459499355
2442.3740946965377,15.808560311953572,-72.70271702483264 2420.6967616264333,51.79776544154774,-115.5381036240891
2439.402591972319,-25.11069239292098,-36.349739875026344 2473.4282405744657,7.9116693150260815,-73.1162853264656
2480.0,0.0,0.0 2460.0892903826316,35.42111766773276,44.14643887904735
2460.0892903826316,35.42111766773276,44.14643887904735 2478.4470879421747,73.59894204387551,86.63696717262395
2460.0892903826316,35.42111766773276,44.14643887904735 2433.9983354069122,68.84700528295187,1.6967968830335636
2460.0892903826316,35.42111766773276,44.14643887904735 2402.3993748061703,28.870025882099117,59.27775862310771
2480.0,0.0,0.0 2453.173315822756,-22.25217880088038,48.83819770085773
2480.0,0.0,0.0 2480.7885994045405,-39.062213036388734,45.53593771603854
2480.7885994045405,-39.062213036388734,45.53593771603854 2459.8503353834185,-94.76043156307436,37.83544729429464
