起始树
1200.0,0.0,280.0 1239.282355510355,-28.445220152160758,315.3237313438598
1239.282355510355,-28.445220152160758,315.3237313438598 1194.6222712716271,-13.137219082038815,278.29479699480146
1194.6222712716271,-13.137219082038815,278.29479699480146 1162.1038819830965,-29.168705748731146,230.48741478938
1162.1038819830965,-29.168705748731146,230.48741478938 1129.9441346017588,-70.59089920053603,259.6413602858269
1194.6222712716271,-13.137219082038815,278.29479699480146 1206.4732344586855,-51.554654242480154,233.75655110172352
1206.4732344586855,-51.554654242480154,233.75655110172352 1157.0817303833037,-72.7488261012021,260.42650431492774
1239.282355510355,-28.445220152160758,315.3237313438598 1216.752571156977,-56.19071167285967,363.5170557494775
1216.752571156977,-56.19071167285967,363.5170557494775 1234.7704860856638,-105.10008518968931,393.2362065417503
1234.7704860856638,-105.10008518968931,393.2362065417503 1212.6539852945568,-54.30342067352891,416.2700787040598
1212.6539852945568,-54.30342067352891,416.2700787040598 1187.1185465958124,-21.66219812442067,372.8823850460391
1234.7704860856638,-105.10008518968931,393.2362065417503 1190.5352860785738,-136.0877960548542,367.10176842516404
1216.752571156977,-56.19071167285967,363.5170557494775 1212.2377603550435,0.6254206010325589,382.26655165892333
1212.2377603550435,0.6254206010325589,382.26655165892333 1160.8068936970249,-27.184341917834306,368.7949866626305
1160.8068936970249,-27.184341917834306,368.7949866626305 1188.5299443366982,3.2856377192912767,412.4185216425385
1188.5299443366982,3.2856377192912767,412.4185216425385 1152.3417850553992,-0.48284935471193924,364.70881997710785
1160.8068936970249,-27.184341917834306,368.7949866626305 1117.4619928091436,-4.812736328133351,403.73394529563217
1160.8068936970249,-27.184341917834306,368.7949866626305 1214.5416032373735,-1.5020947012998995,361.51465916153734
1216.752571156977,-56.19071167285967,363.5170557494775 1186.0611397446378,-38.748171921553,412.03296906547894
1216.752571156977,-56.19071167285967,363.5170557494775 1180.1368730524048,-15.850533899179347,388.6558844712516
1180.1368730524048,-15.850533899179347,388.6558844712516 1144.588731136417,11.152873092931145,348.56666376119995
1144.588731136417,11.152873092931145,348.56666376119995 1125.6974371830815,61.54569649266684,322.0396518191865
1125.6974371830815,61.54569649266684,322.0396518191865 1144.3561729534274,87.37271524661546,372.8807442714106
1216.752571156977,-56.19071167285967,363.5170557494775 1173.4730928433094,-82.4171191256041,331.2825663162723
1239.282355510355,-28.445220152160758,315.3237313438598 1218.0797174950155,-73.08231958539932,349.35279973218996
1218.0797174950155,-73.08231958539932,349.35279973218996 1236.9014613515858,-82.19449517972771,293.1148213355958
1239.282355510355,-28.445220152160758,315.3237313438598 1200.2317112911635,-6.371131876504265,355.1707113155546
1200.2317112911635,-6.371131876504265,355.1707113155546 1150.6741941628616,5.846914359781028,386.7107151558532
1150.6741941628616,5.846914359781028,386.7107151558532 1192.4836210991125,15.848370529525042,428.56692967349653
1192.4836210991125,15.848370529525042,428.56692967349653 1225.9921845483846,-25.880259525374804,455.69436245486054
1225.9921845483846,-25.880259525374804,455.69436245486054 1169.2332121286374,-6.544301227444581,453.5636896608624
1192.4836210991125,15.848370529525042,428.56692967349653 1232.6731207897928,-23.79603213454523,408.2414419297334
1232.6731207897928,-23.79603213454523,408.2414419297334 1185.8789060709234,-30.809291701509565,445.134742935346
1185.8789060709234,-30.809291701509565,445.134742935346 1187.3657621194136,29.02086781569662,440.8754858127094
1200.2317112911635,-6.371131876504265,355.1707113155546 1182.6031875849592,-35.638110325663035,404.4929083914784
1200.2317112911635,-6.371131876504265,355.1707113155546 1244.545277822211,7.918463657970719,393.01401033611495
1239.282355510355,-28.445220152160758,315.3237313438598 1183.0192755317428,-16.363207657219867,298.3387142584291
1239.282355510355,-28.445220152160758,315.3237313438598 1189.2236531709068,-54.045251394128826,336.2704427922177
1189.2236531709068,-54.045251394128826,336.2704427922177 1217.7719099101653,-18.82965624359332,296.9657497474557
1189.2236531709068,-54.045251394128826,336.2704427922177 1175.8292217772755,-23.451944350879884,286.4242917693072
1175.8292217772755,-23.451944350879884,286.4242917693072 1134.4267680924813,-2.338355454180949,324.372324561267
1189.2236531709068,-54.045251394128826,336.2704427922177 1187.5767161104948,-37.471512671816555,393.9124308138289
1239.282355510355,-28.445220152160758,315.3237313438598 1187.4879001498377,-40.638990356183335,343.048203604281
1187.4879001498377,-40.638990356183335,343.048203604281 1233.2852160525172,-3.4636541487664587,354.0300173877913
1187.4879001498377,-40.638990356183335,343.048203604281 1222.2924447475518,-19.333694753807357,387.0337473049232
1187.4879001498377,-40.638990356183335,343.048203604281 1161.4771834447852,13.399836238587454,344.85037916448556
1200.0,0.0,280.0 1156.9464353290396,-37.780385556312424,297.8614959155108
1200.0,0.0,280.0 1220.17825207769,-55.17093274158978,267.79318536586334
1220.17825207769,-55.17093274158978,267.79318536586334 1230.7203998293091,-88.39346813251113,316.63093984927514
1200.0,0.0,280.0 1248.8224629838712,-0.8085775997208146,245.1329193872823
1248.8224629838712,-0.8085775997208146,245.1329193872823 1231.4415418168378,33.16013829382508,291.43659008333975
1231.4415418168378,33.16013829382508,291.43659008333975 1210.0495568063345,59.58299645116754,241.9975817588662
1231.4415418168378,33.16013829382508,291.43659008333975 1202.2996075329988,82.77326860810561,274.4282107774026
1248.8224629838712,-0.8085775997208146,245.1329193872823 1190.2163042658324,7.198611699551927,235.07294524011635
1190.2163042658324,7.198611699551927,235.07294524011635 1152.0827144415073,26.40881226116379,277.2250213632776
1152.0827144415073,26.40881226116379,277.2250213632776 1136.3739494675096,69.7984218696991,238.87692517832204
1136.3739494675096,69.7984218696991,238.87692517832204 1186.4284887243834,67.98881830701275,205.8425728352234
1152.0827144415073,26.40881226116379,277.2250213632776 1111.9175151336872,-0.5172846787601451,312.7460301910814
1111.9175151336872,-0.5172846787601451,312.7460301910814 1126.2002180286652,57.154513244440096,321.11072518368826
1152.0827144415073,26.40881226116379,277.2250213632776 1171.961645561098,-9.276365676551038,321.1726740093086
1171.961645561098,-9.276365676551038,321.1726740093086 1112.6044110600114,-13.78772346634454,313.66492046544005
1171.961645561098,-9.276365676551038,321.1726740093086 1214.0479628601079,-51.40892967601814,328.4931211976899
1152.0827144415073,26.40881226116379,277.2250213632776 1149.4998453085816,-27.196841408383982,304.053414563443
1248.8224629838712,-0.8085775997208146,245.1329193872823 1207.1830724946199,-38.46699655824885,223.96679926035253
1207.1830724946199,-38.46699655824885,223.96679926035253 1181.637887907838,-86.70232780461978,248.88258469810495
1181.637887907838,-86.70232780461978,248.88258469810495 1216.8648806577667,-125.61728871191205,219.81912311176967
1207.1830724946199,-38.46699655824885,223.96679926035253 1203.2408867075148,-46.83590805044559,164.6842513085672
1248.8224629838712,-0.8085775997208146,245.1329193872823 1227.3669869198793,-9.427792529254985,189.76712055022077
1248.8224629838712,-0.8085775997208146,245.1329193872823 1193.995901903987,-24.89046539861569,248.889364541304
1193.995901903987,-24.89046539861569,248.889364541304 1173.8270695649635,4.850832229110235,296.93802131232496
1173.8270695649635,4.850832229110235,296.93802131232496 1186.0137378259703,48.057975690860076,336.74540593593383
1193.995901903987,-24.89046539861569,248.889364541304 1171.3498243654835,28.935501606977937,235.10820174447034
1171.3498243654835,28.935501606977937,235.10820174447034 1197.8998510834574,-24.512490990508304,241.30563416232945
1248.8224629838712,-0.8085775997208146,245.1329193872823 1224.8046966295785,-30.753871596904904,199.01972966055857
1224.8046966295785,-30.753871596904904,199.01972966055857 1211.07960125674,-82.83564569895356,225.46042865641843
1248.8224629838712,-0.8085775997208146,245.1329193872823 1214.7591102897723,-28.651266808409744,285.93086861105803
1214.7591102897723,-28.651266808409744,285.93086861105803 1210.247127490291,7.139709654311368,333.875086354829
1248.8224629838712,-0.8085775997208146,245.1329193872823 1198.6071344296265,-33.63659919566583,244.2716550344713
1198.6071344296265,-33.63659919566583,244.2716550344713 1206.3772575579424,-30.500046315411957,184.859642590857
1198.6071344296265,-33.63659919566583,244.2716550344713 1236.9520187791466,-46.575645678644975,288.56895653617954
1198.6071344296265,-33.63659919566583,244.2716550344713 1218.7867453618358,-65.58434862251525,197.66559738974127
1248.8224629838712,-0.8085775997208146,245.1329193872823 1210.204530835434,-43.34873794429231,262.42424884562234
1248.8224629838712,-0.8085775997208146,245.1329193872823 1237.3682791065485,57.56760847059224,237.3212248471286
1248.8224629838712,-0.8085775997208146,245.1329193872823 1218.6524327307793,-49.44437798205852,227.12380514762796
1218.6524327307793,-49.44437798205852,227.12380514762796 1184.2134682444425,-0.3728521830676783,229.56164863477292
1184.2134682444425,-0.3728521830676783,229.56164863477292 1149.8741375043007,42.508212633135216,253.686835567681
1149.8741375043007,42.508212633135216,253.686835567681 1192.039479820538,68.04712456476389,287.88987468269306
1184.2134682444425,-0.3728521830676783,229.56164863477292 1168.3227080171807,39.18166836333885,271.7863291397049
1168.3227080171807,39.18166836333885,271.7863291397049 1121.415064841576,33.362292808349075,308.74316720602394
1218.6524327307793,-49.44437798205852,227.12380514762796 1211.0917414836938,-64.18457349514675,169.45611415776625
1211.0917414836938,-64.18457349514675,169.45611415776625 1240.0732657539068,-23.808968767863163,203.06982852974855
1248.8224629838712,-0.8085775997208146,245.1329193872823 1240.4529404671264,45.666678604048755,282.14645277219
1248.8224629838712,-0.8085775997208146,245.1329193872823 1225.1910832987376,-17.60074163242291,297.6646347721417
1248.8224629838712,-0.8085775997208146,245.1329193872823 1199.1031629235042,-27.309448725375223,224.5005411654525
1199.1031629235042,-27.309448725375223,224.5005411654525 1227.2202822378001,-51.47039286567072,177.32346643931916
1227.2202822378001,-51.47039286567072,177.32346643931916 1218.5717387751492,-10.73028989978539,220.51428382338474
1199.1031629235042,-27.309448725375223,224.5005411654525 1166.848154439368,-47.92331326709067,178.29791119329488
1248.8224629838712,-0.8085775997208146,245.1329193872823 1241.3386829774763,-59.06103463198928,257.4066428043877
1241.3386829774763,-59.06103463198928,257.4066428043877 1205.5123770277646,-16.248884080946937,235.41583638005343
1248.8224629838712,-0.8085775997208146,245.1329193872823 1214.1807336750094,-42.805916801478006,270.3554111449197
1248.8224629838712,-0.8085775997208146,245.1329193872823 1195.6910394644315,-25.185009910926585,231.61103406846894
1195.6910394644315,-25.185009910926585,231.61103406846894 1216.5171916735662,-80.80574425556857,223.09015998626873
1195.6910394644315,-25.185009910926585,231.61103406846894 1192.766440897974,6.605671006387805,282.4126022533053
1248.8224629838712,-0.8085775997208146,245.1329193872823 1214.319495351682,-32.964844570623335,282.22091905116486
1214.319495351682,-32.964844570623335,282.22091905116486 1189.6243648029608,-32.153015721027934,227.544676851279
1189.6243648029608,-32.153015721027934,227.544676851279 1162.8694497986767,-81.32034529493426,205.94032021460936
1248.8224629838712,-0.8085775997208146,245.1329193872823 1240.2675948713934,48.09024636278836,211.43248546334524
1248.8224629838712,-0.8085775997208146,245.1329193872823 1206.1410793944442,-42.366713500514315,252.289792681073
1206.1410793944442,-42.366713500514315,252.289792681073 1215.8056004336656,-3.928779684276712,297.33557247253606
1206.1410793944442,-42.366713500514315,252.289792681073 1196.435084886798,16.77375576422328,255.15310645433806
1248.8224629838712,-0.8085775997208146,245.1329193872823 1207.337262581708,27.267598115414778,212.10707337532978
1248.8224629838712,-0.8085775997208146,245.1329193872823 1196.560076640067,25.03249884133703,230.95964375959633
1196.560076640067,25.03249884133703,230.95964375959633 1139.3311676484182,9.01535211810053,239.22420584550738
1139.3311676484182,9.01535211810053,239.22420584550738 1088.6104582612793,-17.54458025483686,221.28041495254394
1248.8224629838712,-0.8085775997208146,245.1329193872823 1217.2160669221598,48.63574788907242,232.6311433155192
1248.8224629838712,-0.8085775997208146,245.1329193872823 1210.8136037467164,13.604208136535826,289.26452061373806
1248.8224629838712,-0.8085775997208146,245.1329193872823 1230.5044912950714,37.144657925708024,202.42456158275348
1248.8224629838712,-0.8085775997208146,245.1329193872823 1242.9441033862643,-52.631977903767975,215.47183260058978
1248.8224629838712,-0.8085775997208146,245.1329193872823 1190.7883858051705,-3.672444408523212,230.17149723168345
1248.8224629838712,-0.8085775997208146,245.1329193872823 1215.3075770724502,38.07165543487469,214.06718421941648
1215.3075770724502,38.07165543487469,214.06718421941648 1200.2094343803171,76.68493583640661,170.69598797259084
1215.3075770724502,38.07165543487469,214.06718421941648 1183.216368554784,50.11387547114787,263.3128873058143
1183.216368554784,50.11387547114787,263.3128873058143 1150.5180117123502,94.60857462176153,286.7871116231639
1248.8224629838712,-0.8085775997208146,245.1329193872823 1217.1254947114885,18.010774340115184,292.47353825632695
1248.8224629838712,-0.8085775997208146,245.1329193872823 1202.2926821830715,28.32907698774128,269.3398725985247
1202.2926821830715,28.32907698774128,269.3398725985247 1189.9144870952086,-30.36261712927584,270.7769975204796
1189.9144870952086,-30.36261712927584,270.7769975204796 1225.5941070611286,-18.839516637114976,223.9348917380205
1248.8224629838712,-0.8085775997208146,245.1329193872823 1223.7529060438803,-49.72117065296579,269.19690815972416
1248.8224629838712,-0.8085775997208146,245.1329193872823 1209.052646001571,-25.500348377070416,207.60055850932554
1248.8224629838712,-0.8085775997208146,245.1329193872823 1203.4362050247712,13.177010766457713,281.800219622258
1248.8224629838712,-0.8085775997208146,245.1329193872823 1245.5599319647542,49.50339608456599,212.60506677846516
1245.5599319647542,49.50339608456599,212.60506677846516 1213.7214136597313,43.008059950523815,263.0443308556355
1245.5599319647542,49.50339608456599,212.60506677846516 1229.0917334272633,100.3954759920509,239.78584380230967
1245.5599319647542,49.50339608456599,212.60506677846516 1241.9334741467635,-5.462865971422666,236.38654779388378
1245.5599319647542,49.50339608456599,212.60506677846516 1234.272696152997,105.94122487897269,229.55705157975083
1234.272696152997,105.94122487897269,229.55705157975083 1186.7753359353726,83.4423788300146,200.61222995614222
1245.5599319647542,49.50339608456599,212.60506677846516 1208.6224757581344,17.096423102900815,247.0348857026139
1245.5599319647542,49.50339608456599,212.60506677846516 1213.8378578053707,10.968147462625012,179.30724966274778
1245.5599319647542,49.50339608456599,212.60506677846516 1189.7781150369105,30.689999168637865,224.20010868060098
1189.7781150369105,30.689999168637865,224.20010868060098 1198.783670366194,86.4719236061492,244.3812107134185
1245.5599319647542,49.50339608456599,212.60506677846516 1227.8413717673081,92.91691586216942,250.03926137443736
1245.5599319647542,49.50339608456599,212.60506677846516 1193.1687896663284,74.85798946256449,198.0341092497898
1245.5599319647542,49.50339608456599,212.60506677846516 1213.073000912231,97.85874099413789,198.23983341924193
1245.5599319647542,49.50339608456599,212.60506677846516 1226.8745359394713,104.30530528405706,196.86954252698
1245.5599319647542,49.50339608456599,212.60506677846516 1240.6776126497796,84.27930708172316,163.95530858354266
1240.6776126497796,84.27930708172316,163.95530858354266 1194.6281640898756,91.28744606553954,201.77506896501876
1240.6776126497796,84.27930708172316,163.95530858354266 1193.0542242279894,106.45964275543824,192.9388484748089
1240.6776126497796,84.27930708172316,163.95530858354266 1188.7704706871205,54.36278794333418,167.2188183369778
1240.6776126497796,84.27930708172316,163.95530858354266 1201.3765943972658,95.48999670962655,207.88423302271377
1240.6776126497796,84.27930708172316,163.95530858354266 1203.0099234235704,56.44781504579318,201.45935155775658
1240.6776126497796,84.27930708172316,163.95530858354266 1248.610749680727,26.03661746983765,151.91975942192244
1248.610749680727,26.03661746983765,151.91975942192244 1245.4101776792925,-25.044242665691087,183.2327290459965
1248.610749680727,26.03661746983765,151.91975942192244 1214.555463409902,49.72310405910821,195.26935953620796
1248.610749680727,26.03661746983765,151.91975942192244 1226.7986000302872,42.71671382469963,205.26771639516878
1226.7986000302872,42.71671382469963,205.26771639516878 1205.719928596557,19.227637810344596,256.29665836519894
1248.610749680727,26.03661746983765,151.91975942192244 1245.485643362476,-29.8426394031896,173.5471115903656
1248.610749680727,26.03661746983765,151.91975942192244 1215.6059963507603,74.43707400195666,164.88440616259797
1240.6776126497796,84.27930708172316,163.95530858354266 1240.979233722079,32.35822093289088,194.0237278611549
1240.6776126497796,84.27930708172316,163.95530858354266 1207.600010432627,134.33735342364034,163.70187615805372
1207.600010432627,134.33735342364034,163.70187615805372 1160.3592522010497,101.62820706897722,180.9767858960203
1207.600010432627,134.33735342364034,163.70187615805372 1220.728215525052,182.47679136566364,197.02221147565382
1220.728215525052,182.47679136566364,197.02221147565382 1177.4618830943846,142.7263828284192,184.85958432848108
1220.728215525052,182.47679136566364,197.02221147565382 1169.342579088936,202.0192524939601,172.9887227338105
1169.342579088936,202.0192524939601,172.9887227338105 1117.9303699869472,210.79580609662122,143.32802715678451
1220.728215525052,182.47679136566364,197.02221147565382 1195.9441814062243,216.8117697522045,154.51502488335453
1220.728215525052,182.47679136566364,197.02221147565382 1208.392525325115,138.11295915261843,235.4888351728793
1220.728215525052,182.47679136566364,197.02221147565382 1184.5521547717974,221.53445169805184,224.69515489944982
1220.728215525052,182.47679136566364,197.02221147565382 1217.578960509141,130.50266134213564,226.83449084409804
1240.6776126497796,84.27930708172316,163.95530858354266 1204.6447382493652,36.48680015960874,159.77102315546583
1240.6776126497796,84.27930708172316,163.95530858354266 1195.938717709177,114.53900382739474,190.08540679142772
1240.6776126497796,84.27930708172316,163.95530858354266 1208.0946854403605,34.75479369623634,154.6992063587159
1240.6776126497796,84.27930708172316,163.95530858354266 1235.2243376290858,33.85108665489311,196.00614907379685
1240.6776126497796,84.27930708172316,163.95530858354266 1194.5118316848882,122.24884899637661,158.7558321971129
1240.6776126497796,84.27930708172316,163.95530858354266 1219.5808624558451,28.812042990904004,155.10602920417767
1245.5599319647542,49.50339608456599,212.60506677846516 1193.4623434474438,75.23956100947936,227.55468502237534
1193.4623434474438,75.23956100947936,227.55468502237534 1165.0601458804072,46.59565588133684,271.97136963945354
1245.5599319647542,49.50339608456599,212.60506677846516 1219.8846432023447,61.49979277846215,265.4904713181826
1245.5599319647542,49.50339608456599,212.60506677846516 1215.6543387452782,5.004752527037894,185.66947293442135
1245.5599319647542,49.50339608456599,212.60506677846516 1195.2945662189506,79.91652368429965,224.78844381617145
1195.2945662189506,79.91652368429965,224.78844381617145 1190.2493716773063,78.12170314832841,165.02788298144853
1245.5599319647542,49.50339608456599,212.60506677846516 1205.88897165376,8.524298324166722,231.23108231446133
1245.5599319647542,49.50339608456599,212.60506677846516 1232.4256905474645,80.30527460974925,162.81816105304165
1245.5599319647542,49.50339608456599,212.60506677846516 1216.6882114959,57.2258285611635,160.57826797426483
1245.5599319647542,49.50339608456599,212.60506677846516 1205.6996968097521,26.634186267401873,251.1817552797669
1245.5599319647542,49.50339608456599,212.60506677846516 1206.8514829390263,12.59579851632818,239.79854422736116
1245.5599319647542,49.50339608456599,212.60506677846516 1192.7020507023008,70.24368665161467,231.99281382753648
1245.5599319647542,49.50339608456599,212.60506677846516 1208.6406524053004,4.6982056022066345,197.4570734245455
1245.5599319647542,49.50339608456599,212.60506677846516 1222.7094982368615,-2.575969339737078,193.4844659654915
1248.8224629838712,-0.8085775997208146,245.1329193872823 1215.4342717354791,-31.993515248693942,284.02672800755573
1215.4342717354791,-31.993515248693942,284.02672800755573 1238.5548645831132,-26.371105739177985,228.94654375149827
1248.8224629838712,-0.8085775997208146,245.1329193872823 1226.9083769672043,-51.174828165293995,269.2785947354689
1248.8224629838712,-0.8085775997208146,245.1329193872823 1198.546267083156,-6.234153953746329,212.83946421476253
1198.546267083156,-6.234153953746329,212.83946421476253 1164.7268126859008,27.655077843789073,176.6764378971976
1248.8224629838712,-0.8085775997208146,245.1329193872823 1218.0202385388732,47.961823010167066,261.64567184079556
1248.8224629838712,-0.8085775997208146,245.1329193872823 1211.2027251099562,39.09108054305219,220.78599756156132
1248.8224629838712,-0.8085775997208146,245.1329193872823 1239.1754898767629,21.583451150148903,190.31017813572015
1200.0,0.0,280.0 1202.679285628182,2.8098355599872615,220.12574632909025
1200.0,0.0,280.0 1243.6548714767716,-20.601888117985787,244.36554473096948
1200.0,0.0,280.0 1237.7268193864165,18.650988225558915,237.23520446448066
1237.7268193864165,18.650988225558915,237.23520446448066 1199.9157516269984,42.82433421784381,277.0594746829037
1200.0,0.0,280.0 1168.2561418125838,5.943479554217208,330.56681241848065
1200.0,0.0,280.0 1226.2280851825142,-53.50726369253081,272.9956956236357
1200.0,0.0,280.0 1159.498183615714,-7.710599900288803,323.59070449936826
1200.0,0.0,280.0 1243.9042671900345,18.00523362431584,243.2817908301636
1200.0,0.0,280.0 1178.1637973122827,48.21235476491164,251.7378503966307
1200.0,0.0,280.0 1234.2173905553088,33.675864061613545,244.01241376128172
1234.2173905553088,33.675864061613545,244.01241376128172 1202.959001829477,-16.41966037738483,254.65908297970412
1200.0,0.0,280.0 1147.8545258789427,25.391410593237097,295.3663852865854
1200.0,0.0,280.0 1229.8718950062055,-40.38913957697031,312.80834181988234
1229.8718950062055,-40.38913957697031,312.80834181988234 1219.6703387189498,-73.51431033743943,263.8323138938886
1200.0,0.0,280.0 1212.6154209188387,-45.21535395227416,317.3687425800105
1200.0,0.0,280.0 1171.9316550508595,-37.815847693936576,242.82299534651762
1200.0,0.0,280.0 1223.3678655593078,-55.14198598487593,276.35250211160303
1200.0,0.0,280.0 1158.892080719887,-43.69137091634951,278.9031500058478
1158.892080719887,-43.69137091634951,278.9031500058478 1184.5666160340045,-6.546532885891942,318.41364537220835
1184.5666160340045,-6.546532885891942,318.41364537220835 1216.0112833844996,17.06603988402914,363.73118394616324
1200.0,0.0,280.0 1158.1462420151909,0.6100560652445247,322.98710008998376
1200.0,0.0,280.0 1234.619760621515,-47.748797480141356,268.9761842491159
1234.619760621515,-47.748797480141356,268.9761842491159 1200.1517024664186,1.3594503598913263,269.55321206370854
1200.0,0.0,280.0 1240.768163636997,22.944792025066548,317.5698463211319
1200.0,0.0,280.0 1169.9084437167392,-35.096566154809224,318.2456439950021
1200.0,0.0,280.0 1235.9821173871233,46.2413949704478,267.0763542478786
1235.9821173871233,46.2413949704478,267.0763542478786 1182.1341415517193,29.31889515197155,287.4239462018034
1182.1341415517193,29.31889515197155,287.4239462018034 1169.8946403526675,-4.996613124691894,335.0961655975128
1200.0,0.0,280.0 1221.4322925646577,38.52623663248426,239.30127856601948
1221.4322925646577,38.52623663248426,239.30127856601948 1193.833604932652,38.23668196634004,292.57630647860054
1221.4322925646577,38.52623663248426,239.30127856601948 1186.4752363101386,35.93944996997172,287.9974052372551
1200.0,0.0,280.0 1224.1771059946982,-33.79053171884062,323.28588120714596
1200.0,0.0,280.0 1159.5924802511622,-31.668791771669152,311.05350182298196
1200.0,0.0,280.0 1158.918911587162,-34.109259358514514,252.6339151351497
1200.0,0.0,280.0 1214.1135689985902,20.617075538737012,334.55037457572627
1200.0,0.0,280.0 1181.2929834384354,56.504585463526425,272.43168757513394
1181.2929834384354,56.504585463526425,272.43168757513394 1220.230178314396,16.094358126176992,251.1970841708975
1200.0,0.0,280.0 1194.109222424727,-0.45064223535049236,220.29157797149233
1194.109222424727,-0.45064223535049236,220.29157797149233 1181.366146394518,-45.75453406906541,257.5094688038242
1194.109222424727,-0.45064223535049236,220.29157797149233 1185.1229818434117,23.13059694034969,274.72660933139093
1185.1229818434117,23.13059694034969,274.72660933139093 1140.7154666710574,53.99772921629024,300.71108048777023
1194.109222424727,-0.45064223535049236,220.29157797149233 1152.5856880403037,40.22055464401614,235.17948704649032
1200.0,0.0,280.0 1152.033764190153,-26.429826555513344,255.4907264391693
1200.0,0.0,280.0 1241.2389144759968,28.015736742023588,246.6163149481211
1200.0,0.0,280.0 1161.001806667431,18.504376223807483,238.32591959786794
1161.001806667431,18.504376223807483,238.32591959786794 1198.8199771004931,-23.986125837353427,219.23814288903276
目标树
2480.0,0.0,0.0 2489.8713222890406,-0.36141717399959106,-59.18130088036447
2489.8713222890406,-0.36141717399959106,-59.18130088036447 2489.105296537436,26.022211617275524,-113.0637408432325
2489.105296537436,26.022211617275524,-113.0637408432325 2488.7145658935533,-33.004747591169966,-102.3089551099674
2488.7145658935533,-33.004747591169966,-102.3089551099674 2489.133225774108,26.789795514132045,-97.36554143795958
2488.7145658935533,-33.004747591169966,-102.3089551099674 2486.2079422728248,-73.57255796148951,-146.4447636987063
2488.7145658935533,-33.004747591169966,-102.3089551099674 2486.466336731765,18.998359590535543,-132.15225099169152
2489.105296537436,26.022211617275524,-113.0637408432325 2487.113626153583,-24.146870620068988,-145.91334413679823
2487.113626153583,-24.146870620068988,-145.91334413679823 2477.3604062446166,13.00120575300167,-192.00992886048297
2477.3604062446166,13.00120575300167,-192.00992886048297 2468.768480723803,45.96887275046497,-241.399317888787
2468.768480723803,45.96887275046497,-241.399317888787 2479.5542827809463,95.73005056151939,-209.65830881785888
2479.5542827809463,95.73005056151939,-209.65830881785888 2455.9205988292756,122.5065569485722,-257.8710424945201
2455.9205988292756,122.5065569485722,-257.8710424945201 2469.116275863056,71.89970053331166,-228.46321715184385
2469.116275863056,71.89970053331166,-228.46321715184385 2452.253318352635,52.957042348307375,-282.8398331267996
2452.253318352635,52.957042348307375,-282.8398331267996 2453.633478478352,107.24616114566788,-308.3503552350093
2453.633478478352,107.24616114566788,-308.3503552350093 2458.968137088934,153.62220798593148,-270.6568054289985
2458.968137088934,153.62220798593148,-270.6568054289985 2457.154913116334,95.93728674641034,-287.06296526045907
2453.633478478352,107.24616114566788,-308.3503552350093 2433.812872941722,61.40020002689443,-341.59627897397667
2452.253318352635,52.957042348307375,-282.8398331267996 2453.6190339280574,-2.4396916936181725,-305.84715105947515
2453.6190339280574,-2.4396916936181725,-305.84715105947515 2455.3064930337177,-54.74152201533575,-276.4929175187235
2453.6190339280574,-2.4396916936181725,-305.84715105947515 2470.4498462464353,-40.12370179400995,-262.2967304018384
2455.9205988292756,122.5065569485722,-257.8710424945201 2450.660845738376,182.06248799751364,-262.91346991754784
2468.768480723803,45.96887275046497,-241.399317888787 2457.1953909349095,89.48345998756989,-281.05463645165565
2457.1953909349095,89.48345998756989,-281.05463645165565 2437.2281733179634,60.77192960591305,-329.8086951932693
2437.2281733179634,60.77192960591305,-329.8086951932693 2417.398100117778,109.22793977064754,-359.11369947223903
2437.2281733179634,60.77192960591305,-329.8086951932693 2406.9666270839416,67.49006118051506,-381.18092044848373
2468.768480723803,45.96887275046497,-241.399317888787 2456.217511424119,17.128178185234542,-292.49420517346044
2456.217511424119,17.128178185234542,-292.49420517346044 2426.471162952783,17.165874268444256,-344.60133838597886
2477.3604062446166,13.00120575300167,-192.00992886048297 2476.7421094896577,-45.0930540489874,-206.99908117746892
2476.7421094896577,-45.0930540489874,-206.99908117746892 2461.1603715400624,-88.30295781392947,-245.6010715289338
2461.1603715400624,-88.30295781392947,-245.6010715289338 2445.782213129401,-71.92799077663818,-301.23714524396354
2445.782213129401,-71.92799077663818,-301.23714524396354 2441.0986977487105,-123.2054706110432,-332.0378716235641
2441.0986977487105,-123.2054706110432,-332.0378716235641 2426.0713062437326,-76.49164371485676,-366.56316497886013
2426.0713062437326,-76.49164371485676,-366.56316497886013 2393.4089974939207,-112.33865528338595,-401.89254862388975
2426.0713062437326,-76.49164371485676,-366.56316497886013 2387.8907748644224,-79.19604988787788,-412.7685024502481
2441.0986977487105,-123.2054706110432,-332.0378716235641 2458.348393447959,-76.52971412596776,-298.51442080433515
2458.348393447959,-76.52971412596776,-298.51442080433515 2459.8555711075446,-19.13812631293176,-281.08071598289735
2441.0986977487105,-123.2054706110432,-332.0378716235641 2410.7503085805583,-100.81782024495276,-378.70443766376127
2441.0986977487105,-123.2054706110432,-332.0378716235641 2453.2618252780353,-174.14737298611766,-302.76363532073697
2445.782213129401,-71.92799077663818,-301.23714524396354 2473.1346508422394,-86.95282988846822,-249.99167363105983
2473.1346508422394,-86.95282988846822,-249.99167363105983 2458.596839883302,-66.6692352350035,-304.5556529622645
2458.596839883302,-66.6692352350035,-304.5556529622645 2436.7488374676072,-28.987758271355112,-345.8202998683249
2436.7488374676072,-28.987758271355112,-345.8202998683249 2446.1661786705954,11.89075997225408,-302.92204313365784
2446.1661786705954,11.89075997225408,-302.92204313365784 2445.4434551978848,-44.21131136557389,-324.1831640445424
2436.7488374676072,-28.987758271355112,-345.8202998683249 2410.050642782399,-69.49414136421872,-381.12524752845997
2410.050642782399,-69.49414136421872,-381.12524752845997 2416.178103327369,-128.82060927730882,-374.5812096139211
2410.050642782399,-69.49414136421872,-381.12524752845997 2409.4935116130064,-37.425583488876946,-431.83320746233966
2436.7488374676072,-28.987758271355112,-345.8202998683249 2459.895001399051,6.463111031198736,-303.3057028344593
2458.596839883302,-66.6692352350035,-304.5556529622645 2435.5295267707793,-71.65844332721962,-359.7191088763152
2473.1346508422394,-86.95282988846822,-249.99167363105983 2472.1558564248626,-46.20395520664203,-205.96246544316102
2472.1558564248626,-46.20395520664203,-205.96246544316102 2462.9351745801323,-32.97271840690084,-263.7544493082909
2473.1346508422394,-86.95282988846822,-249.99167363105983 2472.6531095899527,-45.82604637814139,-206.30694178894987
2445.782213129401,-71.92799077663818,-301.23714524396354 2464.4330572842055,-110.94760875890758,-259.64849986050626
2476.7421094896577,-45.0930540489874,-206.99908117746892 2480.768830198709,5.286120350709936,-174.66142036014668
2477.3604062446166,13.00120575300167,-192.00992886048297 2472.156040241177,65.47962639564642,-220.62688085324208
2472.156040241177,65.47962639564642,-220.62688085324208 2466.045037505212,88.75284226131444,-275.5906240739421
2466.045037505212,88.75284226131444,-275.5906240739421 2449.4507436097847,128.29307594799405,-317.55726952142766
2449.4507436097847,128.29307594799405,-317.55726952142766 2430.772015510747,178.3922854772942,-344.78178643434114
2430.772015510747,178.3922854772942,-344.78178643434114 2444.5543337657828,232.70173090124422,-323.32178081318835
2444.5543337657828,232.70173090124422,-323.32178081318835 2440.3690940796882,291.1117168720718,-336.3891947753181
2440.3690940796882,291.1117168720718,-336.3891947753181 2398.4447457743186,317.3075468501586,-370.39106988433565
2398.4447457743186,317.3075468501586,-370.39106988433565 2375.9350543629976,369.91884636588776,-352.3531942934205
2375.9350543629976,369.91884636588776,-352.3531942934205 2387.030730326338,329.1007851283145,-394.9063592958297
2387.030730326338,329.1007851283145,-394.9063592958297 2441.4735086793567,304.0345982507729,-392.13685381212537
2441.4735086793567,304.0345982507729,-392.13685381212537 2400.9198150918805,265.2596260635046,-413.39478099916914
2400.9198150918805,265.2596260635046,-413.39478099916914 2449.0686765723954,263.21633987641263,-377.65247945481104
2375.9350543629976,369.91884636588776,-352.3531942934205 2418.2252765078415,338.51109244169464,-323.6288125876798
2418.2252765078415,338.51109244169464,-323.6288125876798 2383.242958005992,339.86628842560305,-372.3566366318576
2383.242958005992,339.86628842560305,-372.3566366318576 2406.982094093428,292.180198751107,-399.9698629804416
2383.242958005992,339.86628842560305,-372.3566366318576 2408.511341247623,389.97467182241553,-351.1279126543761
2408.511341247623,389.97467182241553,-351.1279126543761 2413.4448950387823,355.4192161666516,-399.92935250416195
2383.242958005992,339.86628842560305,-372.3566366318576 2340.4600389647726,328.8339668460919,-412.9510909190964
2418.2252765078415,338.51109244169464,-323.6288125876798 2402.5054758086267,385.2138558584845,-289.39812817716427
2402.5054758086267,385.2138558584845,-289.39812817716427 2363.2566326021274,407.46094547167843,-328.95309386662194
2363.2566326021274,407.46094547167843,-328.95309386662194 2310.133864555273,392.16731989339104,-305.62764570991465
2310.133864555273,392.16731989339104,-305.62764570991465 2257.011096508418,376.87369431510365,-282.30219755320735
2257.011096508418,376.87369431510365,-282.30219755320735 2203.8883284615636,361.58006873681626,-258.97674939650005
2203.8883284615636,361.58006873681626,-258.97674939650005 2150.765560414709,346.28644315852887,-235.6513012397928
2150.765560414709,346.28644315852887,-235.6513012397928 2097.6427923678543,330.9928175802415,-212.32585308308552
2097.6427923678543,330.9928175802415,-212.32585308308552 2044.5200243209997,315.6991920019541,-189.00040492637825
2044.5200243209997,315.6991920019541,-189.00040492637825 1991.397256274145,300.4055664236667,-165.67495676967098
1991.397256274145,300.4055664236667,-165.67495676967098 1938.2744882272905,285.1119408453793,-142.34950861296372
1938.2744882272905,285.1119408453793,-142.34950861296372 1898.3731107927538,285.1025148857809,-187.15888252041677
1898.3731107927538,285.1025148857809,-187.15888252041677 1847.2650479739948,269.4969874815424,-159.87457513779583
1847.2650479739948,269.4969874815424,-159.87457513779583 1900.2175303112263,295.51740982800334,-148.96713569322506
1900.2175303112263,295.51740982800334,-148.96713569322506 1854.3252154344975,313.2528859492098,-114.62549446847723
1847.2650479739948,269.4969874815424,-159.87457513779583 1828.2977974413682,326.1347319614948,-165.56749244408064
1847.2650479739948,269.4969874815424,-159.87457513779583 1820.388114891239,303.70959143987136,-118.55716720293614
1820.388114891239,303.70959143987136,-118.55716720293614 1769.3269530619702,284.3820732794585,-93.67334124300498
1769.3269530619702,284.3820732794585,-93.67334124300498 1718.2657912327015,265.05455511904563,-68.78951528307383
1718.2657912327015,265.05455511904563,-68.78951528307383 1667.2046294034328,245.7270369586328,-43.90568932314267
1667.2046294034328,245.7270369586328,-43.90568932314267 1693.0603295577419,297.61899426818104,-59.35585230333423
1693.0603295577419,297.61899426818104,-59.35585230333423 1653.019038353599,338.2720905079724,-40.80805553867001
1667.2046294034328,245.7270369586328,-43.90568932314267 1721.6385988120348,270.8518389378907,-46.29049537950597
1721.6385988120348,270.8518389378907,-46.29049537950597 1696.8542608137643,312.40110855843903,-10.802542719674157
1667.2046294034328,245.7270369586328,-43.90568932314267 1711.1738771301793,271.6125775547514,-12.336019663947646
1667.2046294034328,245.7270369586328,-43.90568932314267 1686.7987976296074,288.6757550205041,-80.93913621060193
1667.2046294034328,245.7270369586328,-43.90568932314267 1629.8201889623926,292.57645863182273,-46.65073974125129
1629.8201889623926,292.57645863182273,-46.65073974125129 1631.2885169733943,329.1434659150291,0.8960581656744893
1631.2885169733943,329.1434659150291,0.8960581656744893 1583.3610646241887,299.0989505812002,20.903217126154942
1583.3610646241887,299.0989505812002,20.903217126154942 1633.0091592488404,278.8463751594168,47.82718208168482
1583.3610646241887,299.0989505812002,20.903217126154942 1624.544268582523,337.0454724277153,42.443996858518084
1583.3610646241887,299.0989505812002,20.903217126154942 1561.072682631855,319.73350133821117,72.64723458924101
1561.072682631855,319.73350133821117,72.64723458924101 1513.9507842454077,285.1042274950219,86.07631071348479
1513.9507842454077,285.1042274950219,86.07631071348479 1470.9164968831005,307.5196125257268,121.36937837759729
1470.9164968831005,307.5196125257268,121.36937837759729 1421.233086404143,274.8430210117333,129.35681164536408
1421.233086404143,274.8430210117333,129.35681164536408 1423.7995879923258,323.37274308865614,164.54600238249927
1421.233086404143,274.8430210117333,129.35681164536408 1388.6663433499639,271.28913083890535,179.62386956088713
1388.6663433499639,271.28913083890535,179.62386956088713 1360.917704340387,315.0715605159863,209.8416107850033
1360.917704340387,315.0715605159863,209.8416107850033 1317.4228526962158,273.9330282214342,205.8642949688224
1317.4228526962158,273.9330282214342,205.8642949688224 1273.9280010520447,232.79449592688215,201.88697915264152
1273.9280010520447,232.79449592688215,201.88697915264152 1326.8991840936662,243.6968739529149,227.87143451634904
1273.9280010520447,232.79449592688215,201.88697915264152 1300.1074848123376,276.3753746090093,233.75140513740192
1273.9280010520447,232.79449592688215,201.88697915264152 1289.4161066624345,288.8173763245087,187.00224010371474
1273.9280010520447,232.79449592688215,201.88697915264152 1306.4010718820955,279.6002375446356,220.72104994147014
1273.9280010520447,232.79449592688215,201.88697915264152 1227.0408318313005,254.9404688739822,232.07222794558027
1317.4228526962158,273.9330282214342,205.8642949688224 1299.7227610631337,314.4247911031102,246.44906914479412
1317.4228526962158,273.9330282214342,205.8642949688224 1289.582289653331,275.71742985462936,152.74444029783703
1317.4228526962158,273.9330282214342,205.8642949688224 1264.1799953739376,288.02486235363324,182.06054831099334
1360.917704340387,315.0715605159863,209.8416107850033 1383.7987845469381,356.81611516780276,246.3634990919197
1360.917704340387,315.0715605159863,209.8416107850033 1357.772574116201,372.31022474836766,192.1259828603257
1360.917704340387,315.0715605159863,209.8416107850033 1312.7356839633323,294.3232627778198,238.96206842827343
1388.6663433499639,271.28913083890535,179.62386956088713 1377.7254247407957,315.47403429415624,218.7133899805305
1470.9164968831005,307.5196125257268,121.36937837759729 1447.1670812475415,358.11573924292156,143.18673885468155
1631.2885169733943,329.1434659150291,0.8960581656744893 1634.5540857349224,385.78721331611814,-18.618601478432836
1634.5540857349224,385.78721331611814,-18.618601478432836 1677.1490570705507,397.45892168433437,-59.23189536952607
1631.2885169733943,329.1434659150291,0.8960581656744893 1592.3177525400251,363.2324713907184,31.21468651784884
1629.8201889623926,292.57645863182273,-46.65073974125129 1595.127265435098,329.24723243003456,-79.07997664515736
1595.127265435098,329.24723243003456,-79.07997664515736 1623.0256144622194,367.0702061722718,-116.37749370534439
1718.2657912327015,265.05455511904563,-68.78951528307383 1714.906180146795,324.77670980270915,-64.10152495756988
1718.2657912327015,265.05455511904563,-68.78951528307383 1710.9666238519933,304.1898434107305,-113.67995263753852
1718.2657912327015,265.05455511904563,-68.78951528307383 1753.60148724029,305.53145318264785,-95.491749474393
1898.3731107927538,285.1025148857809,-187.15888252041677 1950.2082580600186,311.74235556972974,-172.89576939197246
2375.9350543629976,369.91884636588776,-352.3531942934205 2425.2077016676712,400.7596881447386,-337.48548747760185
2425.2077016676712,400.7596881447386,-337.48548747760185 2432.827090515605,413.04932345790013,-279.2539687145344
2432.827090515605,413.04932345790013,-279.2539687145344 2393.9560995383863,446.1969009296695,-310.7227495647998
2375.9350543629976,369.91884636588776,-352.3531942934205 2394.0444224334733,337.64452012863603,-399.58050264377516
2398.4447457743186,317.3075468501586,-370.39106988433565 2379.7127794867274,276.0785835226613,-409.7520406795337
2379.7127794867274,276.0785835226613,-409.7520406795337 2367.454997203828,311.05337380252337,-456.93795826502424
2379.7127794867274,276.0785835226613,-409.7520406795337 2405.3810741965995,264.39377418726946,-356.7935297725728
2379.7127794867274,276.0785835226613,-409.7520406795337 2422.2108007833735,318.2750242882166,-413.40971379078604
2422.2108007833735,318.2750242882166,-413.40971379078604 2374.8946750391606,351.98679114691424,-398.4196831096082
2398.4447457743186,317.3075468501586,-370.39106988433565 2361.9627987004083,318.74229275389126,-418.00418826454825
2361.9627987004083,318.74229275389126,-418.00418826454825 2403.651750673711,309.59078054772846,-460.1738587364422
2361.9627987004083,318.74229275389126,-418.00418826454825 2322.0869959813417,319.76547794865377,-462.8246462002645
2322.0869959813417,319.76547794865377,-462.8246462002645 2320.274991641235,374.89487730982466,-486.43536339284384
2398.4447457743186,317.3075468501586,-370.39106988433565 2404.47402803208,353.77980827462676,-417.6501632108215
2440.3690940796882,291.1117168720718,-336.3891947753181 2401.8295277716616,324.31285992882994,-304.57118213288743
2440.3690940796882,291.1117168720718,-336.3891947753181 2409.737058404236,319.57263691833316,-379.4200490603326
2444.5543337657828,232.70173090124422,-323.32178081318835 2418.154666392386,196.92752746067777,-363.6115305116782
2430.772015510747,178.3922854772942,-344.78178643434114 2400.962355362494,175.75414124100243,-396.78586662843895
2400.962355362494,175.75414124100243,-396.78586662843895 2374.5385347089687,137.2490709061555,-434.4573579790457
2374.5385347089687,137.2490709061555,-434.4573579790457 2383.245355314728,77.98519933398688,-437.9192651436917
2449.4507436097847,128.29307594799405,-317.55726952142766 2445.585540571536,178.02290883778613,-284.2105466505597
2445.585540571536,178.02290883778613,-284.2105466505597 2464.5895235595526,133.48639375609014,-248.77966386492986
2449.4507436097847,128.29307594799405,-317.55726952142766 2426.0309563913383,166.64271143443867,-357.3167844166011
2426.0309563913383,166.64271143443867,-357.3167844166011 2438.439858761801,121.77876206625245,-319.45855956322015
2449.4507436097847,128.29307594799405,-317.55726952142766 2462.003061384471,172.24895424003404,-278.6944327482498
2466.045037505212,88.75284226131444,-275.5906240739421 2450.123252984879,47.3285483240587,-315.9703795151024
2450.123252984879,47.3285483240587,-315.9703795151024 2462.9372013232755,95.2665822250353,-282.239864640738
2450.123252984879,47.3285483240587,-315.9703795151024 2455.122382979897,88.18727789556411,-272.31751114319013
2455.122382979897,88.18727789556411,-272.31751114319013 2464.1134276720445,146.34648090695256,-260.62699274476535
2466.045037505212,88.75284226131444,-275.5906240739421 2434.44395917053,107.26004456900567,-323.118040486235
2434.44395917053,107.26004456900567,-323.118040486235 2414.8217138818545,102.66149543439894,-379.631939977313
2414.8217138818545,102.66149543439894,-379.631939977313 2401.9209323232844,151.52307290789759,-411.9756577905042
2401.9209323232844,151.52307290789759,-411.9756577905042 2433.487025389052,134.22697614835508,-363.97121210629876
2433.487025389052,134.22697614835508,-363.97121210629876 2450.5767123661126,118.8200329834346,-308.55849965383896
2401.9209323232844,151.52307290789759,-411.9756577905042 2370.547629006182,113.2347651487396,-445.8831986614237
2414.8217138818545,102.66149543439894,-379.631939977313 2435.675718830638,107.63010318420815,-323.5924591211821
2466.045037505212,88.75284226131444,-275.5906240739421 2470.324995275497,115.51615503707788,-222.06112705826638
2472.156040241177,65.47962639564642,-220.62688085324208 2481.6141078184846,84.99847358358184,-164.68441431701302
2481.6141078184846,84.99847358358184,-164.68441431701302 2482.8121195848407,141.89086457775227,-145.66283144980378
2472.156040241177,65.47962639564642,-220.62688085324208 2467.617023988422,120.50981149971511,-244.10189009432995
2467.617023988422,120.50981149971511,-244.10189009432995 2458.3809865058256,179.72839518616513,-246.9045598556457
2458.3809865058256,179.72839518616513,-246.9045598556457 2465.912083559972,219.99030030060433,-203.06095628891177
2458.3809865058256,179.72839518616513,-246.9045598556457 2468.9260515789997,230.33645427862783,-216.4476073243052
2458.3809865058256,179.72839518616513,-246.9045598556457 2454.9035508434176,189.53437406256174,-305.99559318126524
2467.617023988422,120.50981149971511,-244.10189009432995 2473.660196106192,60.960886839988426,-239.92988306830503
2467.617023988422,120.50981149971511,-244.10189009432995 2460.0910209483513,177.520828169865,-261.2221487511593
2460.0910209483513,177.520828169865,-261.2221487511593 2472.817801108744,163.5944884058463,-204.26526920596163
2460.0910209483513,177.520828169865,-261.2221487511593 2441.070182736563,169.54281136002257,-317.56537337935066
2441.070182736563,169.54281136002257,-317.56537337935066 2453.9677210519735,171.7940015628544,-259.01124758045256
2453.9677210519735,171.7940015628544,-259.01124758045256 2449.278230638521,218.96184764876878,-295.79715487220807
2453.9677210519735,171.7940015628544,-259.01124758045256 2461.4880847601,212.63740899116956,-215.70697297225541
2453.9677210519735,171.7940015628544,-259.01124758045256 2476.8548041289387,142.59117549993732,-211.85855541799896
2467.617023988422,120.50981149971511,-244.10189009432995 2469.8247003249176,66.22849632795064,-218.6329877148231
2469.8247003249176,66.22849632795064,-218.6329877148231 2470.4946604565916,125.37558259975032,-228.69148357545026
2472.156040241177,65.47962639564642,-220.62688085324208 2481.716323053684,24.473468541412274,-177.88233721807717
2472.156040241177,65.47962639564642,-220.62688085324208 2474.3659174974155,6.764104316326133,-208.47764591991358
2472.156040241177,65.47962639564642,-220.62688085324208 2473.1682799318055,123.44999577114261,-236.06746520997063
2472.156040241177,65.47962639564642,-220.62688085324208 2472.1142456966654,22.434252140577073,-262.42513450643986
2477.3604062446166,13.00120575300167,-192.00992886048297 2485.4123988342676,31.00694499210907,-135.34460639789148
2477.3604062446166,13.00120575300167,-192.00992886048297 2480.5816057581674,65.16344347998985,-162.53579055234798
2477.3604062446166,13.00120575300167,-192.00992886048297 2477.146069165592,61.89239918092756,-226.78930874008535
2487.113626153583,-24.146870620068988,-145.91334413679823 2479.0589695500025,3.0847529159593776,-198.7674942727187
2479.0589695500025,3.0847529159593776,-198.7674942727187 2466.6228933019947,53.772148586865114,-228.36702007389974
2466.6228933019947,53.772148586865114,-228.36702007389974 2459.8475820982376,50.90359527720714,-287.9141993521988
2459.8475820982376,50.90359527720714,-287.9141993521988 2439.5596346925695,90.16828393035061,-328.49354650116794
2439.5596346925695,90.16828393035061,-328.49354650116794 2413.712497413392,56.03008697618533,-370.5234049733302
2413.712497413392,56.03008697618533,-370.5234049733302 2396.060675849438,102.01166989672147,-404.78865307685624
2396.060675849438,102.01166989672147,-404.78865307685624 2433.4207967597454,65.64601577612684,-375.09419962257465
2413.712497413392,56.03008697618533,-370.5234049733302 2416.8995100266284,-3.8616759964867953,-372.20259484595675
2416.8995100266284,-3.8616759964867953,-372.20259484595675 2441.095681849973,32.49278130730744,-331.05774458201984
2416.8995100266284,-3.8616759964867953,-372.20259484595675 2406.877418665211,-53.89340653865702,-403.7681397279808
2413.712497413392,56.03008697618533,-370.5234049733302 2416.339018375739,-3.7615983997806737,-366.2741994551368
2439.5596346925695,90.16828393035061,-328.49354650116794 2407.132692653524,108.88475386903639,-375.3783754230126
2407.132692653524,108.88475386903639,-375.3783754230126 2405.193437869077,57.177268929080824,-405.75229996471893
2405.193437869077,57.177268929080824,-405.75229996471893 2405.618033152548,109.70862881463327,-434.73981361145695
2459.8475820982376,50.90359527720714,-287.9141993521988 2440.7175291210892,94.26526830491903,-324.70830737684446
2459.8475820982376,50.90359527720714,-287.9141993521988 2470.832417557653,10.61124802119631,-244.83450410570708
2470.832417557653,10.61124802119631,-244.83450410570708 2478.0492629125356,-39.99063243569967,-213.4121102225269
2470.832417557653,10.61124802119631,-244.83450410570708 2473.3261719849315,54.18171963195744,-203.65932720903442
2466.6228933019947,53.772148586865114,-228.36702007389974 2467.7973348180562,28.097703393162817,-282.58365544645795
2479.0589695500025,3.0847529159593776,-198.7674942727187 2462.948996391141,36.58168813978858,-245.86764390551025
2479.0589695500025,3.0847529159593776,-198.7674942727187 2462.3752924373543,33.66186936106787,-247.62130546389574
2462.3752924373543,33.66186936106787,-247.62130546389574 2466.4129698927027,92.27532018696724,-235.4491839131369
2487.113626153583,-24.146870620068988,-145.91334413679823 2479.04870304777,29.671172637758403,-171.1833903416618
2479.04870304777,29.671172637758403,-171.1833903416618 2479.499663363243,-3.677823407231436,-221.0596481963277
2479.499663363243,-3.677823407231436,-221.0596481963277 2466.8154247953644,34.85862078989992,-265.2643149250173
2479.499663363243,-3.677823407231436,-221.0596481963277 2455.152868358653,-8.04034206623837,-275.7240973745118
2479.499663363243,-3.677823407231436,-221.0596481963277 2475.0484496303125,56.01197376780773,-216.8985414317212
2487.113626153583,-24.146870620068988,-145.91334413679823 2485.4584564379425,35.774880874132215,-148.49096146286155
2487.113626153583,-24.146870620068988,-145.91334413679823 2480.4907567235578,-76.46879569001679,-174.52372262935936
2489.105296537436,26.022211617275524,-113.0637408432325 2486.4281532630234,-14.250051035648063,-157.45943618300842
2489.105296537436,26.022211617275524,-113.0637408432325 2488.241197181374,76.82982568020186,-81.16014095958954
2488.241197181374,76.82982568020186,-81.16014095958954 2486.1708993718403,136.6279831604374,-76.69984624412618
2489.105296537436,26.022211617275524,-113.0637408432325 2481.2096377794683,-1.2721825322622067,-165.90950340549858
2481.2096377794683,-1.2721825322622067,-165.90950340549858 2483.4178735202095,54.548747337115664,-187.79894111941238
2483.4178735202095,54.548747337115664,-187.79894111941238 2466.270001339863,80.3127183753371,-239.20096711088652
2466.270001339863,80.3127183753371,-239.20096711088652 2478.1006731491866,24.438517408973304,-220.813230140001
2481.2096377794683,-1.2721825322622067,-165.90950340549858 2474.8460682642462,-54.34347980607149,-193.1664729490832
2474.8460682642462,-54.34347980607149,-193.1664729490832 2482.824462397222,-91.06827314839624,-146.394314766865
2474.8460682642462,-54.34347980607149,-193.1664729490832 2478.342524708897,3.3251136741612584,-209.35622644758703
2489.105296537436,26.022211617275524,-113.0637408432325 2482.425406600746,64.92444127130749,-158.2521862510872
2489.8713222890406,-0.36141717399959106,-59.18130088036447 2487.7912333543345,-37.25707832171132,-106.45056593173743
2487.7912333543345,-37.25707832171132,-106.45056593173743 2481.721660333456,-36.08416640968094,-166.1312542738707
2481.721660333456,-36.08416640968094,-166.1312542738707 2471.490572093456,-80.77843129599485,-204.8319974152801
2471.490572093456,-80.77843129599485,-204.8319974152801 2483.4652903446936,-93.69371663427992,-147.47520594788577
2481.721660333456,-36.08416640968094,-166.1312542738707 2469.665479720737,-10.37984025208102,-218.98895121402524
2469.665479720737,-10.37984025208102,-218.98895121402524 2466.666704218151,-67.0759021502341,-238.39420593345335
2466.666704218151,-67.0759021502341,-238.39420593345335 2469.3024332125724,-106.23546735856743,-283.7768169795606
2469.3024332125724,-106.23546735856743,-283.7768169795606 2454.6214260642164,-164.41058683002495,-283.4253862017928
2454.6214260642164,-164.41058683002495,-283.4253862017928 2467.6840040839816,-121.22192362174145,-243.8765755273995
2454.6214260642164,-164.41058683002495,-283.4253862017928 2451.102260703935,-218.33895751921705,-257.36111352872393
2466.666704218151,-67.0759021502341,-238.39420593345335 2475.9528069404937,-92.48013799579101,-184.83682458098784
2466.666704218151,-67.0759021502341,-238.39420593345335 2455.5755081953835,-25.42208193655818,-280.1308161502798
2469.665479720737,-10.37984025208102,-218.98895121402524 2473.160902286628,32.0371242433484,-261.2805951177486
2481.721660333456,-36.08416640968094,-166.1312542738707 2475.008078924167,2.361365785414563,-211.70393116361163
2475.008078924167,2.361365785414563,-211.70393116361163 2469.445474768384,61.191102609487125,-222.10198387632798
2481.721660333456,-36.08416640968094,-166.1312542738707 2471.5713612393706,-9.623450626114586,-219.0160531155221
2487.7912333543345,-37.25707832171132,-106.45056593173743 2480.207277842468,-22.629558854949003,-164.14388697536882
2480.207277842468,-22.629558854949003,-164.14388697536882 2476.3735539799104,12.276850794932756,-212.79411952055094
2487.7912333543345,-37.25707832171132,-106.45056593173743 2488.861072978767,18.265708199667785,-129.167863748145
2489.8713222890406,-0.36141717399959106,-59.18130088036447 2489.138078719374,-33.032807907108406,-109.50070649521723
