起始树
1300.0,0.0,380.0 1256.0726763739924,-30.050905048395194,352.2992176134259
1256.0726763739924,-30.050905048395194,352.2992176134259 1218.9345397022362,-13.090463152872921,308.3321593168037
1218.9345397022362,-13.090463152872921,308.3321593168037 1247.5909741610762,22.62539224331595,347.1031076857143
1300.0,0.0,380.0 1335.5241580816316,18.646296100143488,335.386663044141
1335.5241580816316,18.646296100143488,335.386663044141 1295.6178813865238,-22.15739596719562,353.8947097808245
1295.6178813865238,-22.15739596719562,353.8947097808245 1298.1165579384406,-63.71590727248105,310.6900022412824
1295.6178813865238,-22.15739596719562,353.8947097808245 1282.5445360867348,-55.15972245162536,305.5218445639739
1335.5241580816316,18.646296100143488,335.386663044141 1298.2505266924668,39.1258679465963,293.0633415765311
1298.2505266924668,39.1258679465963,293.0633415765311 1301.2192300916133,18.265921934842968,349.24206933459476
1301.2192300916133,18.265921934842968,349.24206933459476 1341.6166927241711,56.346389728784175,326.4841479566282
1301.2192300916133,18.265921934842968,349.24206933459476 1260.9340102020765,20.62408655588178,304.84004102426036
1260.9340102020765,20.62408655588178,304.84004102426036 1301.5316767467616,60.48469019344947,323.89159604675865
1260.9340102020765,20.62408655588178,304.84004102426036 1302.8272054227823,41.232376602423905,342.5263591723287
1260.9340102020765,20.62408655588178,304.84004102426036 1306.7837853270305,25.197164010768336,343.2703036252724
1260.9340102020765,20.62408655588178,304.84004102426036 1257.341887898625,19.45728860925648,244.959032015487
1301.2192300916133,18.265921934842968,349.24206933459476 1247.2753352218544,44.530504474387,349.7194688568746
1298.2505266924668,39.1258679465963,293.0633415765311 1251.940708523536,70.51021486135167,314.7525902932303
1251.940708523536,70.51021486135167,314.7525902932303 1192.0842441722261,73.98619178843391,312.4895702396797
1298.2505266924668,39.1258679465963,293.0633415765311 1337.370542726799,77.83054243106164,316.97092444316934
1335.5241580816316,18.646296100143488,335.386663044141 1313.292182378378,-35.77439854817352,323.38136211810934
1313.292182378378,-35.77439854817352,323.38136211810934 1333.7090978150704,20.63794823636573,322.4887847758972
1333.7090978150704,20.63794823636573,322.4887847758972 1317.2722865472442,1.3469404818343769,376.87341730348237
1333.7090978150704,20.63794823636573,322.4887847758972 1295.52214376063,65.71525378169626,312.010566186034
1335.5241580816316,18.646296100143488,335.386663044141 1341.0555552096441,-16.68636660749749,383.5634893385358
1335.5241580816316,18.646296100143488,335.386663044141 1329.035405257766,72.51341318296969,361.00364537961264
1335.5241580816316,18.646296100143488,335.386663044141 1340.9153768050087,-28.52540772337234,298.70199159865564
1340.9153768050087,-28.52540772337234,298.70199159865564 1293.1786624601843,-23.182686577701556,334.65559273011723
1340.9153768050087,-28.52540772337234,298.70199159865564 1338.1468729644728,9.947839970950433,344.6600659527474
1340.9153768050087,-28.52540772337234,298.70199159865564 1282.2808855514643,-39.301005838619254,305.47568488199096
1282.2808855514643,-39.301005838619254,305.47568488199096 1268.3509726099985,6.598598505904015,269.43149191752843
1268.3509726099985,6.598598505904015,269.43149191752843 1306.0817169413665,-40.05197056815406,269.0918785086675
1306.0817169413665,-40.05197056815406,269.0918785086675 1313.741080847058,19.407205936015835,266.65456974567473
1313.741080847058,19.407205936015835,266.65456974567473 1275.4476037284749,-5.914113731407554,305.28668566583514
1313.741080847058,19.407205936015835,266.65456974567473 1304.829017989828,-24.516344728661203,226.76350768114287
1306.0817169413665,-40.05197056815406,269.0918785086675 1295.727357988004,-76.18378539068561,315.86023542116993
1268.3509726099985,6.598598505904015,269.43149191752843 1318.9655852242595,-12.90751836448641,243.7863677309121
1268.3509726099985,6.598598505904015,269.43149191752843 1300.5156937809934,-23.681416849534536,310.033848771122
1282.2808855514643,-39.301005838619254,305.47568488199096 1281.1292956396626,-87.04384214940708,341.7977913968444
1282.2808855514643,-39.301005838619254,305.47568488199096 1322.1182807945934,-57.878963197428064,264.63647038639874
1340.9153768050087,-28.52540772337234,298.70199159865564 1301.9395107878863,-22.702288829362793,343.9454790257049
1301.9395107878863,-22.702288829362793,343.9454790257049 1302.243584099599,-77.08326982707626,369.29535960032365
1302.243584099599,-77.08326982707626,369.29535960032365 1310.6235552619423,-136.41976633868705,366.3026576362286
1310.6235552619423,-136.41976633868705,366.3026576362286 1290.8287761923696,-101.84119060378347,321.4418861121861
1310.6235552619423,-136.41976633868705,366.3026576362286 1309.6038710540015,-94.63732035678895,409.35132140045994
1301.9395107878863,-22.702288829362793,343.9454790257049 1322.4129739370815,0.3755963597862504,395.4066150593663
1340.9153768050087,-28.52540772337234,298.70199159865564 1294.237485270687,-9.137023716688258,331.03255001510513
1294.237485270687,-9.137023716688258,331.03255001510513 1254.5166590872016,35.408045784755856,324.8687240593495
1254.5166590872016,35.408045784755856,324.8687240593495 1270.2363029300925,-22.48254312352531,323.61472513388964
1340.9153768050087,-28.52540772337234,298.70199159865564 1308.1523926359346,-1.668919327539001,256.2129824388569
1308.1523926359346,-1.668919327539001,256.2129824388569 1277.0364931557365,-32.803621888578654,296.98590355046974
1340.9153768050087,-28.52540772337234,298.70199159865564 1308.357755362184,-0.5889149649778105,256.7549576350262
1308.357755362184,-0.5889149649778105,256.7549576350262 1303.688639234359,-42.8358370282787,299.10347509151177
1303.688639234359,-42.8358370282787,299.10347509151177 1276.2749445504955,-39.853456092631774,245.81562706089036
1276.2749445504955,-39.853456092631774,245.81562706089036 1293.9371300896773,-24.18665787526311,300.975382640441
1293.9371300896773,-24.18665787526311,300.975382640441 1319.0239004430039,22.12956776305831,329.7062231408433
1293.9371300896773,-24.18665787526311,300.975382640441 1304.7462341064347,-45.71851853551417,355.92574430314943
1340.9153768050087,-28.52540772337234,298.70199159865564 1304.601834662635,18.281504462575235,289.1920163783392
1304.601834662635,18.281504462575235,289.1920163783392 1316.2134902920063,16.351551422945448,348.02606039037113
1340.9153768050087,-28.52540772337234,298.70199159865564 1322.0442349090558,-79.38171405047356,324.34406854859975
1322.0442349090558,-79.38171405047356,324.34406854859975 1266.557789696373,-65.58788359235132,342.53705178259736
1322.0442349090558,-79.38171405047356,324.34406854859975 1299.6014314094555,-105.83711421196064,373.29743792573163
1340.9153768050087,-28.52540772337234,298.70199159865564 1344.5908890729231,-17.126276109585454,239.90955664295768
1344.5908890729231,-17.126276109585454,239.90955664295768 1299.6034215905938,-24.349585164876434,278.9473790184197
1299.6034215905938,-24.349585164876434,278.9473790184197 1317.6908511310064,31.228366668973674,292.509685701829
1344.5908890729231,-17.126276109585454,239.90955664295768 1342.6116579127383,41.19216095907024,225.9437934384708
1342.6116579127383,41.19216095907024,225.9437934384708 1288.9957183008366,24.47111929103575,247.05629648924082
1342.6116579127383,41.19216095907024,225.9437934384708 1297.8045420543467,1.7547317745230302,232.0275051152759
1297.8045420543467,1.7547317745230302,232.0275051152759 1294.983097159416,-55.57962025427757,214.56865274341487
1342.6116579127383,41.19216095907024,225.9437934384708 1304.3132223350424,-4.404557864671034,233.30375708034816
1342.6116579127383,41.19216095907024,225.9437934384708 1282.859668953019,37.854688815100225,230.25205237286673
1282.859668953019,37.854688815100225,230.25205237286673 1323.6081859989101,-4.087237897507045,216.81951195063064
1342.6116579127383,41.19216095907024,225.9437934384708 1286.6924513703573,45.228359849931245,247.31553735851486
1286.6924513703573,45.228359849931245,247.31553735851486 1332.8086960380147,55.87376001601062,210.43780107960538
1332.8086960380147,55.87376001601062,210.43780107960538 1320.1287226894767,81.4977937652264,263.18841406466385
1344.5908890729231,-17.126276109585454,239.90955664295768 1324.2227724488905,34.06153456745679,263.6781885615408
1324.2227724488905,34.06153456745679,263.6781885615408 1289.8970011363233,27.47674224311117,312.4468458512651
1289.8970011363233,27.47674224311117,312.4468458512651 1287.3809918359864,71.50761836926284,271.76574895400694
1344.5908890729231,-17.126276109585454,239.90955664295768 1292.5145342503488,6.672619602909041,221.97451186299804
1344.5908890729231,-17.126276109585454,239.90955664295768 1337.7610919253766,35.487450043749526,267.93007932161663
1337.7610919253766,35.487450043749526,267.93007932161663 1282.6862512724902,25.844098167627735,289.69628458694655
1337.7610919253766,35.487450043749526,267.93007932161663 1288.7212115107304,0.9266410376331038,268.7304603308452
1344.5908890729231,-17.126276109585454,239.90955664295768 1324.1010561757876,16.878843233463925,284.89642813134225
1344.5908890729231,-17.126276109585454,239.90955664295768 1346.240512395186,33.16361442889562,207.22614108518223
1346.240512395186,33.16361442889562,207.22614108518223 1299.9196182199125,34.8273986699529,245.32609626628889
1299.9196182199125,34.8273986699529,245.32609626628889 1256.1214554324679,64.91531407943609,217.4614541053659
1256.1214554324679,64.91531407943609,217.4614541053659 1243.515665696396,107.04587238999534,258.2794663251018
1346.240512395186,33.16361442889562,207.22614108518223 1294.8357514827087,62.159730960963245,218.03242544150942
1346.240512395186,33.16361442889562,207.22614108518223 1301.8855059042482,9.274498593913208,239.81361634503716
1346.240512395186,33.16361442889562,207.22614108518223 1340.924488957118,4.619237628619317,259.73288777443884
1340.924488957118,4.619237628619317,259.73288777443884 1315.5702864015966,-43.73300369196049,234.8486523622345
1315.5702864015966,-43.73300369196049,234.8486523622345 1329.714825503645,-97.78722141328413,212.9837590369433
1346.240512395186,33.16361442889562,207.22614108518223 1303.797972126945,64.86151957525033,235.40190345129116
1346.240512395186,33.16361442889562,207.22614108518223 1325.2456265624053,0.7924861838802997,253.17529586536588
1346.240512395186,33.16361442889562,207.22614108518223 1318.5614370336361,63.845381383789814,250.72899114877237
1346.240512395186,33.16361442889562,207.22614108518223 1297.5726420297076,42.13909581975023,241.15075055812122
1297.5726420297076,42.13909581975023,241.15075055812122 1340.8804927916303,20.51344391397393,276.60157906794905
1297.5726420297076,42.13909581975023,241.15075055812122 1253.8599592827902,25.841142187353398,278.881084169999
1253.8599592827902,25.841142187353398,278.881084169999 1251.6143431879518,16.000124037867288,338.0259197022421
1346.240512395186,33.16361442889562,207.22614108518223 1299.523980860421,69.70110920442015,216.31333850186863
1346.240512395186,33.16361442889562,207.22614108518223 1305.20593335918,76.72851384253113,211.49964812479425
1305.20593335918,76.72851384253113,211.49964812479425 1262.0338619225768,88.6299532028111,251.43118940517053
1346.240512395186,33.16361442889562,207.22614108518223 1311.7335879306631,-9.299487063875112,231.84640053983378
1311.7335879306631,-9.299487063875112,231.84640053983378 1264.1198737861625,25.402364905545298,220.50110657016452
1264.1198737861625,25.402364905545298,220.50110657016452 1224.4839591525626,41.97548665947291,262.3857804555785
1346.240512395186,33.16361442889562,207.22614108518223 1323.303044887451,87.58868205130206,217.7989646734244
1323.303044887451,87.58868205130206,217.7989646734244 1299.7157079225638,46.16750681101252,254.23965314960557
1323.303044887451,87.58868205130206,217.7989646734244 1335.6106976060712,83.3531024310666,276.37013121327135
1323.303044887451,87.58868205130206,217.7989646734244 1328.530327218567,122.2684253013827,266.4815172722692
1323.303044887451,87.58868205130206,217.7989646734244 1271.0519972297625,70.25843331097114,241.66296470007984
1323.303044887451,87.58868205130206,217.7989646734244 1282.7594989466827,48.42095610771124,238.34428353093003
1323.303044887451,87.58868205130206,217.7989646734244 1340.3197864868464,35.48567291827989,242.20607315893776
1323.303044887451,87.58868205130206,217.7989646734244 1300.0471838349224,62.000383856922596,266.8336862717061
1323.303044887451,87.58868205130206,217.7989646734244 1328.8548916349807,146.99107421896184,224.16550238645905
1328.8548916349807,146.99107421896184,224.16550238645905 1280.5186225898128,154.8349866446859,189.49450394899387
1328.8548916349807,146.99107421896184,224.16550238645905 1310.0152521107634,195.278797959297,254.38741031058962
1328.8548916349807,146.99107421896184,224.16550238645905 1291.7251402901065,178.83011231500672,189.41413956157956
1291.7251402901065,178.83011231500672,189.41413956157956 1289.1217302411872,206.4293561212468,136.2022612124656
1289.1217302411872,206.4293561212468,136.2022612124656 1254.9721617620614,252.22372943055083,117.85335536231729
1289.1217302411872,206.4293561212468,136.2022612124656 1286.2067029290965,257.77334413907,105.2943737046563
1286.2067029290965,257.77334413907,105.2943737046563 1344.9241352401464,255.68115210002998,93.13354004618324
1344.9241352401464,255.68115210002998,93.13354004618324 1403.6415675511962,253.58896006098993,80.9727063877102
1346.240512395186,33.16361442889562,207.22614108518223 1313.1962631292972,4.224247208467755,248.09900023810957
1313.1962631292972,4.224247208467755,248.09900023810957 1256.9584879653091,0.17712698011380468,268.6156632821326
1346.240512395186,33.16361442889562,207.22614108518223 1312.515470805458,44.06478710989364,255.63880475854543
1346.240512395186,33.16361442889562,207.22614108518223 1337.0484673809274,-10.140391088293534,247.72638077117784
1346.240512395186,33.16361442889562,207.22614108518223 1320.9732820001782,82.51405857682903,230.1630268931402
1346.240512395186,33.16361442889562,207.22614108518223 1293.168539474694,50.06793934031165,229.53330337929413
1346.240512395186,33.16361442889562,207.22614108518223 1343.7243737396204,20.628535553979248,265.84815780130685
1346.240512395186,33.16361442889562,207.22614108518223 1299.7381314839477,45.067119496718206,243.22385124411352
1346.240512395186,33.16361442889562,207.22614108518223 1340.452372889342,-26.47532254206721,210.33976245497215
1346.240512395186,33.16361442889562,207.22614108518223 1286.9656134421336,32.69269505403627,216.51401431040492
1346.240512395186,33.16361442889562,207.22614108518223 1287.5723969923888,32.670425054261,219.78834627873061
1346.240512395186,33.16361442889562,207.22614108518223 1299.2203008991623,42.03939870736382,243.42448585826963
1346.240512395186,33.16361442889562,207.22614108518223 1341.0194239998743,8.936522295736296,261.86850782327065
1346.240512395186,33.16361442889562,207.22614108518223 1288.0918065810242,34.63162567553266,221.94255896175164
1288.0918065810242,34.63162567553266,221.94255896175164 1326.7837770999042,-10.727829052164878,228.68431571886444
1346.240512395186,33.16361442889562,207.22614108518223 1288.6213347528064,27.27704080720733,222.89070679293033
1346.240512395186,33.16361442889562,207.22614108518223 1313.2217069372055,-13.195453982446331,226.21548710237167
1346.240512395186,33.16361442889562,207.22614108518223 1292.6611449234222,58.92048833502939,215.3400074822351
1346.240512395186,33.16361442889562,207.22614108518223 1315.0222961901902,31.497487693888985,258.43792682519563
1315.0222961901902,31.497487693888985,258.43792682519563 1346.8093814072142,52.32670563814336,304.867711373871
1346.240512395186,33.16361442889562,207.22614108518223 1304.88342679293,-0.8270317008033174,234.32277272406435
1346.240512395186,33.16361442889562,207.22614108518223 1305.8620172819292,5.650632748865473,242.0487339160303
1346.240512395186,33.16361442889562,207.22614108518223 1313.5799474099572,75.09877136058965,235.06011507309557
1346.240512395186,33.16361442889562,207.22614108518223 1307.8213308152278,-5.642457080126306,232.08685911107352
1346.240512395186,33.16361442889562,207.22614108518223 1347.231922287836,-12.042815966850327,246.66464710784152
1346.240512395186,33.16361442889562,207.22614108518223 1332.639423556225,-16.221579488931113,238.46894832290243
1332.639423556225,-16.221579488931113,238.46894832290243 1283.7040955479524,9.388594399795764,215.02854162609043
1283.7040955479524,9.388594399795764,215.02854162609043 1325.931117938273,39.589598918087205,245.1080679876124
1344.5908890729231,-17.126276109585454,239.90955664295768 1307.2448874754298,-1.6161854723972233,284.2346426903217
1307.2448874754298,-1.6161854723972233,284.2346426903217 1303.2468236886245,-22.87883523688187,228.27112590528134
1344.5908890729231,-17.126276109585454,239.90955664295768 1296.3647330180615,9.056080848903761,215.64596135556508
1344.5908890729231,-17.126276109585454,239.90955664295768 1332.9628603575297,-65.12901123162155,273.97605586136325
1332.9628603575297,-65.12901123162155,273.97605586136325 1280.0488607522348,-36.94736411581706,271.54636213352114
1344.5908890729231,-17.126276109585454,239.90955664295768 1342.1188579377354,38.84842476007126,218.44512269702952
1344.5908890729231,-17.126276109585454,239.90955664295768 1297.0193310967077,10.199495567798817,215.61451447483137
1344.5908890729231,-17.126276109585454,239.90955664295768 1320.1732615879146,-64.78918979501515,266.96553799678475
1320.1732615879146,-64.78918979501515,266.96553799678475 1348.166060389085,-19.07999970472921,293.9298321015317
1340.9153768050087,-28.52540772337234,298.70199159865564 1319.0775864082837,-45.602622424123055,245.49034204093974
1340.9153768050087,-28.52540772337234,298.70199159865564 1307.7732714463373,3.9157504555050267,336.7699848266653
1340.9153768050087,-28.52540772337234,298.70199159865564 1294.2657487795054,5.38479895434287,282.1517623507928
1340.9153768050087,-28.52540772337234,298.70199159865564 1316.0449830900986,20.51397721700166,274.6894481861975
1340.9153768050087,-28.52540772337234,298.70199159865564 1306.3098537815795,-55.513289725059636,257.7860778078343
1340.9153768050087,-28.52540772337234,298.70199159865564 1295.1278935485336,-29.09165162432293,259.9310521609447
1335.5241580816316,18.646296100143488,335.386663044141 1300.1238721340624,-28.296163380542183,323.41898771705627
1300.1238721340624,-28.296163380542183,323.41898771705627 1340.7023245608414,-30.68605450304667,367.55148842877907
1300.1238721340624,-28.296163380542183,323.41898771705627 1334.8392768408714,13.668962176350291,298.2442203291197
1300.1238721340624,-28.296163380542183,323.41898771705627 1263.502036206651,-11.437999462553382,278.98202739549544
1335.5241580816316,18.646296100143488,335.386663044141 1295.8545684867972,-20.824551718687104,313.7446706719005
1295.8545684867972,-20.824551718687104,313.7446706719005 1236.509809044979,-14.930102508941214,320.3367109711142
1335.5241580816316,18.646296100143488,335.386663044141 1299.4026343342216,51.56178769213817,370.19766612395216
1335.5241580816316,18.646296100143488,335.386663044141 1304.3241993618788,5.865556829961486,385.0174526771233
1335.5241580816316,18.646296100143488,335.386663044141 1313.151656484679,-33.22434332671283,355.6081352393947
1335.5241580816316,18.646296100143488,335.386663044141 1319.45282136466,76.36644525791,338.5641647884214
1319.45282136466,76.36644525791,338.5641647884214 1301.0158246785888,121.05845220633424,374.098678547861
1335.5241580816316,18.646296100143488,335.386663044141 1296.6261521039432,54.07429768188931,364.2276379736321
1335.5241580816316,18.646296100143488,335.386663044141 1306.2713384388128,-32.30756027768304,347.5512453704086
1306.2713384388128,-32.30756027768304,347.5512453704086 1333.098797865376,-77.48722193271504,376.5182195557277
1306.2713384388128,-32.30756027768304,347.5512453704086 1278.4963531609096,-83.37570136966744,362.40369157369236
1300.0,0.0,380.0 1259.0611149001963,-38.800545173938396,359.54210712242724
1259.0611149001963,-38.800545173938396,359.54210712242724 1301.9372259007446,-55.441924013278665,321.01025515818566
1301.9372259007446,-55.441924013278665,321.01025515818566 1335.7773856579652,-96.44159810141105,293.19173053388704
1335.7773856579652,-96.44159810141105,293.19173053388704 1339.475060922253,-156.2869204555304,290.98614898440536
1335.7773856579652,-96.44159810141105,293.19173053388704 1341.6310335084986,-39.79089277586762,312.0711477113423
1335.7773856579652,-96.44159810141105,293.19173053388704 1283.537555061635,-105.63810197361911,321.2349902551674
1259.0611149001963,-38.800545173938396,359.54210712242724 1296.5452655205818,7.073457053350118,350.0282029859019
1300.0,0.0,380.0 1301.9259816665117,-58.07180698851706,394.96515378165833
1300.0,0.0,380.0 1346.6456079234463,36.329608280085516,390.21502930331854
1346.6456079234463,36.329608280085516,390.21502930331854 1327.447447308889,10.533707649463455,440.87075099073246
1327.447447308889,10.533707649463455,440.87075099073246 1338.2133520351676,67.90971274708058,427.01112132530113
1338.2133520351676,67.90971274708058,427.01112132530113 1384.862241709779,70.88765979124085,464.6277788526268
1384.862241709779,70.88765979124085,464.6277788526268 1432.7760970230997,95.25648256127344,491.2815392968287
1432.7760970230997,95.25648256127344,491.2815392968287 1471.1190316217123,89.79054573394794,537.1066732406176
1471.1190316217123,89.79054573394794,537.1066732406176 1489.16976258643,109.75793097659276,483.48322092531816
1338.2133520351676,67.90971274708058,427.01112132530113 1367.0521183993617,104.87591370321063,464.45208206968425
1346.6456079234463,36.329608280085516,390.21502930331854 1334.4786018064754,89.44150289813638,415.33654622070725
1334.4786018064754,89.44150289813638,415.33654622070725 1324.9387803044388,127.63004722891095,370.0526982436885
1324.9387803044388,127.63004722891095,370.0526982436885 1300.2678935377223,170.43968852676704,336.01328053285295
1334.4786018064754,89.44150289813638,415.33654622070725 1365.7288908091377,123.16040778748706,453.891116511569
1365.7288908091377,123.16040778748706,453.891116511569 1329.9863090078554,153.51283535450872,491.3236957303103
1329.9863090078554,153.51283535450872,491.3236957303103 1283.7760137468908,181.1969653748351,464.9002675478784
1365.7288908091377,123.16040778748706,453.891116511569 1319.689389627953,161.44141374644173,457.7549117647075
1334.4786018064754,89.44150289813638,415.33654622070725 1370.5981220529109,67.33690454539175,457.842628007096
1346.6456079234463,36.329608280085516,390.21502930331854 1331.0222434318812,4.051418342495616,342.11067465307326
1300.0,0.0,380.0 1309.3005351671602,58.887788043543566,386.76228252464387
1300.0,0.0,380.0 1311.123392799351,-51.601700319048504,408.5225289344135
1300.0,0.0,380.0 1252.433641972028,18.40222362410469,348.3962067206603
1252.433641972028,18.40222362410469,348.3962067206603 1272.1832373597708,74.16021716137372,358.4460643673292
1300.0,0.0,380.0 1306.1558162465196,3.339160454070134,320.41010208264277
1300.0,0.0,380.0 1259.5224682976182,-9.948846178940704,336.8422673557744
目标树
2280.0,0.0,0.0 2305.388223546632,-22.33339722289319,49.564679698659425
2305.388223546632,-22.33339722289319,49.564679698659425 2294.718224199628,-81.24421981060772,53.52272163549605
2294.718224199628,-81.24421981060772,53.52272163549605 2351.425523794598,-84.1535753982672,72.90874295785214
2351.425523794598,-84.1535753982672,72.90874295785214 2376.466537514603,-49.67199587715034,30.671693988926357
2376.466537514603,-49.67199587715034,30.671693988926357 2381.0085340892865,-4.241062588767328,69.59984020297122
2381.0085340892865,-4.241062588767328,69.59984020297122 2353.392236089794,-40.11524703237161,108.9747430639242
2353.392236089794,-40.11524703237161,108.9747430639242 2395.5297682841706,-3.5224356393518335,86.94307188530583
2381.0085340892865,-4.241062588767328,69.59984020297122 2397.1271703961897,-42.360992243522894,26.159530274032235
2376.466537514603,-49.67199587715034,30.671693988926357 2338.8599554600864,-5.4605802747760634,45.87352666170147
2338.8599554600864,-5.4605802747760634,45.87352666170147 2378.492995672051,32.32583366452695,70.39716923707033
2378.492995672051,32.32583366452695,70.39716923707033 2435.0133634566446,31.267021825925198,90.50505184525929
2378.492995672051,32.32583366452695,70.39716923707033 2358.1689908265034,-3.8075197004928825,113.77130440581763
2338.8599554600864,-5.4605802747760634,45.87352666170147 2320.163089618743,-39.587464000859775,91.54390015324597
2338.8599554600864,-5.4605802747760634,45.87352666170147 2280.102007427985,2.805852119284383,36.9757944488693
2376.466537514603,-49.67199587715034,30.671693988926357 2325.242943470819,-21.186983144794375,43.50709280918568
2351.425523794598,-84.1535753982672,72.90874295785214 2370.7958227237204,-116.66580041601813,26.34967570139215
2351.425523794598,-84.1535753982672,72.90874295785214 2318.7212630522167,-37.68468093405362,92.17200271751122
2294.718224199628,-81.24421981060772,53.52272163549605 2332.497905266558,-42.59041421662609,79.57227079826845
2294.718224199628,-81.24421981060772,53.52272163549605 2256.7579284432327,-113.41759348643834,19.99825337122121
2294.718224199628,-81.24421981060772,53.52272163549605 2297.5814608684655,-38.59142387343156,95.6242759360184
2305.388223546632,-22.33339722289319,49.564679698659425 2323.172806935995,20.14646450812213,11.104701266780204
2323.172806935995,20.14646450812213,11.104701266780204 2273.0154524665077,13.688937373259623,-21.183688843671007
2305.388223546632,-22.33339722289319,49.564679698659425 2352.423854037322,-56.04341393357348,33.71273225650165
2305.388223546632,-22.33339722289319,49.564679698659425 2337.437179842298,-61.523651719991875,17.362376165975242
2305.388223546632,-22.33339722289319,49.564679698659425 2264.3353937850243,-30.190426766719092,6.5189800840418926
2280.0,0.0,0.0 2231.7303197648794,-31.86313402419048,-15.961787498763368
2231.7303197648794,-31.86313402419048,-15.961787498763368 2276.751235576647,6.1344988982632245,-27.332672765978636
2276.751235576647,6.1344988982632245,-27.332672765978636 2229.513240782192,32.78416092777255,-1.6740024669948426
2229.513240782192,32.78416092777255,-1.6740024669948426 2229.2510184026273,88.4044048682072,-24.17555137879639
2229.513240782192,32.78416092777255,-1.6740024669948426 2255.4013707665245,74.9783879396561,-35.57757060935922
2255.4013707665245,74.9783879396561,-35.57757060935922 2309.13085714423,69.68448189495925,-61.75230752069936
2229.513240782192,32.78416092777255,-1.6740024669948426 2196.3056349397725,54.257065227845644,-46.79793508743911
2196.3056349397725,54.257065227845644,-46.79793508743911 2168.1113653727666,75.11983283213979,-95.47881523018334
2168.1113653727666,75.11983283213979,-95.47881523018334 2192.9195705820885,52.35269681790521,-145.13977043647725
2168.1113653727666,75.11983283213979,-95.47881523018334 2194.3809051659446,22.556243547063623,-107.60236093779204
2194.3809051659446,22.556243547063623,-107.60236093779204 2150.2699945049626,61.996955474009816,-97.66969748056663
2194.3809051659446,22.556243547063623,-107.60236093779204 2208.961318763103,-24.695780890616604,-141.58261587910565
2168.1113653727666,75.11983283213979,-95.47881523018334 2194.4879947031063,126.07878643188027,-113.013309040652
2168.1113653727666,75.11983283213979,-95.47881523018334 2217.8363388384655,107.95319778801895,-88.45050394584382
2217.8363388384655,107.95319778801895,-88.45050394584382 2171.498623713778,69.90761807456586,-86.13749264223942
2168.1113653727666,75.11983283213979,-95.47881523018334 2222.9747141505413,91.74397470067153,-113.1890063082931
2222.9747141505413,91.74397470067153,-113.1890063082931 2187.939301150491,118.71049333101818,-153.75163330501348
2187.939301150491,118.71049333101818,-153.75163330501348 2145.3258719975374,146.97643185053408,-122.3648148068419
2145.3258719975374,146.97643185053408,-122.3648148068419 2192.847209198021,162.16629162073275,-155.6963414871433
2222.9747141505413,91.74397470067153,-113.1890063082931 2237.942453851035,33.753972618595355,-109.56596521287975
2222.9747141505413,91.74397470067153,-113.1890063082931 2223.2995362208844,36.28262699485815,-90.29941475934915
2168.1113653727666,75.11983283213979,-95.47881523018334 2140.9818978096246,25.602250723731665,-115.77662427149312
2140.9818978096246,25.602250723731665,-115.77662427149312 2180.101085309559,21.08746130578902,-70.50736487997435
2180.101085309559,21.08746130578902,-70.50736487997435 2210.633729003664,8.042327019161325,-120.483180436028
2210.633729003664,8.042327019161325,-120.483180436028 2261.464344415953,-3.138190032179967,-150.33690005808978
2180.101085309559,21.08746130578902,-70.50736487997435 2213.5195143291066,30.80514582327023,-119.38246293086485
2140.9818978096246,25.602250723731665,-115.77662427149312 2151.444128495076,83.0996738693467,-129.36294315110496
2140.9818978096246,25.602250723731665,-115.77662427149312 2163.765797765821,17.36657241664111,-170.6680398627143
2163.765797765821,17.36657241664111,-170.6680398627143 2135.813487931637,64.46332384375015,-195.17445494013646
2163.765797765821,17.36657241664111,-170.6680398627143 2112.610473527933,3.009120190381008,-198.54269443792367
2140.9818978096246,25.602250723731665,-115.77662427149312 2095.885331182105,33.2592726922168,-154.60534679727064
2095.885331182105,33.2592726922168,-154.60534679727064 2129.0930680817974,23.991572184034915,-105.49978766908791
2129.0930680817974,23.991572184034915,-105.49978766908791 2150.697250111766,67.3151742049827,-140.9444604246164
2150.697250111766,67.3151742049827,-140.9444604246164 2131.1073938270506,10.701325673805798,-144.27757986939335
2095.885331182105,33.2592726922168,-154.60534679727064 2147.858163433507,4.3810212109674005,-162.65961890301273
2095.885331182105,33.2592726922168,-154.60534679727064 2135.4665623301357,73.02753185422686,-133.34948398181808
2095.885331182105,33.2592726922168,-154.60534679727064 2117.061728800566,-12.541690996394571,-187.06812408294553
2117.061728800566,-12.541690996394571,-187.06812408294553 2107.7397095477027,-49.908280076671375,-141.05901653286386
2117.061728800566,-12.541690996394571,-187.06812408294553 2068.1500867382993,-43.84443875302122,-202.1608128313988
2095.885331182105,33.2592726922168,-154.60534679727064 2153.7722062030834,17.71402063520346,-157.33570186384347
2153.7722062030834,17.71402063520346,-157.33570186384347 2176.287112608777,-29.998124924794432,-185.91244337865638
2153.7722062030834,17.71402063520346,-157.33570186384347 2124.1564641863265,63.363212998163405,-182.61531937294313
2095.885331182105,33.2592726922168,-154.60534679727064 2133.531848871231,-13.292243938105791,-158.56716523065631
2095.885331182105,33.2592726922168,-154.60534679727064 2077.872155073104,4.505354566415839,-204.0900684685183
2095.885331182105,33.2592726922168,-154.60534679727064 2066.184257198424,58.38998685179133,-200.2813077619364
2066.184257198424,58.38998685179133,-200.2813077619364 2033.9746074732866,93.02379869554903,-163.3619694450711
2033.9746074732866,93.02379869554903,-163.3619694450711 2060.846382444614,122.52632134417911,-208.16720203298905
2060.846382444614,122.52632134417911,-208.16720203298905 2039.6297646237836,174.52018357478065,-187.03681115657474
2039.6297646237836,174.52018357478065,-187.03681115657474 1995.6697383060691,210.92921629990929,-205.52730661143926
2039.6297646237836,174.52018357478065,-187.03681115657474 1987.146756233126,176.3473242887709,-216.0574139600567
2033.9746074732866,93.02379869554903,-163.3619694450711 1988.829374295019,124.04135671571906,-187.8531722686409
1988.829374295019,124.04135671571906,-187.8531722686409 2042.9288709487985,105.94893448779405,-206.45179371578598
1988.829374295019,124.04135671571906,-187.8531722686409 2026.5189793129798,91.9146980306275,-221.72604453129006
2026.5189793129798,91.9146980306275,-221.72604453129006 2055.2207651929825,131.23832309238446,-256.79540436720424
2055.2207651929825,131.23832309238446,-256.79540436720424 2099.4068308695905,120.3070920185358,-217.70448742691468
1988.829374295019,124.04135671571906,-187.8531722686409 2021.2358618515796,144.29866812522906,-234.10747908113814
2021.2358618515796,144.29866812522906,-234.10747908113814 2060.1443361496868,168.5482760493208,-272.8126097916959
1988.829374295019,124.04135671571906,-187.8531722686409 2011.2968590170456,72.37828771707187,-208.49631718182042
2011.2968590170456,72.37828771707187,-208.49631718182042 2054.2478328716556,65.64309083936605,-249.84666141205807
1988.829374295019,124.04135671571906,-187.8531722686409 2046.5324870201375,134.56646872287033,-200.4853850229126
2046.5324870201375,134.56646872287033,-200.4853850229126 2097.454030470899,108.51455110474956,-218.604270226227
1988.829374295019,124.04135671571906,-187.8531722686409 1950.4031441448897,161.35581004227538,-214.89122710602766
1950.4031441448897,161.35581004227538,-214.89122710602766 2008.4387397535297,150.87142951678797,-203.84824710300367
1950.4031441448897,161.35581004227538,-214.89122710602766 1933.7231887009846,199.68873469951293,-257.93034853771917
1950.4031441448897,161.35581004227538,-214.89122710602766 1953.7918093441267,202.20698934889063,-258.70558659496976
1953.7918093441267,202.20698934889063,-258.70558659496976 1936.877020510128,254.02187470452714,-233.6235696449021
1936.877020510128,254.02187470452714,-233.6235696449021 1960.3255462760485,307.9118510145122,-245.70815042845464
1953.7918093441267,202.20698934889063,-258.70558659496976 1974.7348374289406,242.1128026280906,-298.31512636967966
1950.4031441448897,161.35581004227538,-214.89122710602766 1922.4042787707249,210.96392238507872,-196.04716364977705
1922.4042787707249,210.96392238507872,-196.04716364977705 1960.7651843245978,165.45696567922136,-203.63385044033728
1922.4042787707249,210.96392238507872,-196.04716364977705 1915.9466814285067,244.14862746001722,-245.61605294190392
1922.4042787707249,210.96392238507872,-196.04716364977705 1881.9884255075146,255.1971635016597,-192.8881787924124
1881.9884255075146,255.1971635016597,-192.8881787924124 1836.3649076666736,236.28910741883072,-158.81502168898191
1836.3649076666736,236.28910741883072,-158.81502168898191 1804.8165864534822,273.6221371867764,-193.61370437920692
1836.3649076666736,236.28910741883072,-158.81502168898191 1892.0857071431456,247.0478320737013,-178.29430169373256
1836.3649076666736,236.28910741883072,-158.81502168898191 1863.5209701018596,233.29174114144772,-212.23378307873608
1836.3649076666736,236.28910741883072,-158.81502168898191 1848.8000015589082,254.50790835308493,-103.01678038686444
1848.8000015589082,254.50790835308493,-103.01678038686444 1800.9919684921863,233.45162436834366,-73.5036497659838
1800.9919684921863,233.45162436834366,-73.5036497659838 1822.9769104310371,285.8037011116952,-92.89236784128688
1822.9769104310371,285.8037011116952,-92.89236784128688 1863.8201634498203,253.4741621763669,-63.1160417570845
1800.9919684921863,233.45162436834366,-73.5036497659838 1782.7311812251482,271.54779382057296,-116.10911328247441
1800.9919684921863,233.45162436834366,-73.5036497659838 1841.4454092150393,267.87510328277153,-101.40603735397649
1800.9919684921863,233.45162436834366,-73.5036497659838 1813.5677269641437,274.4971770977389,-115.42158029688458
1800.9919684921863,233.45162436834366,-73.5036497659838 1803.8232009991764,235.11657600683978,-133.41368280330428
1800.9919684921863,233.45162436834366,-73.5036497659838 1767.8543620370253,281.6950861360895,-86.7122619219568
1767.8543620370253,281.6950861360895,-86.7122619219568 1723.5438598549326,255.57508479183704,-55.820112010579365
1723.5438598549326,255.57508479183704,-55.820112010579365 1714.633360218594,299.605446113825,-95.59359913562275
1723.5438598549326,255.57508479183704,-55.820112010579365 1750.1636018640602,292.4259937343617,-16.661462321433426
1723.5438598549326,255.57508479183704,-55.820112010579365 1762.356168840951,286.2688869379797,-21.886424014912414
1723.5438598549326,255.57508479183704,-55.820112010579365 1756.617434814732,229.38896560530657,-98.48656020265837
1723.5438598549326,255.57508479183704,-55.820112010579365 1737.8855777086462,291.69112662424953,-10.104177683871072
1737.8855777086462,291.69112662424953,-10.104177683871072 1789.5070748055944,322.0323629845967,-6.279205318568787
1723.5438598549326,255.57508479183704,-55.820112010579365 1779.4250262766843,241.45017743192054,-39.15331173523384
1723.5438598549326,255.57508479183704,-55.820112010579365 1745.6127538090973,227.6039606310832,-104.09619442023158
1723.5438598549326,255.57508479183704,-55.820112010579365 1682.2639922595254,289.1536951376303,-28.09919105634264
1682.2639922595254,289.1536951376303,-28.09919105634264 1723.7647944904704,259.21990287914383,-59.43050917757333
1682.2639922595254,289.1536951376303,-28.09919105634264 1699.7662573000282,340.319675674901,-54.09367420395731
1682.2639922595254,289.1536951376303,-28.09919105634264 1698.9776592680105,245.7853623421292,-66.04442851334295
1682.2639922595254,289.1536951376303,-28.09919105634264 1710.5317264389041,265.7246401342138,-75.55458680867903
1682.2639922595254,289.1536951376303,-28.09919105634264 1645.5503269194685,282.7432232954086,18.922215005773246
1645.5503269194685,282.7432232954086,18.922215005773246 1614.8689260791305,322.50919028247716,-13.900330783026781
1645.5503269194685,282.7432232954086,18.922215005773246 1593.9557317030128,278.1054918724127,49.19578750223034
1593.9557317030128,278.1054918724127,49.19578750223034 1628.5919987021514,320.7737558285613,73.27374961144574
1593.9557317030128,278.1054918724127,49.19578750223034 1651.38321419038,283.17556277928753,65.82042693177587
1593.9557317030128,278.1054918724127,49.19578750223034 1637.6873386863158,313.2844184591929,70.40874757054382
1593.9557317030128,278.1054918724127,49.19578750223034 1588.4667242335809,330.48183733301937,20.44532258091639
1593.9557317030128,278.1054918724127,49.19578750223034 1549.862668741735,291.92621337237387,10.923219572794252
1549.862668741735,291.92621337237387,10.923219572794252 1510.814468370095,266.31871471941815,48.59939321709005
1510.814468370095,266.31871471941815,48.59939321709005 1456.6950540150103,251.69858308682478,69.98491965223539
1549.862668741735,291.92621337237387,10.923219572794252 1491.2870074258583,302.2627511744136,3.046171415348317
1549.862668741735,291.92621337237387,10.923219572794252 1609.2603121240888,300.07008398357,8.557351425410324
1645.5503269194685,282.7432232954086,18.922215005773246 1662.8935630532333,333.2677465875071,-8.399657304057126
1682.2639922595254,289.1536951376303,-28.09919105634264 1653.9859505922593,341.934786385621,-31.908228485358336
1653.9859505922593,341.934786385621,-31.908228485358336 1610.2760604636667,309.60485869581527,-6.526713941929454
1682.2639922595254,289.1536951376303,-28.09919105634264 1683.0475847461944,338.32308865769176,6.277497610312992
1682.2639922595254,289.1536951376303,-28.09919105634264 1627.09546351068,270.1905096938057,-42.12883943080064
1682.2639922595254,289.1536951376303,-28.09919105634264 1646.1493101676115,259.6841508316849,-65.8784935353446
1767.8543620370253,281.6950861360895,-86.7122619219568 1741.4039708052617,243.46971366393655,-48.77550266326671
1767.8543620370253,281.6950861360895,-86.7122619219568 1815.3898815213518,265.66781809383656,-119.62883930261701
1767.8543620370253,281.6950861360895,-86.7122619219568 1756.0409883765738,252.26571370029234,-137.6470853808998
1767.8543620370253,281.6950861360895,-86.7122619219568 1735.7586469153755,238.77535948893282,-113.68932876331742
1767.8543620370253,281.6950861360895,-86.7122619219568 1802.554992565776,234.8119504728516,-72.64677823707925
1767.8543620370253,281.6950861360895,-86.7122619219568 1814.0065831074685,243.94386452302427,-93.4068684814335
1767.8543620370253,281.6950861360895,-86.7122619219568 1823.5413917069384,273.8890695658982,-65.78331469931501
1848.8000015589082,254.50790835308493,-103.01678038686444 1874.7730669077473,306.026639890427,-119.48554406748755
1836.3649076666736,236.28910741883072,-158.81502168898191 1878.926507679407,233.75915370982182,-116.59998244244844
1881.9884255075146,255.1971635016597,-192.8881787924124 1892.8849049252337,286.71163732699085,-242.76908371415317
2066.184257198424,58.38998685179133,-200.2813077619364 2026.9927778069225,103.25854111706914,-207.41157993411466
2095.885331182105,33.2592726922168,-154.60534679727064 2130.853060291045,4.756485111779938,-115.04717417632845
2130.853060291045,4.756485111779938,-115.04717417632845 2171.5035833238953,1.8257373738092966,-71.01371309441848
2140.9818978096246,25.602250723731665,-115.77662427149312 2181.5684770493085,-18.58278024147817,-115.13426594135494
2140.9818978096246,25.602250723731665,-115.77662427149312 2176.903547976552,-9.251039874173436,-148.86564335309862
2168.1113653727666,75.11983283213979,-95.47881523018334 2214.3019484683177,102.78920203583061,-69.00550714141522
2214.3019484683177,102.78920203583061,-69.00550714141522 2214.3903611979194,67.43248898488932,-117.4812229733928
2214.3903611979194,67.43248898488932,-117.4812229733928 2238.0996101095693,83.97361804467201,-64.90496820498014
2238.0996101095693,83.97361804467201,-64.90496820498014 2274.2626124415024,121.10848010524754,-34.68511906434675
2274.2626124415024,121.10848010524754,-34.68511906434675 2266.2541011564495,171.6232225093634,-66.05587848841873
2266.2541011564495,171.6232225093634,-66.05587848841873 2295.368893263613,125.68319044904999,-91.39048594253259
2266.2541011564495,171.6232225093634,-66.05587848841873 2245.5995934136945,214.4801639594183,-29.495327624802798
2214.3019484683177,102.78920203583061,-69.00550714141522 2260.4455810532686,108.87673683599964,-31.141182349841287
2168.1113653727666,75.11983283213979,-95.47881523018334 2172.9010978477736,32.75589967405719,-137.69676911470236
2196.3056349397725,54.257065227845644,-46.79793508743911 2249.153798249723,26.27808297073391,-51.72217986415937
2249.153798249723,26.27808297073391,-51.72217986415937 2282.942611540619,75.85744472935039,-51.2716424060165
2282.942611540619,75.85744472935039,-51.2716424060165 2252.141648007353,41.29230595136353,-89.43644067196996
2252.141648007353,41.29230595136353,-89.43644067196996 2243.4812023631584,95.95042467639026,-112.6202009080669
2243.4812023631584,95.95042467639026,-112.6202009080669 2201.716784091124,52.898232244039555,-111.12283883883735
2243.4812023631584,95.95042467639026,-112.6202009080669 2242.773305328245,36.44936239602822,-120.30931459538084
2282.942611540619,75.85744472935039,-51.2716424060165 2274.5088495296404,17.645675152848234,-39.42843586748178
2282.942611540619,75.85744472935039,-51.2716424060165 2255.873037128374,113.80332579081619,-13.491379680500408
2249.153798249723,26.27808297073391,-51.72217986415937 2218.6849383092213,76.88858187570644,-62.22103573115103
2196.3056349397725,54.257065227845644,-46.79793508743911 2181.729192617695,103.98995530031797,-77.03312938598003
2181.729192617695,103.98995530031797,-77.03312938598003 2177.6794388058242,92.08247779464921,-135.7000832315244
2177.6794388058242,92.08247779464921,-135.7000832315244 2220.8183883931542,53.07877035965716,-120.94400533706559
2177.6794388058242,92.08247779464921,-135.7000832315244 2214.3574247534693,124.45259895842354,-170.44055822348344
2181.729192617695,103.98995530031797,-77.03312938598003 2162.2388746072606,52.4182681828334,-100.7077696516402
2229.513240782192,32.78416092777255,-1.6740024669948426 2270.1645576797587,63.09017472825711,-33.75228113057722
2229.513240782192,32.78416092777255,-1.6740024669948426 2200.130625571947,72.4895236647977,-35.73491985522617
2200.130625571947,72.4895236647977,-35.73491985522617 2240.045379241913,57.83030347974086,6.59615269239481
2200.130625571947,72.4895236647977,-35.73491985522617 2228.4005778557257,76.25398065606885,-88.52354231720888
2229.513240782192,32.78416092777255,-1.6740024669948426 2289.439954617621,30.094948692476642,-2.9218431780468705
2276.751235576647,6.1344988982632245,-27.332672765978636 2245.5697843962794,-30.720282879275395,-62.96190461871924
2245.5697843962794,-30.720282879275395,-62.96190461871924 2271.966116832243,1.0238985093838124,-19.424098267296507
2271.966116832243,1.0238985093838124,-19.424098267296507 2250.8337686839964,-34.540976553043116,24.03350778199318
2276.751235576647,6.1344988982632245,-27.332672765978636 2308.4149616300583,-15.429757112127966,18.845149997040856
2308.4149616300583,-15.429757112127966,18.845149997040856 2366.3799710225644,-23.602555897113497,32.008092150937756
2366.3799710225644,-23.602555897113497,32.008092150937756 2416.509347051797,-51.99375990443639,48.77070513144815
2416.509347051797,-51.99375990443639,48.77070513144815 2362.802636354463,-53.87859208573961,22.086690558651338
2366.3799710225644,-23.602555897113497,32.008092150937756 2383.1215407996924,-76.39146601520426,55.09598529738346
2366.3799710225644,-23.602555897113497,32.008092150937756 2372.475016819892,20.843286460656643,71.85050063532441
2372.475016819892,20.843286460656643,71.85050063532441 2386.8474138880288,-36.30990759393281,60.58344192977698
2386.8474138880288,-36.30990759393281,60.58344192977698 2346.383418502557,-3.4639536841487057,30.854526894059944
2346.383418502557,-3.4639536841487057,30.854526894059944 2343.047646880528,24.376492778692356,83.8996225055804
2366.3799710225644,-23.602555897113497,32.008092150937756 2335.2100692284234,2.801544537405899,-11.93801919452045
2276.751235576647,6.1344988982632245,-27.332672765978636 2289.3618275061,-42.50521680912236,-60.12216844818658
2289.3618275061,-42.50521680912236,-60.12216844818658 2258.661895078631,-8.960792860309475,-99.26659041212869
2289.3618275061,-42.50521680912236,-60.12216844818658 2285.411023260863,-89.36360887461109,-22.857141427496494
2276.751235576647,6.1344988982632245,-27.332672765978636 2292.517715717569,-31.743234685062745,16.447407208325785
2292.517715717569,-31.743234685062745,16.447407208325785 2319.123132929317,20.894322586120545,5.427455324958702
2276.751235576647,6.1344988982632245,-27.332672765978636 2246.900866331752,-32.81937336194793,-61.85152691669706
2231.7303197648794,-31.86313402419048,-15.961787498763368 2277.9019354597353,6.364900832985256,-18.569325626018692
2231.7303197648794,-31.86313402419048,-15.961787498763368 2259.7081943164026,-68.32250313750205,22.612205546273255
2259.7081943164026,-68.32250313750205,22.612205546273255 2219.7464987357544,-69.04843641300636,-22.137497326473447
2259.7081943164026,-68.32250313750205,22.612205546273255 2276.0893228656973,-35.18710593870038,-24.649873120763072
2231.7303197648794,-31.86313402419048,-15.961787498763368 2260.8562645945603,-39.620124836886625,-67.84153722165732
2260.8562645945603,-39.620124836886625,-67.84153722165732 2290.151593778116,-79.544105642115,-101.7216116709687
2290.151593778116,-79.544105642115,-101.7216116709687 2334.181573880427,-99.74014769963861,-137.12614157041568
2334.181573880427,-99.74014769963861,-137.12614157041568 2303.5754000006073,-114.66699724640907,-87.72521766158266
2280.0,0.0,0.0 2305.1965561571888,27.386842128940852,47.0647897692331
