起始树
1200.0,0.0,480.0 1254.8286929172154,0.0,455.63169203679314
1254.8286929172154,0.0,455.63169203679314 1217.0059260285702,-20.182818419740816,497.60897333898066
1217.0059260285702,-20.182818419740816,497.60897333898066 1259.9587163976435,-61.809897020118285,492.89260538170123
1259.9587163976435,-61.809897020118285,492.89260538170123 1292.50814272167,-93.3412825981357,532.2157101612981
1254.8286929172154,0.0,455.63169203679314 1228.0525120286454,-53.2442558961742,462.56605221530265
1228.0525120286454,-53.2442558961742,462.56605221530265 1273.5148991286371,-60.772229951022766,500.99131689623914
1254.8286929172154,0.0,455.63169203679314 1221.4406603845391,-41.659663057505654,428.25082723065447
1221.4406603845391,-41.659663057505654,428.25082723065447 1238.5509864022115,-91.31714004751032,457.2572355322026
1221.4406603845391,-41.659663057505654,428.25082723065447 1232.973562931298,-39.678013939435814,369.40301311984985
1254.8286929172154,0.0,455.63169203679314 1247.1923385397088,-53.62969640647344,481.4297879969725
1247.1923385397088,-53.62969640647344,481.4297879969725 1296.1950590061324,-88.21346580685825,483.07182360881296
1296.1950590061324,-88.21346580685825,483.07182360881296 1347.9347725584828,-84.87079929565536,452.8753234454562
1347.9347725584828,-84.87079929565536,452.8753234454562 1348.829699098951,-127.8188138742498,494.7640707440328
1348.829699098951,-127.8188138742498,494.7640707440328 1377.7926701324186,-179.57542921656562,485.68667699791354
1377.7926701324186,-179.57542921656562,485.68667699791354 1337.7123254048686,-177.89641148174456,441.06889056731046
1337.7123254048686,-177.89641148174456,441.06889056731046 1302.7402128807437,-130.1265460978931,450.8152389506104
1337.7123254048686,-177.89641148174456,441.06889056731046 1322.9737719087464,-216.3765898724331,397.4563819045113
1347.9347725584828,-84.87079929565536,452.8753234454562 1384.498409897898,-115.4887041745364,489.28472230535925
1384.498409897898,-115.4887041745364,489.28472230535925 1434.5485469173866,-110.27528979522343,456.6074504663579
1434.5485469173866,-110.27528979522343,456.6074504663579 1407.0753132550774,-133.63975937681562,504.5587068973109
1407.0753132550774,-133.63975937681562,504.5587068973109 1383.6990125691586,-184.05252726891177,481.929049372303
1383.6990125691586,-184.05252726891177,481.929049372303 1394.340521780602,-189.70909996136285,423.15183042586267
1434.5485469173866,-110.27528979522343,456.6074504663579 1441.8216469158488,-158.02770859930993,492.19970404451016
1441.8216469158488,-158.02770859930993,492.19970404451016 1431.0169903894705,-205.32812260266064,456.9019671133893
1441.8216469158488,-158.02770859930993,492.19970404451016 1424.485070862407,-189.87268345589106,444.39446680917223
1434.5485469173866,-110.27528979522343,456.6074504663579 1492.0887397228046,-126.49236843919928,451.4954477110355
1492.0887397228046,-126.49236843919928,451.4954477110355 1478.9344475051548,-74.8338536140541,479.0338289690713
1492.0887397228046,-126.49236843919928,451.4954477110355 1477.222064013835,-98.2234942494017,502.2876981573953
1492.0887397228046,-126.49236843919928,451.4954477110355 1535.2672143771647,-88.90883876863188,469.47036423446764
1535.2672143771647,-88.90883876863188,469.47036423446764 1517.2343771312796,-141.77388317422873,491.3816366954111
1517.2343771312796,-141.77388317422873,491.3816366954111 1564.9601356299847,-130.87770882836108,456.6897736674945
1564.9601356299847,-130.87770882836108,456.6897736674945 1573.1585092879445,-167.88385308531147,503.2014061544138
1573.1585092879445,-167.88385308531147,503.2014061544138 1577.4618477462718,-183.06969293439593,445.31469311773293
1573.1585092879445,-167.88385308531147,503.2014061544138 1537.3346191088601,-120.00152427504386,508.0933873627097
1564.9601356299847,-130.87770882836108,456.6897736674945 1614.3114498173945,-162.7789192222163,468.8042510966921
1517.2343771312796,-141.77388317422873,491.3816366954111 1565.5939260030964,-170.66393030723268,470.72445369367585
1565.5939260030964,-170.66393030723268,470.72445369367585 1619.9232306198667,-158.1176976555484,492.8811390529075
1619.9232306198667,-158.1176976555484,492.8811390529075 1669.3292707734608,-151.0063844589268,459.58740959883465
1669.3292707734608,-151.0063844589268,459.58740959883465 1714.75106401494,-160.9668025036495,497.5037750773807
1714.75106401494,-160.9668025036495,497.5037750773807 1729.6646411496827,-103.18814797667541,503.7657474582412
1729.6646411496827,-103.18814797667541,503.7657474582412 1677.700730036174,-132.18489966751218,511.44300824365956
1729.6646411496827,-103.18814797667541,503.7657474582412 1716.1590126047583,-115.82460825266185,560.8439207760686
1716.1590126047583,-115.82460825266185,560.8439207760686 1677.520281816289,-155.16875545687594,537.1989093819217
1677.520281816289,-155.16875545687594,537.1989093819217 1703.9297163345584,-110.8611414621769,506.54964983912043
1703.9297163345584,-110.8611414621769,506.54964983912043 1715.462757741533,-131.12693701069685,561.8333408039122
1677.520281816289,-155.16875545687594,537.1989093819217 1665.060106444835,-200.32657459591547,499.708705323816
1729.6646411496827,-103.18814797667541,503.7657474582412 1681.443186122163,-108.4639895698544,539.0766065601179
1681.443186122163,-108.4639895698544,539.0766065601179 1635.3449626413396,-73.85513716828295,522.4278490281484
1729.6646411496827,-103.18814797667541,503.7657474582412 1715.2722598243395,-74.98790843106029,554.7324606086479
1715.2722598243395,-74.98790843106029,554.7324606086479 1667.3236273795853,-96.3450253656282,525.6669793134574
1729.6646411496827,-103.18814797667541,503.7657474582412 1692.5783397805073,-66.98944216987624,534.0024792371144
1692.5783397805073,-66.98944216987624,534.0024792371144 1692.9106048752317,-38.53814358651975,481.1781173495579
1729.6646411496827,-103.18814797667541,503.7657474582412 1727.3075087552102,-44.48561735335083,491.5814614597689
1727.3075087552102,-44.48561735335083,491.5814614597689 1750.3911864905856,-1.0384253877622385,525.9250974425041
1750.3911864905856,-1.0384253877622385,525.9250974425041 1748.0556718554699,44.56409532737926,564.8475263982393
1750.3911864905856,-1.0384253877622385,525.9250974425041 1704.6876906992197,-32.69250500614801,548.490773057506
1750.3911864905856,-1.0384253877622385,525.9250974425041 1734.2822679762976,43.63001247781945,562.6025210563391
1750.3911864905856,-1.0384253877622385,525.9250974425041 1735.8872889672307,-40.0025371385974,569.185182418154
1750.3911864905856,-1.0384253877622385,525.9250974425041 1792.6853987182208,-26.565119133072717,559.9778141986878
1792.6853987182208,-26.565119133072717,559.9778141986878 1745.6688525242107,3.669826973795786,581.7790164109806
1792.6853987182208,-26.565119133072717,559.9778141986878 1766.0257714219447,-78.83897966701042,572.4961118985382
1792.6853987182208,-26.565119133072717,559.9778141986878 1756.5455602020256,21.003543320043978,565.557637174803
1792.6853987182208,-26.565119133072717,559.9778141986878 1782.5083176203652,-83.58268343943513,575.643840526302
1792.6853987182208,-26.565119133072717,559.9778141986878 1740.2087276292573,-23.615219188651377,588.9173560357425
1792.6853987182208,-26.565119133072717,559.9778141986878 1818.5465419711802,13.59120323689977,596.2913246785183
1818.5465419711802,13.59120323689977,596.2913246785183 1843.3123464382538,-20.51276074889034,638.9946567447003
1843.3123464382538,-20.51276074889034,638.9946567447003 1871.3799242927741,-57.230082295096096,677.257554855703
1871.3799242927741,-57.230082295096096,677.257554855703 1862.6025800707118,-115.96309884211753,685.8244093364758
1871.3799242927741,-57.230082295096096,677.257554855703 1831.8823722008053,-13.804739427662447,664.8405111017314
1871.3799242927741,-57.230082295096096,677.257554855703 1884.1304101320122,-22.853012601902982,724.751156426575
1843.3123464382538,-20.51276074889034,638.9946567447003 1816.066377333409,29.903035934385176,621.2209511004495
1816.066377333409,29.903035934385176,621.2209511004495 1773.7203828050945,71.36553754594264,630.5845886158352
1843.3123464382538,-20.51276074889034,638.9946567447003 1856.8871372097387,-76.52463143130929,655.6798417351756
1856.8871372097387,-76.52463143130929,655.6798417351756 1848.0204361191695,-36.640890192881166,699.6192181144166
1848.0204361191695,-36.640890192881166,699.6192181144166 1886.8073699077665,-76.11422480282998,722.8017464935648
1856.8871372097387,-76.52463143130929,655.6798417351756 1852.7283855653684,-27.09543307199675,689.4357172876803
1856.8871372097387,-76.52463143130929,655.6798417351756 1810.2087983016977,-94.52580923820655,622.5574886431845
1856.8871372097387,-76.52463143130929,655.6798417351756 1818.9720780316695,-30.633855921380494,663.1954927795518
1856.8871372097387,-76.52463143130929,655.6798417351756 1824.7566000685447,-30.56706024588513,634.3366874754366
1856.8871372097387,-76.52463143130929,655.6798417351756 1846.1141228059407,-17.50932997356015,656.7458410346848
1856.8871372097387,-76.52463143130929,655.6798417351756 1815.6829395727846,-70.93111857263374,698.934052061971
1856.8871372097387,-76.52463143130929,655.6798417351756 1803.4221901744886,-90.15456030612724,632.1060325948328
1803.4221901744886,-90.15456030612724,632.1060325948328 1760.065006254273,-73.8137575783284,670.2260111981815
1856.8871372097387,-76.52463143130929,655.6798417351756 1810.2968660704191,-39.00047123843549,660.2933043159516
1856.8871372097387,-76.52463143130929,655.6798417351756 1845.3444907751548,-128.37132324011677,683.5848208924644
1856.8871372097387,-76.52463143130929,655.6798417351756 1819.46404788071,-36.522441203587974,680.1612053012996
1856.8871372097387,-76.52463143130929,655.6798417351756 1818.3546643224877,-98.21991261663833,696.2330574829159
1856.8871372097387,-76.52463143130929,655.6798417351756 1824.1786064283326,-87.45197370889996,704.7791819025362
1856.8871372097387,-76.52463143130929,655.6798417351756 1814.7417554210076,-117.43852087830845,643.4397255510528
1814.7417554210076,-117.43852087830845,643.4397255510528 1763.5717690603494,-129.06163334551778,614.3444380902857
1856.8871372097387,-76.52463143130929,655.6798417351756 1819.4990794026187,-123.24252602397203,651.2558776484873
1819.4990794026187,-123.24252602397203,651.2558776484873 1786.7390277063132,-81.1850324245485,678.7867011921055
1856.8871372097387,-76.52463143130929,655.6798417351756 1850.2785240878743,-31.8161963257622,695.1447890051088
1856.8871372097387,-76.52463143130929,655.6798417351756 1823.3498987682874,-42.298312688053485,619.5714944591468
1856.8871372097387,-76.52463143130929,655.6798417351756 1859.0156029587677,-133.53288880126507,674.2682312618692
1859.0156029587677,-133.53288880126507,674.2682312618692 1839.762193490479,-87.59346776622706,640.8186300861912
1859.0156029587677,-133.53288880126507,674.2682312618692 1845.3861173818536,-129.7107798119324,732.5745654442062
1845.3861173818536,-129.7107798119324,732.5745654442062 1862.7206146332412,-79.65933254860707,760.759097228293
1859.0156029587677,-133.53288880126507,674.2682312618692 1811.2783505871034,-116.26757067340547,642.2828670158921
1811.2783505871034,-116.26757067340547,642.2828670158921 1780.8800959732203,-69.73515745125174,619.684622921444
1859.0156029587677,-133.53288880126507,674.2682312618692 1820.7443758775719,-93.18006978626079,651.7523885007855
1859.0156029587677,-133.53288880126507,674.2682312618692 1874.7480078881913,-175.28602463265167,714.3826561409876
1859.0156029587677,-133.53288880126507,674.2682312618692 1885.7906524614248,-155.80438753608558,723.125953970108
1885.7906524614248,-155.80438753608558,723.125953970108 1829.8705429316747,-134.20542642557228,720.5909531560495
1885.7906524614248,-155.80438753608558,723.125953970108 1853.866202146142,-177.8974141377471,677.3796137050624
1885.7906524614248,-155.80438753608558,723.125953970108 1878.6572930340399,-129.18127658889932,776.4206548959369
1885.7906524614248,-155.80438753608558,723.125953970108 1885.5394153415612,-210.80846070396512,747.0944502694622
1885.7906524614248,-155.80438753608558,723.125953970108 1855.9240590254324,-153.66173460101916,671.1317654974624
1855.9240590254324,-153.66173460101916,671.1317654974624 1861.4363347529577,-94.20658274764936,677.0224135430067
1855.9240590254324,-153.66173460101916,671.1317654974624 1825.132148724121,-107.44359751619808,648.4218103146649
1855.9240590254324,-153.66173460101916,671.1317654974624 1799.382865281011,-163.92978668579082,688.3846063168814
1855.9240590254324,-153.66173460101916,671.1317654974624 1804.7904769281313,-159.10339300940265,702.0468934393784
1855.9240590254324,-153.66173460101916,671.1317654974624 1877.6209874305466,-186.1698457107208,716.656110741108
1877.6209874305466,-186.1698457107208,716.656110741108 1852.5826641543701,-154.28720085260545,672.422872962612
1877.6209874305466,-186.1698457107208,716.656110741108 1848.4615798446848,-157.4818455582161,760.5506160520404
1877.6209874305466,-186.1698457107208,716.656110741108 1835.8709226532433,-210.78801039169298,752.0238652476003
1877.6209874305466,-186.1698457107208,716.656110741108 1841.6873493907315,-186.84349978887408,668.611133403133
1877.6209874305466,-186.1698457107208,716.656110741108 1866.4662858043644,-175.17979492725155,774.576671990181
1877.6209874305466,-186.1698457107208,716.656110741108 1850.3118722437152,-213.73840215604673,670.8938236125864
1877.6209874305466,-186.1698457107208,716.656110741108 1853.3453100548973,-178.16292380113973,662.3736947163284
1853.3453100548973,-178.16292380113973,662.3736947163284 1821.499599650521,-225.00722745552028,642.5882974755145
1853.3453100548973,-178.16292380113973,662.3736947163284 1804.294850823356,-143.99425677449437,657.220575001326
1853.3453100548973,-178.16292380113973,662.3736947163284 1827.8106357918673,-123.87425740508823,661.5245120391744
1853.3453100548973,-178.16292380113973,662.3736947163284 1846.1817835634993,-237.60503732480868,666.2876477112292
1846.1817835634993,-237.60503732480868,666.2876477112292 1846.892315016434,-192.7707655652371,706.154717089894
1846.1817835634993,-237.60503732480868,666.2876477112292 1892.7414801311345,-275.267847845121,669.9899928114041
1892.7414801311345,-275.267847845121,669.9899928114041 1865.8691421135375,-323.2842926676922,646.0672321833123
1853.3453100548973,-178.16292380113973,662.3736947163284 1799.1988744271066,-179.8877226986668,688.164944735833
1853.3453100548973,-178.16292380113973,662.3736947163284 1832.3636820984345,-124.06853383460147,647.0907544741934
1853.3453100548973,-178.16292380113973,662.3736947163284 1816.908792272001,-175.6522761891068,709.9770225456396
1853.3453100548973,-178.16292380113973,662.3736947163284 1810.0844443929736,-136.9254310387613,657.0853402601883
1853.3453100548973,-178.16292380113973,662.3736947163284 1853.0181720382343,-163.01039115565808,720.4279257003459
1853.3453100548973,-178.16292380113973,662.3736947163284 1835.0313015886527,-206.42031173974235,712.0337100283039
1853.3453100548973,-178.16292380113973,662.3736947163284 1799.131132846285,-203.23405241745954,668.053615446158
1853.3453100548973,-178.16292380113973,662.3736947163284 1833.341506803067,-126.5103808940364,685.4358426365008
1853.3453100548973,-178.16292380113973,662.3736947163284 1811.4417576161031,-215.44937403035374,641.0708094114316
1877.6209874305466,-186.1698457107208,716.656110741108 1832.5184195772345,-219.32310479380865,695.0547268686098
1877.6209874305466,-186.1698457107208,716.656110741108 1850.2925665832713,-142.76057129792903,747.7815393959738
1877.6209874305466,-186.1698457107208,716.656110741108 1823.5170805541743,-210.3513962798059,726.0380014241
1855.9240590254324,-153.66173460101916,671.1317654974624 1883.9590286718262,-164.17699525453335,723.1266668851412
1855.9240590254324,-153.66173460101916,671.1317654974624 1827.5786396144972,-158.90526737888973,618.5100726092098
1855.9240590254324,-153.66173460101916,671.1317654974624 1814.4517914008404,-193.03189612046407,652.9647239109232
1855.9240590254324,-153.66173460101916,671.1317654974624 1819.2950082816335,-141.9923420266418,625.0650973028418
1855.9240590254324,-153.66173460101916,671.1317654974624 1802.5198603480062,-177.69007490019337,658.0692073219332
1802.5198603480062,-177.69007490019337,658.0692073219332 1803.3045853358124,-222.5431902767815,697.9136830708746
1855.9240590254324,-153.66173460101916,671.1317654974624 1801.490447380814,-151.91158397408745,645.9540194485023
1855.9240590254324,-153.66173460101916,671.1317654974624 1879.9765506113827,-108.02562845702823,701.7719917453572
1879.9765506113827,-108.02562845702823,701.7719917453572 1854.4356941170627,-84.25849587687398,750.5858018655878
1855.9240590254324,-153.66173460101916,671.1317654974624 1849.799034653198,-210.33310893654726,689.8624731018746
1855.9240590254324,-153.66173460101916,671.1317654974624 1824.5453515042095,-162.9098928341776,721.4293626924778
1855.9240590254324,-153.66173460101916,671.1317654974624 1811.4872054710918,-124.3472310835501,698.8089389390257
1855.9240590254324,-153.66173460101916,671.1317654974624 1805.1539016191018,-137.2267431934345,698.5595283367652
1805.1539016191018,-137.2267431934345,698.5595283367652 1764.4200951341138,-158.74993716361024,660.1211473801518
1855.9240590254324,-153.66173460101916,671.1317654974624 1836.485094777031,-112.48259947076829,632.0625256933158
1836.485094777031,-112.48259947076829,632.0625256933158 1809.8133374072663,-58.74153944814112,631.3443151024827
1809.8133374072663,-58.74153944814112,631.3443151024827 1772.6785996106303,-26.249048680906746,665.4800631170828
1855.9240590254324,-153.66173460101916,671.1317654974624 1814.069315662636,-132.98371793857586,708.8226143197186
1855.9240590254324,-153.66173460101916,671.1317654974624 1878.3469512477893,-124.18652087460943,718.3379693288132
1855.9240590254324,-153.66173460101916,671.1317654974624 1816.5907877125671,-192.41022379237089,694.6147029886758
1855.9240590254324,-153.66173460101916,671.1317654974624 1799.1052484698168,-134.56779358319318,673.7858535617235
1855.9240590254324,-153.66173460101916,671.1317654974624 1806.6059885297266,-119.64204592273182,667.9086141182983
1855.9240590254324,-153.66173460101916,671.1317654974624 1816.7392968869226,-199.09133849168043,671.971709832542
1855.9240590254324,-153.66173460101916,671.1317654974624 1806.6024290614125,-135.03374759889212,699.7739532271189
1855.9240590254324,-153.66173460101916,671.1317654974624 1823.1289159751514,-169.26768178146204,718.8908798622916
1855.9240590254324,-153.66173460101916,671.1317654974624 1809.2631506347368,-183.21875982342047,694.5655421490707
1855.9240590254324,-153.66173460101916,671.1317654974624 1797.1677988687663,-149.94551046200283,659.5606129813658
1855.9240590254324,-153.66173460101916,671.1317654974624 1808.2505294148193,-190.09162539931378,670.8193060755788
1855.9240590254324,-153.66173460101916,671.1317654974624 1815.1049751756668,-184.63313598035455,639.9135866545845
1885.7906524614248,-155.80438753608558,723.125953970108 1855.5279380675431,-199.96447436447795,750.2194005729896
1885.7906524614248,-155.80438753608558,723.125953970108 1866.1313578258832,-130.4556472567953,773.8305247767528
1885.7906524614248,-155.80438753608558,723.125953970108 1890.1362141335007,-141.99936237852546,781.3542750360061
1859.0156029587677,-133.53288880126507,674.2682312618692 1823.1189356805428,-173.1525376598181,647.0338283376013
1859.0156029587677,-133.53288880126507,674.2682312618692 1822.2443460725801,-171.73080090324066,702.3537111057271
1859.0156029587677,-133.53288880126507,674.2682312618692 1809.6560134695992,-135.15811422758807,708.3415282519522
1859.0156029587677,-133.53288880126507,674.2682312618692 1803.1720513227126,-117.44464845073625,659.3462252608361
1859.0156029587677,-133.53288880126507,674.2682312618692 1848.8265624492929,-191.8607789209469,683.9656890567043
1856.8871372097387,-76.52463143130929,655.6798417351756 1823.7706339694453,-115.23087620499317,623.9761538005631
1856.8871372097387,-76.52463143130929,655.6798417351756 1817.5110261063987,-79.9014243526622,610.5343088006346
1843.3123464382538,-20.51276074889034,638.9946567447003 1860.8899876624253,-19.63249622516023,696.355372076385
1843.3123464382538,-20.51276074889034,638.9946567447003 1807.8240662131454,8.382282949775195,600.1918422035308
1843.3123464382538,-20.51276074889034,638.9946567447003 1783.5758979792658,-18.70770987815014,633.6750217139204
1843.3123464382538,-20.51276074889034,638.9946567447003 1790.7282397027316,1.2174284664570045,658.0396192149286
1843.3123464382538,-20.51276074889034,638.9946567447003 1802.7126487117175,-41.30738488684753,600.0171228119979
1843.3123464382538,-20.51276074889034,638.9946567447003 1824.6681460113182,-77.52415366008807,637.5472905970767
1843.3123464382538,-20.51276074889034,638.9946567447003 1853.611477094201,29.969614588851794,669.7429524371619
1843.3123464382538,-20.51276074889034,638.9946567447003 1811.0063142894994,28.899231764651663,628.2813340740573
1811.0063142894994,28.899231764651663,628.2813340740573 1790.5293250699858,7.971603969414392,575.9102799757491
1790.5293250699858,7.971603969414392,575.9102799757491 1760.405037326432,-17.61096004449575,621.0551546174817
1843.3123464382538,-20.51276074889034,638.9946567447003 1802.609907351988,11.872740023712932,609.0866178230903
1843.3123464382538,-20.51276074889034,638.9946567447003 1804.8295276686986,-18.304957613185877,684.9750684964836
1804.8295276686986,-18.304957613185877,684.9750684964836 1767.6481579112294,15.489205659718188,717.7698893016452
1767.6481579112294,15.489205659718188,717.7698893016452 1714.7294789512473,38.569533263322654,734.1073277434772
1714.7294789512473,38.569533263322654,734.1073277434772 1709.9836894645352,12.223016325542432,680.4106004000433
1843.3123464382538,-20.51276074889034,638.9946567447003 1796.175154184556,15.418289001196886,629.6648780605789
1843.3123464382538,-20.51276074889034,638.9946567447003 1792.3638516833655,-39.565279713586506,664.3176187221428
1818.5465419711802,13.59120323689977,596.2913246785183 1779.2987202891536,-9.735627731146604,557.3623194227448
1818.5465419711802,13.59120323689977,596.2913246785183 1773.5260204759006,49.52762324052692,579.5066184965208
1818.5465419711802,13.59120323689977,596.2913246785183 1761.5145597117105,19.02224706532288,614.1198625459174
1818.5465419711802,13.59120323689977,596.2913246785183 1807.2618121642129,-44.07854682576996,584.1729584151581
1807.2618121642129,-44.07854682576996,584.1729584151581 1834.7787620072697,-40.7281386238037,637.385665884473
1807.2618121642129,-44.07854682576996,584.1729584151581 1772.4140697838775,-77.77739107530044,548.8172976627457
1772.4140697838775,-77.77739107530044,548.8172976627457 1781.026756680873,-107.31306684040857,600.3290971024151
1807.2618121642129,-44.07854682576996,584.1729584151581 1763.4051464477466,-68.73871301252008,616.8604036483971
1807.2618121642129,-44.07854682576996,584.1729584151581 1820.1755002456482,-5.3118439570000575,628.1090416363545
1820.1755002456482,-5.3118439570000575,628.1090416363545 1790.6778504748402,-52.70570110016333,606.1156116380077
1807.2618121642129,-44.07854682576996,584.1729584151581 1768.6266724441034,-15.043117907513984,619.7295308925569
1768.6266724441034,-15.043117907513984,619.7295308925569 1814.1260284078066,16.356605157876256,643.0504656573775
1807.2618121642129,-44.07854682576996,584.1729584151581 1825.605088518601,-83.24557380264673,625.759833873398
1807.2618121642129,-44.07854682576996,584.1729584151581 1835.3249021798424,-9.000354812570542,623.9471136401253
1835.3249021798424,-9.000354812570542,623.9471136401253 1799.2478626478537,29.94063072791471,651.9122144578059
1799.2478626478537,29.94063072791471,651.9122144578059 1764.1540366924949,-7.1502093839485,620.4051841373968
1807.2618121642129,-44.07854682576996,584.1729584151581 1786.7343039923883,-97.27758683112427,565.5052442871673
1807.2618121642129,-44.07854682576996,584.1729584151581 1806.6045085058856,11.16908418453312,607.5667015882834
1807.2618121642129,-44.07854682576996,584.1729584151581 1764.5859027070069,-44.2181457973499,626.3481556776189
1807.2618121642129,-44.07854682576996,584.1729584151581 1760.772086040868,-48.74939632841516,546.5313786143577
1818.5465419711802,13.59120323689977,596.2913246785183 1769.8422252067726,-6.1138490734226565,567.315465037091
1818.5465419711802,13.59120323689977,596.2913246785183 1784.5009126847087,49.144571300104985,561.9860314156643
1784.5009126847087,49.144571300104985,561.9860314156643 1746.2501459611399,8.14781607466415,583.3435805738523
1818.5465419711802,13.59120323689977,596.2913246785183 1778.6898458070475,41.976088876145425,631.0151211029727
1818.5465419711802,13.59120323689977,596.2913246785183 1778.7747106824581,-11.837281493938448,559.2562926110965
1818.5465419711802,13.59120323689977,596.2913246785183 1792.410974030607,35.40830818081776,645.6972557019263
1792.410974030607,35.40830818081776,645.6972557019263 1796.1645176476873,-19.728784164110614,669.0598745204902
1796.1645176476873,-19.728784164110614,669.0598745204902 1778.1930335032152,13.986787948309782,622.7966498730754
1778.1930335032152,13.986787948309782,622.7966498730754 1743.8313301034848,25.191170693315428,574.9036947880905
1796.1645176476873,-19.728784164110614,669.0598745204902 1837.2408653699683,9.769976890866552,701.3485219684651
1792.410974030607,35.40830818081776,645.6972557019263 1744.8195114563518,27.233723216659072,681.3094565705476
1818.5465419711802,13.59120323689977,596.2913246785183 1774.5493735747182,12.18499211718387,555.520357761113
1818.5465419711802,13.59120323689977,596.2913246785183 1836.3841838223575,-17.435421065823736,644.4490563274112
1818.5465419711802,13.59120323689977,596.2913246785183 1793.711627961938,-32.67066624105661,567.2557175975898
1818.5465419711802,13.59120323689977,596.2913246785183 1794.0371647621168,43.96241748297328,641.8641211040499
1794.0371647621168,43.96241748297328,641.8641211040499 1749.4361316144114,17.39675419709998,611.7806808696138
1818.5465419711802,13.59120323689977,596.2913246785183 1772.7153590872908,-19.416274117025498,576.0426428894832
1818.5465419711802,13.59120323689977,596.2913246785183 1808.3275965023718,56.72090195834362,636.7314315243589
1808.3275965023718,56.72090195834362,636.7314315243589 1788.0602851918957,21.074903789758267,680.5332454914706
1818.5465419711802,13.59120323689977,596.2913246785183 1822.863890073443,69.59489450322997,617.3850931874751
1818.5465419711802,13.59120323689977,596.2913246785183 1769.9251270203465,-20.642174543390045,588.2892090875752
1792.6853987182208,-26.565119133072717,559.9778141986878 1814.099683663954,-61.74832076684147,603.6077434108755
1792.6853987182208,-26.565119133072717,559.9778141986878 1749.6746991298128,-59.56583501838617,534.2672624354032
1749.6746991298128,-59.56583501838617,534.2672624354032 1712.5903461478867,-106.67407568391053,531.9083590225972
1749.6746991298128,-59.56583501838617,534.2672624354032 1718.4269188232984,-101.29501012284761,504.5645324090739
1750.3911864905856,-1.0384253877622385,525.9250974425041 1714.4513357146245,36.7196182940815,496.21554908643475
1714.4513357146245,36.7196182940815,496.21554908643475 1666.7171728887126,71.94241548820804,505.2046679048038
1750.3911864905856,-1.0384253877622385,525.9250974425041 1754.738518574668,-24.540819377436012,580.9590704092531
1754.738518574668,-24.540819377436012,580.9590704092531 1719.243584261472,-54.830789090086256,618.6768032799949
1719.243584261472,-54.830789090086256,618.6768032799949 1760.3728351898035,-36.675509335203806,578.943057734221
1754.738518574668,-24.540819377436012,580.9590704092531 1706.7316241482938,-51.04436648145548,556.6095308152487
1750.3911864905856,-1.0384253877622385,525.9250974425041 1746.3065115605527,-59.42724411487642,539.1183259468605
1750.3911864905856,-1.0384253877622385,525.9250974425041 1750.4009648202436,58.64024051179316,532.1264473627645
1750.4009648202436,58.64024051179316,532.1264473627645 1748.4732752934588,94.59779906801367,580.119550989893
1750.3911864905856,-1.0384253877622385,525.9250974425041 1697.1601837703104,19.334138206300135,507.1789244463982
1727.3075087552102,-44.48561735335083,491.5814614597689 1693.0239922591422,-85.87614953635654,518.2547503884219
1727.3075087552102,-44.48561735335083,491.5814614597689 1686.3619543325563,-2.8091395291678083,505.23916145617625
1727.3075087552102,-44.48561735335083,491.5814614597689 1692.574549903021,-5.745133422015719,461.70176142549633
1727.3075087552102,-44.48561735335083,491.5814614597689 1696.4857127978626,-89.7105192760732,516.1726212543733
1696.4857127978626,-89.7105192760732,516.1726212543733 1665.4518596676605,-104.5141313353316,467.00196913451606
1727.3075087552102,-44.48561735335083,491.5814614597689 1702.897417161298,-13.893089934635544,537.0594197968795
1702.897417161298,-13.893089934635544,537.0594197968795 1677.3654121079478,-52.85337725436828,574.877573240954
1702.897417161298,-13.893089934635544,537.0594197968795 1690.9829098255084,43.88786813215334,526.1321420101021
1727.3075087552102,-44.48561735335083,491.5814614597689 1670.0318813564325,-43.04506392943245,509.39795134720777
1670.0318813564325,-43.04506392943245,509.39795134720777 1671.120285796395,-89.4699679440293,547.3919464386763
1671.120285796395,-89.4699679440293,547.3919464386763 1721.629451415461,-73.11048117944776,575.3417475339477
1721.629451415461,-73.11048117944776,575.3417475339477 1746.3221694441804,-23.048526972147712,553.3401471989642
1671.120285796395,-89.4699679440293,547.3919464386763 1718.6399680827578,-122.35604471288114,563.5284191064038
1718.6399680827578,-122.35604471288114,563.5284191064038 1679.526438017641,-147.1551615301036,525.3821798300221
1679.526438017641,-147.1551615301036,525.3821798300221 1659.8946843153615,-93.23654701784093,542.9143575513165
1671.120285796395,-89.4699679440293,547.3919464386763 1617.3185368457946,-100.45869709634789,571.5708554602506
1617.3185368457946,-100.45869709634789,571.5708554602506 1648.6400877390877,-57.239301382739875,598.9760426296426
1727.3075087552102,-44.48561735335083,491.5814614597689 1699.2875367095467,-14.264536072902445,535.1884266465457
1699.2875367095467,-14.264536072902445,535.1884266465457 1747.9636038623078,9.69860614026878,560.8088931101216
1699.2875367095467,-14.264536072902445,535.1884266465457 1683.7042960551191,32.43229281820145,569.4895750562005
1699.2875367095467,-14.264536072902445,535.1884266465457 1722.5392939356175,-59.05426826139174,502.73483398897906
1699.2875367095467,-14.264536072902445,535.1884266465457 1691.1671170440377,-42.68344357426155,587.4036014608199
1727.3075087552102,-44.48561735335083,491.5814614597689 1675.8535055446857,-44.847358216496254,522.4417060660463
1727.3075087552102,-44.48561735335083,491.5814614597689 1682.013743264895,-70.34873558573184,521.2390730123909
1682.013743264895,-70.34873558573184,521.2390730123909 1716.9288105282667,-110.0340566787071,549.6294475738807
1716.9288105282667,-110.0340566787071,549.6294475738807 1667.8865246888668,-88.73527913680063,576.8547349895717
1727.3075087552102,-44.48561735335083,491.5814614597689 1691.8879075110385,-25.14754338540177,535.9829337654708
1691.8879075110385,-25.14754338540177,535.9829337654708 1710.0640151336647,-40.949003978612055,590.9369413974164
1727.3075087552102,-44.48561735335083,491.5814614597689 1674.3354916228234,-20.514137117124314,476.77154801605417
1727.3075087552102,-44.48561735335083,491.5814614597689 1681.8330882199564,-83.62427958485729,491.089327625395
1681.8330882199564,-83.62427958485729,491.089327625395 1638.231898625726,-105.09273086747206,526.2751467219282
1638.231898625726,-105.09273086747206,526.2751467219282 1673.4776479256748,-59.639343599374655,543.3551567377776
1681.8330882199564,-83.62427958485729,491.089327625395 1691.9626112751828,-24.91811586642141,483.9493623497205
1681.8330882199564,-83.62427958485729,491.089327625395 1640.16425884956,-56.50328240421305,457.50123195403734
1727.3075087552102,-44.48561735335083,491.5814614597689 1698.3253384333984,6.944534058934259,480.8588997720505
1727.3075087552102,-44.48561735335083,491.5814614597689 1705.0389170745482,-4.727711778260755,530.6124589981636
1727.3075087552102,-44.48561735335083,491.5814614597689 1750.2126070953132,-13.490872438726818,537.5671359433252
1727.3075087552102,-44.48561735335083,491.5814614597689 1742.4764123218633,-3.7902473398112733,532.9794230526624
1727.3075087552102,-44.48561735335083,491.5814614597689 1703.5903234495543,-91.21578250856399,520.801091603624
1729.6646411496827,-103.18814797667541,503.7657474582412 1770.3954885793628,-100.3866146158141,547.7333432361331
1729.6646411496827,-103.18814797667541,503.7657474582412 1675.5285756612302,-78.03756538829491,509.826655714851
1729.6646411496827,-103.18814797667541,503.7657474582412 1739.9151720550144,-71.92336835130587,553.939846066347
1729.6646411496827,-103.18814797667541,503.7657474582412 1685.422644233754,-94.07681518967732,543.257890015154
1685.422644233754,-94.07681518967732,543.257890015154 1674.1806475308076,-49.55586450012273,504.6379151338935
1685.422644233754,-94.07681518967732,543.257890015154 1724.0588298904781,-116.84104354759323,503.3951873324732
1729.6646411496827,-103.18814797667541,503.7657474582412 1675.149164135551,-88.03046379461765,523.7233870020018
1729.6646411496827,-103.18814797667541,503.7657474582412 1716.664067284826,-54.66296460703181,536.5726317681978
1729.6646411496827,-103.18814797667541,503.7657474582412 1691.43191305168,-117.59980802273887,547.7039148858992
1691.43191305168,-117.59980802273887,547.7039148858992 1665.3308091476897,-126.46985677003227,494.41175213926505
1691.43191305168,-117.59980802273887,547.7039148858992 1662.4934651503552,-138.60812447951827,595.8829235173988
1729.6646411496827,-103.18814797667541,503.7657474582412 1701.6698382930203,-150.85009423221726,480.4284405838296
1729.6646411496827,-103.18814797667541,503.7657474582412 1708.8815088537788,-46.95940535034865,501.2379194116247
1729.6646411496827,-103.18814797667541,503.7657474582412 1696.239324117591,-53.72901592798482,509.81078164295354
1729.6646411496827,-103.18814797667541,503.7657474582412 1738.2065571333537,-128.54610113147294,557.4687258032734
1738.2065571333537,-128.54610113147294,557.4687258032734 1786.9653720662138,-160.16489767089897,572.3962062250149
1729.6646411496827,-103.18814797667541,503.7657474582412 1759.6062989879372,-126.37012431882032,550.3070527554621
1729.6646411496827,-103.18814797667541,503.7657474582412 1725.3134502794514,-144.42861520924842,547.1280698182104
1725.3134502794514,-144.42861520924842,547.1280698182104 1668.8778230619212,-163.04127855716536,555.4099019621908
1725.3134502794514,-144.42861520924842,547.1280698182104 1680.096459670297,-181.2188595586895,532.918858687396
1714.75106401494,-160.9668025036495,497.5037750773807 1723.7804427089684,-131.904000820234,549.2128059976202
1714.75106401494,-160.9668025036495,497.5037750773807 1683.6222889914807,-130.83038935639496,539.0103524857485
1683.6222889914807,-130.83038935639496,539.0103524857485 1649.7609433748653,-175.92018356820125,518.5086518009495
1714.75106401494,-160.9668025036495,497.5037750773807 1662.7076229132153,-187.5701371522663,483.9485980639656
1714.75106401494,-160.9668025036495,497.5037750773807 1727.5994411291822,-102.72297021569018,504.02874296559946
1714.75106401494,-160.9668025036495,497.5037750773807 1721.5217195246125,-196.36979020555938,545.4702913751875
1721.5217195246125,-196.36979020555938,545.4702913751875 1673.4979762882472,-179.254942684192,577.1057474314542
1619.9232306198667,-158.1176976555484,492.8811390529075 1663.9072858182487,-120.10628698337604,507.73157833991684
1663.9072858182487,-120.10628698337604,507.73157833991684 1623.0349648197684,-81.38585548779547,486.9907596243203
1663.9072858182487,-120.10628698337604,507.73157833991684 1631.295325185995,-157.65548083562558,541.2952203468045
1565.5939260030964,-170.66393030723268,470.72445369367585 1516.2248117238928,-136.79002598670647,474.6294711546845
1565.5939260030964,-170.66393030723268,470.72445369367585 1539.6669009906373,-214.81490120683955,439.4437704750282
1539.6669009906373,-214.81490120683955,439.4437704750282 1549.445450207434,-273.79916528362605,444.46737142798946
1539.6669009906373,-214.81490120683955,439.4437704750282 1558.2168349553644,-258.16516018130466,402.34046877893826
1517.2343771312796,-141.77388317422873,491.3816366954111 1517.335399162347,-200.8431612675084,480.8549952515303
1517.2343771312796,-141.77388317422873,491.3816366954111 1506.6090986621007,-185.3094396542378,531.2784884437426
1535.2672143771647,-88.90883876863188,469.47036423446764 1578.766614301062,-49.37774835000584,457.42482163252356
1535.2672143771647,-88.90883876863188,469.47036423446764 1593.5543476008447,-83.81591709626109,482.76217560102214
1535.2672143771647,-88.90883876863188,469.47036423446764 1547.9798174397686,-129.7884553833366,511.50899728559614
1547.9798174397686,-129.7884553833366,511.50899728559614 1501.9399245861496,-117.64243367514739,475.00143063577025
1535.2672143771647,-88.90883876863188,469.47036423446764 1494.3457931170376,-129.72609002755146,485.5759310272707
1492.0887397228046,-126.49236843919928,451.4954477110355 1516.2190311341471,-179.29942464087472,466.6329459097731
1384.498409897898,-115.4887041745364,489.28472230535925 1393.8436538340377,-86.52802486628936,540.994928935955
1393.8436538340377,-86.52802486628936,540.994928935955 1351.3300818148953,-125.51463423912182,524.4831003339084
1351.3300818148953,-125.51463423912182,524.4831003339084 1307.6727463879834,-137.53383934691132,485.11844903354785
1393.8436538340377,-86.52802486628936,540.994928935955 1355.5073160919515,-40.80380872752651,547.2894715738591
1355.5073160919515,-40.80380872752651,547.2894715738591 1319.8024880503538,-15.461457793991109,506.2659356014264
1393.8436538340377,-86.52802486628936,540.994928935955 1411.8898883111258,-40.61449902901136,506.8440641388878
1411.8898883111258,-40.61449902901136,506.8440641388878 1368.212090950518,-10.097930036397713,534.4300938395303
1393.8436538340377,-86.52802486628936,540.994928935955 1353.5682370203326,-119.81463916780035,570.4888623600469
1353.5682370203326,-119.81463916780035,570.4888623600469 1307.1705140218517,-82.32046163058541,576.9260940137972
1347.9347725584828,-84.87079929565536,452.8753234454562 1304.900489992986,-77.90199874076272,494.1001502237352
1304.900489992986,-77.90199874076272,494.1001502237352 1305.3958534460853,-122.81431384620949,533.8825403846895
1305.3958534460853,-122.81431384620949,533.8825403846895 1337.6902820912535,-77.3624573403457,556.0455415048561
1304.900489992986,-77.90199874076272,494.1001502237352 1278.5119726653418,-116.17595761633548,456.1692891045939
1347.9347725584828,-84.87079929565536,452.8753234454562 1298.3404236586564,-118.36728146854733,457.16324126689443
1296.1950590061324,-88.21346580685825,483.07182360881296 1342.1397489460905,-122.14933329376368,501.44142796580184
1342.1397489460905,-122.14933329376368,501.44142796580184 1316.0251643918175,-163.14721381618193,466.2675418252679
1316.0251643918175,-163.14721381618193,466.2675418252679 1269.7054066526928,-128.37481411253862,450.60356206791204
1247.1923385397088,-53.62969640647344,481.4297879969725 1216.2584329512877,-8.10055415395302,505.30845401491416
1216.2584329512877,-8.10055415395302,505.30845401491416 1208.979583490819,31.639882529347787,549.6673994797513
1208.979583490819,31.639882529347787,549.6673994797513 1241.310065332574,35.28490154782771,600.0802329672165
1254.8286929172154,0.0,455.63169203679314 1220.779067502137,-7.390191989789766,504.4784736241903
1220.779067502137,-7.390191989789766,504.4784736241903 1233.7215648159895,17.029425400557756,451.22273168221795
1233.7215648159895,17.029425400557756,451.22273168221795 1218.4304448534801,21.986735005782588,393.4160994349568
1220.779067502137,-7.390191989789766,504.4784736241903 1261.038783396016,35.69608257155335,515.5567505916932
1220.779067502137,-7.390191989789766,504.4784736241903 1234.4231868177856,47.213335415166455,483.68682138016356
1200.0,0.0,480.0 1179.2960797785827,34.524445542971314,524.4905647010195
1179.2960797785827,34.524445542971314,524.4905647010195 1191.0562279432827,-23.91365051284413,517.657714306375
1191.0562279432827,-23.91365051284413,517.657714306375 1153.5036249998434,-51.15787475847599,555.7044521090581
1153.5036249998434,-51.15787475847599,555.7044521090581 1163.5366532768644,-6.429562168594693,594.417710773944
1191.0562279432827,-23.91365051284413,517.657714306375 1215.6906279064822,30.476263327849843,523.5639492200065
1179.2960797785827,34.524445542971314,524.4905647010195 1135.2062353245508,-3.7941758598401663,510.7876865432281
1135.2062353245508,-3.7941758598401663,510.7876865432281 1105.431922719869,48.294103615215455,510.2386416933491
1105.431922719869,48.294103615215455,510.2386416933491 1113.8764543426585,86.54551467242818,555.6866277631834
1113.8764543426585,86.54551467242818,555.6866277631834 1156.9622025796314,59.752182201132946,587.7137355617784
1156.9622025796314,59.752182201132946,587.7137355617784 1117.8350305412396,58.83643955794941,633.1914864262346
1113.8764543426585,86.54551467242818,555.6866277631834 1122.4141858950845,128.32623945264433,597.8941884221287
1179.2960797785827,34.524445542971314,524.4905647010195 1215.6648703448263,77.23186918297854,503.1976776543633
1215.6648703448263,77.23186918297854,503.1976776543633 1197.9401987058436,119.846032839207,541.5365491970994
1197.9401987058436,119.846032839207,541.5365491970994 1188.6563812419122,140.16098707524415,485.84890812940716
1215.6648703448263,77.23186918297854,503.1976776543633 1259.103366825278,86.77595973878361,543.4718301467545
1259.103366825278,86.77595973878361,543.4718301467545 1301.8432693431141,61.167060710587656,576.9006354399376
1215.6648703448263,77.23186918297854,503.1976776543633 1190.2292156508602,85.84210740477944,556.8529781199571
1215.6648703448263,77.23186918297854,503.1976776543633 1245.8671380185563,34.55973068907344,532.6410406368991
1179.2960797785827,34.524445542971314,524.4905647010195 1146.714997237519,79.98551039872524,546.2107084075727
1146.714997237519,79.98551039872524,546.2107084075727 1188.3514685418565,89.10557736003207,503.9824165176045
1179.2960797785827,34.524445542971314,524.4905647010195 1147.222476610806,75.02802338204285,554.9986646430065
1200.0,0.0,480.0 1154.0176905735295,0.006095520321479358,518.5438345608343
1154.0176905735295,0.006095520321479358,518.5438345608343 1164.0942266097695,-47.74436129623426,553.4488097838681
1164.0942266097695,-47.74436129623426,553.4488097838681 1145.9291217032298,-94.14615472157402,520.0287180627715
1154.0176905735295,0.006095520321479358,518.5438345608343 1184.0435326237327,6.07013543182012,466.95239894281724
1184.0435326237327,6.07013543182012,466.95239894281724 1164.2334274026548,55.35908657493748,494.8479008444
1154.0176905735295,0.006095520321479358,518.5438345608343 1145.9421013861333,-35.010504704829344,470.4957069391633
1154.0176905735295,0.006095520321479358,518.5438345608343 1206.8372787189949,-28.372840749289217,516.369648655996
1200.0,0.0,480.0 1151.3856789210845,-3.766382758895441,514.9637261594013
1151.3856789210845,-3.766382758895441,514.9637261594013 1109.6781053188479,-23.051060955908568,553.5458397750607
1109.6781053188479,-23.051060955908568,553.5458397750607 1164.9202066798073,-41.57509748230415,539.2220725333663
1151.3856789210845,-3.766382758895441,514.9637261594013 1117.8192879965884,-49.838888522378895,533.6886190289929
1151.3856789210845,-3.766382758895441,514.9637261594013 1145.9607919961695,40.29953719009924,555.3216906881121
1200.0,0.0,480.0 1232.8614765986586,-31.18036159441427,440.65653285998565
1200.0,0.0,480.0 1163.0476716557728,46.77002946788639,486.86219888326366
目标树
2280.0,0.0,0.0 2271.3312467470237,23.660531002852732,-54.452107302675266
2271.3312467470237,23.660531002852732,-54.452107302675266 2226.8228392904,16.170436072396726,-93.98563919154066
2226.8228392904,16.170436072396726,-93.98563919154066 2218.2052492788166,-28.64659976895578,-55.0347670474258
2218.2052492788166,-28.64659976895578,-55.0347670474258 2230.388323058062,-67.41638823080717,-99.17631454989527
2230.388323058062,-67.41638823080717,-99.17631454989527 2265.640798602221,-115.96546675107406,-98.67637171172666
2265.640798602221,-115.96546675107406,-98.67637171172666 2316.793559676055,-129.65291522281723,-126.8907082953971
2316.793559676055,-129.65291522281723,-126.8907082953971 2348.997016058076,-167.39223248932336,-93.14635574109177
2348.997016058076,-167.39223248932336,-93.14635574109177 2315.865838611386,-217.33317927507142,-96.01461569078815
2230.388323058062,-67.41638823080717,-99.17631454989527 2183.224473255279,-40.393678229241544,-73.77268457400709
2218.2052492788166,-28.64659976895578,-55.0347670474258 2265.87030105247,-19.746347326793916,-19.696001564167574
2265.87030105247,-19.746347326793916,-19.696001564167574 2305.159990410715,-44.22579387499477,-57.8676796360888
2265.87030105247,-19.746347326793916,-19.696001564167574 2247.1981120987234,-64.90881799458933,15.113488562177189
2265.87030105247,-19.746347326793916,-19.696001564167574 2286.134094199409,-54.452188958515386,-64.24803006941008
2218.2052492788166,-28.64659976895578,-55.0347670474258 2217.050772015385,17.999825795963055,-17.31503528453139
2217.050772015385,17.999825795963055,-17.31503528453139 2246.0539461601356,-19.18699270759806,-54.40892183086773
2246.0539461601356,-19.18699270759806,-54.40892183086773 2276.5936752356506,21.142673373149364,-22.146823606952523
2217.050772015385,17.999825795963055,-17.31503528453139 2261.2569315793494,-9.473602144761156,12.53502692296124
2217.050772015385,17.999825795963055,-17.31503528453139 2195.7192647626725,3.5481287410343985,-71.50096750461998
2195.7192647626725,3.5481287410343985,-71.50096750461998 2202.555867793153,40.28385435114122,-118.44505470314337
2217.050772015385,17.999825795963055,-17.31503528453139 2225.19216040242,67.19607903291327,-50.683380502376956
2225.19216040242,67.19607903291327,-50.683380502376956 2256.592619702037,83.93626276546502,-2.3741949951311057
2256.592619702037,83.93626276546502,-2.3741949951311057 2296.936004014658,121.36925315053853,-26.273621202367867
2217.050772015385,17.999825795963055,-17.31503528453139 2240.2661825781506,65.8561702968033,-45.07859059394965
2240.2661825781506,65.8561702968033,-45.07859059394965 2279.8150598779666,80.71604472036137,-2.474947129567468
2279.8150598779666,80.71604472036137,-2.474947129567468 2228.7319480248716,105.02992853215967,-22.45870897238723
2217.050772015385,17.999825795963055,-17.31503528453139 2197.732350073721,-35.682923386820406,-35.888161404336955
2197.732350073721,-35.682923386820406,-35.888161404336955 2230.1408177455555,-76.61714801402712,-65.45301346439365
2230.1408177455555,-76.61714801402712,-65.45301346439365 2249.979052352221,-133.0495496377731,-60.78091600531409
2197.732350073721,-35.682923386820406,-35.888161404336955 2164.867607100471,-68.325058469888,-74.0247538913562
2218.2052492788166,-28.64659976895578,-55.0347670474258 2242.5369526237605,-32.156308833678864,-0.30223417515102824
2242.5369526237605,-32.156308833678864,-0.30223417515102824 2274.8256646151617,-68.51729197955322,34.84485649536947
2274.8256646151617,-68.51729197955322,34.84485649536947 2236.715423318672,-61.944005958149354,-11.028898737924294
2242.5369526237605,-32.156308833678864,-0.30223417515102824 2271.7538114896556,14.237282565866387,24.0700828066708
2218.2052492788166,-28.64659976895578,-55.0347670474258 2225.060116520713,-87.79722128696852,-62.39783496296073
2225.060116520713,-87.79722128696852,-62.39783496296073 2195.1793476260154,-41.37099929741017,-85.88709978836378
2225.060116520713,-87.79722128696852,-62.39783496296073 2213.983594741708,-40.876436089000954,-98.1154858051623
2218.2052492788166,-28.64659976895578,-55.0347670474258 2239.465798849836,0.5580183867481452,-7.127781019104681
2218.2052492788166,-28.64659976895578,-55.0347670474258 2194.96576566094,18.660309092327594,-83.70500902695372
2218.2052492788166,-28.64659976895578,-55.0347670474258 2260.1764600995275,11.253700556645342,-39.338159255604246
2260.1764600995275,11.253700556645342,-39.338159255604246 2267.831813892492,-30.472004130214998,-81.76882183220644
2260.1764600995275,11.253700556645342,-39.338159255604246 2296.992110800794,19.77168232840557,-85.94343631709478
2296.992110800794,19.77168232840557,-85.94343631709478 2247.5055918261146,44.4646873366211,-62.676723110607284
2218.2052492788166,-28.64659976895578,-55.0347670474258 2272.24939891422,-14.236615984708765,-33.3188222712044
2226.8228392904,16.170436072396726,-93.98563919154066 2251.724039867141,51.75039594011696,-52.585196372069014
2251.724039867141,51.75039594011696,-52.585196372069014 2208.9612914650866,17.725645139917994,-77.3574324860528
2208.9612914650866,17.725645139917994,-77.3574324860528 2262.378934011296,-9.540036452010927,-79.12889293803157
2251.724039867141,51.75039594011696,-52.585196372069014 2215.4898813289406,87.88699746947728,-83.90981584201288
2226.8228392904,16.170436072396726,-93.98563919154066 2252.3512283908217,-26.563846040252514,-60.48813954971686
2252.3512283908217,-26.563846040252514,-60.48813954971686 2218.272410730172,1.3081451826988229,-101.25315263839249
2218.272410730172,1.3081451826988229,-101.25315263839249 2187.102718878196,15.339231108391179,-150.56419539352686
2187.102718878196,15.339231108391179,-150.56419539352686 2206.840524753358,-34.723912991441935,-177.09908981716757
2218.272410730172,1.3081451826988229,-101.25315263839249 2239.97292314832,-50.03278801669095,-123.46117684149513
2239.97292314832,-50.03278801669095,-123.46117684149513 2238.702908393226,-103.36740944373147,-96.00566337414013
2252.3512283908217,-26.563846040252514,-60.48813954971686 2283.481935202298,-5.36808933358812,-13.780335158482686
2283.481935202298,-5.36808933358812,-13.780335158482686 2248.3495732932283,-11.264739925436144,-62.060213560233166
2248.3495732932283,-11.264739925436144,-62.060213560233166 2210.423799556651,21.85048646061886,-29.425608186760705
2210.423799556651,21.85048646061886,-29.425608186760705 2202.7464919831277,-5.942866141151679,-82.04298649065551
2202.7464919831277,-5.942866141151679,-82.04298649065551 2171.50641174875,33.279302239702005,-114.9926282861835
2248.3495732932283,-11.264739925436144,-62.060213560233166 2285.3225773201807,-15.362366283536712,-109.13681530093197
2285.3225773201807,-15.362366283536712,-109.13681530093197 2279.059255604373,11.10996443956726,-55.65797362339656
2248.3495732932283,-11.264739925436144,-62.060213560233166 2197.552300080141,-16.834261266505678,-93.50250142460996
2197.552300080141,-16.834261266505678,-93.50250142460996 2231.255318137974,16.119189946261585,-130.62630277847396
2248.3495732932283,-11.264739925436144,-62.060213560233166 2270.1031848469474,21.34035396831903,-16.632378078567207
2283.481935202298,-5.36808933358812,-13.780335158482686 2286.2347999267754,22.89862672139542,39.072427297945865
2226.8228392904,16.170436072396726,-93.98563919154066 2172.3182319531516,-7.003981068190264,-103.58741867278245
2172.3182319531516,-7.003981068190264,-103.58741867278245 2209.799237070982,7.503704470695769,-59.03743196501851
2226.8228392904,16.170436072396726,-93.98563919154066 2224.8262569095255,21.199661531556497,-153.74114563301697
2271.3312467470237,23.660531002852732,-54.452107302675266 2308.613770295609,47.22541176332127,-95.13023204551578
2308.613770295609,47.22541176332127,-95.13023204551578 2290.530410010267,91.57806605912663,-131.2665591652895
2308.613770295609,47.22541176332127,-95.13023204551578 2339.3066269491424,94.1843052481956,-73.85087883349642
2280.0,0.0,0.0 2304.953351806551,40.4659225435896,36.603816007551806
2304.953351806551,40.4659225435896,36.603816007551806 2251.6338965956843,65.15963235784243,24.46889154854327
2251.6338965956843,65.15963235784243,24.46889154854327 2228.8811660466895,108.29802884860456,-10.479527596972254
2228.8811660466895,108.29802884860456,-10.479527596972254 2261.328355719921,158.62619913627128,-6.703927273190034
2261.328355719921,158.62619913627128,-6.703927273190034 2288.618544750636,197.24239608158683,-43.63677059926587
2261.328355719921,158.62619913627128,-6.703927273190034 2296.3259203267976,195.26899945005664,25.42823195633511
2296.3259203267976,195.26899945005664,25.42823195633511 2331.0499142422595,176.1691533880943,-19.62107577384331
2331.0499142422595,176.1691533880943,-19.62107577384331 2378.412835928926,141.51124409248567,-32.09436614006431
2251.6338965956843,65.15963235784243,24.46889154854327 2245.6775705930913,121.84387732988466,5.722730541544038
2304.953351806551,40.4659225435896,36.603816007551806 2320.97967117635,94.90113372070763,17.11112836423884
2320.97967117635,94.90113372070763,17.11112836423884 2297.0039894639676,88.53265215315447,-37.520447935098076
2297.0039894639676,88.53265215315447,-37.520447935098076 2281.0458990413367,132.86746588366617,-74.66561776300392
2320.97967117635,94.90113372070763,17.11112836423884 2377.920439344059,113.70008045480651,19.196439410523677
2377.920439344059,113.70008045480651,19.196439410523677 2407.043461467739,138.68009542312174,65.3250469612227
2320.97967117635,94.90113372070763,17.11112836423884 2265.3943339537313,93.86698777262878,39.67660704309286
2304.953351806551,40.4659225435896,36.603816007551806 2294.3801978534584,67.24527100879338,89.24481629500262
2294.3801978534584,67.24527100879338,89.24481629500262 2333.6910343824993,109.76508496032557,104.95225252483091
2333.6910343824993,109.76508496032557,104.95225252483091 2351.3502520939055,69.14561548041213,145.42706850948403
2280.0,0.0,0.0 2314.2880343206607,-30.966210317310388,-38.280863639804345
2280.0,0.0,0.0 2295.197430836243,-6.883200872658147,57.633841115478795
2295.197430836243,-6.883200872658147,57.633841115478795 2276.9557155415573,-63.54699807899466,50.12025946177904
2276.9557155415573,-63.54699807899466,50.12025946177904 2258.1873191035656,-10.257073012528437,29.92295316720596
2276.9557155415573,-63.54699807899466,50.12025946177904 2270.419924339403,-72.70043991635035,-8.81612943245159
2270.419924339403,-72.70043991635035,-8.81612943245159 2251.535417123955,-118.8988164296298,-42.11906315858094
2251.535417123955,-118.8988164296298,-42.11906315858094 2246.302741543022,-70.24607630660081,-76.83980601909175
2246.302741543022,-70.24607630660081,-76.83980601909175 2289.1907209961746,-106.97576025206389,-97.12653901611128
2251.535417123955,-118.8988164296298,-42.11906315858094 2208.423029060865,-99.52125645845298,-79.0762297851091
2276.9557155415573,-63.54699807899466,50.12025946177904 2298.204466758081,-105.9590254163773,13.381853006525652
2298.204466758081,-105.9590254163773,13.381853006525652 2264.199144429809,-82.95944144750537,-30.37494292975328
2264.199144429809,-82.95944144750537,-30.37494292975328 2235.912762344319,-43.767528734012465,5.176070647522209
2264.199144429809,-82.95944144750537,-30.37494292975328 2269.5254456638822,-120.68936139747888,15.972480469314988
2264.199144429809,-82.95944144750537,-30.37494292975328 2258.362903481331,-41.657566863160824,12.753857742307865
2298.204466758081,-105.9590254163773,13.381853006525652 2256.791640047814,-106.09742672802051,-30.034257240044433
2256.791640047814,-106.09742672802051,-30.034257240044433 2311.6598187179843,-130.20459625519678,-32.91997150279047
2311.6598187179843,-130.20459625519678,-32.91997150279047 2319.2613211191315,-162.05761007656494,-83.19524049004784
2276.9557155415573,-63.54699807899466,50.12025946177904 2277.12522285031,-44.91250816302693,-6.912424613617382
2277.12522285031,-44.91250816302693,-6.912424613617382 2296.476641541501,-101.5302217050204,-11.379762513864875
2277.12522285031,-44.91250816302693,-6.912424613617382 2307.924014559962,-94.75206711316582,6.0279305932967535
2276.9557155415573,-63.54699807899466,50.12025946177904 2237.2116842748483,-48.30192958907364,7.8355120295373695
2237.2116842748483,-48.30192958907364,7.8355120295373695 2277.931505710203,-5.00236181913214,16.023526026169932
2237.2116842748483,-48.30192958907364,7.8355120295373695 2294.9725239594236,-64.02431345050044,11.89655187749887
2237.2116842748483,-48.30192958907364,7.8355120295373695 2259.8109373584925,-93.88309094635736,-23.970642868259773
2259.8109373584925,-93.88309094635736,-23.970642868259773 2285.666582117697,-135.79183658674145,-58.25099690574618
2237.2116842748483,-48.30192958907364,7.8355120295373695 2273.3846405894374,-30.202521116118522,-36.48072251709299
2273.3846405894374,-30.202521116118522,-36.48072251709299 2252.9591927323745,-78.75392535963029,-7.7481238559639785
2237.2116842748483,-48.30192958907364,7.8355120295373695 2212.010962934075,-9.431702113639176,-30.29622094855675
2237.2116842748483,-48.30192958907364,7.8355120295373695 2287.3991118817985,-16.181010860943935,0.8021138282384719
2237.2116842748483,-48.30192958907364,7.8355120295373695 2238.854314918699,-76.07367298303352,-45.324924701437
2237.2116842748483,-48.30192958907364,7.8355120295373695 2288.0503989835065,-79.26055584284082,0.2864361091883856
2237.2116842748483,-48.30192958907364,7.8355120295373695 2252.196178451927,-103.99588204074888,-8.706815332948
2252.196178451927,-103.99588204074888,-8.706815332948 2277.0811311864804,-155.54382725792834,-26.694268495797562
2277.0811311864804,-155.54382725792834,-26.694268495797562 2275.2794196987434,-140.59669534898978,31.386167826700454
2237.2116842748483,-48.30192958907364,7.8355120295373695 2253.9568257447104,-7.48888980427774,-32.83260841730617
2253.9568257447104,-7.48888980427774,-32.83260841730617 2295.3984492263207,10.267949099036297,-72.42157803474115
2295.3984492263207,10.267949099036297,-72.42157803474115 2315.8149973780087,10.40178420520698,-128.84095989713097
2315.8149973780087,10.40178420520698,-128.84095989713097 2341.03147004129,52.83419096706753,-162.95283998043925
2295.3984492263207,10.267949099036297,-72.42157803474115 2278.6136538516907,24.21462676345063,-16.530963202224584
2253.9568257447104,-7.48888980427774,-32.83260841730617 2261.2412558765604,11.076795140543123,-89.42105617993565
2237.2116842748483,-48.30192958907364,7.8355120295373695 2276.4368383723104,-81.52528991196327,38.78055387610439
2237.2116842748483,-48.30192958907364,7.8355120295373695 2270.4365247085643,-9.0826684013903,38.78643334129137
2276.9557155415573,-63.54699807899466,50.12025946177904 2245.490536498124,-94.44435191544409,9.43492999684873
2245.490536498124,-94.44435191544409,9.43492999684873 2287.666482476677,-66.90972113645759,-23.169267412059746
2287.666482476677,-66.90972113645759,-23.169267412059746 2311.0442027570175,-30.740908795324877,-64.94604575034347
2311.0442027570175,-30.740908795324877,-64.94604575034347 2356.2456208835088,-36.5596750123932,-25.920749350889892
2245.490536498124,-94.44435191544409,9.43492999684873 2276.900551122524,-48.799030208593564,-13.584965475831133
2276.900551122524,-48.799030208593564,-13.584965475831133 2285.824686169485,-52.641543845129334,-72.7930299824221
2245.490536498124,-94.44435191544409,9.43492999684873 2304.0591582755724,-107.46145553363735,8.913819180008304
2276.9557155415573,-63.54699807899466,50.12025946177904 2320.5937072659517,-97.14937231705082,26.3167697212536
2276.9557155415573,-63.54699807899466,50.12025946177904 2259.7083658577612,-100.35766111885036,5.98972563936686
2276.9557155415573,-63.54699807899466,50.12025946177904 2262.8861334770913,-15.30009170154463,17.344004557705105
2276.9557155415573,-63.54699807899466,50.12025946177904 2291.244157322386,-13.737176635978777,80.3662859659457
2291.244157322386,-13.737176635978777,80.3662859659457 2292.4847017512984,-49.684336698803726,32.34272161533198
2291.244157322386,-13.737176635978777,80.3662859659457 2281.9510761885967,31.049214607166903,41.53565627163485
2281.9510761885967,31.049214607166903,41.53565627163485 2305.897778516717,-23.952495424679853,42.704989919929474
2291.244157322386,-13.737176635978777,80.3662859659457 2344.6556223635066,-39.95671984072696,72.63641169170882
2344.6556223635066,-39.95671984072696,72.63641169170882 2353.3237793418552,-84.41512089851445,33.2877950707445
2291.244157322386,-13.737176635978777,80.3662859659457 2320.4778051822777,29.464384617934236,50.71803242499935
2320.4778051822777,29.464384617934236,50.71803242499935 2284.0360945137886,-8.563806389366647,21.980280037828056
2284.0360945137886,-8.563806389366647,21.980280037828056 2231.113072239185,-10.655511180628118,-6.2115358736737605
2291.244157322386,-13.737176635978777,80.3662859659457 2299.646468420542,-70.48934181299481,62.79947305265697
2291.244157322386,-13.737176635978777,80.3662859659457 2331.0343907523834,19.077986988276642,111.02411302364297
2291.244157322386,-13.737176635978777,80.3662859659457 2324.398147359878,-62.05528965095887,67.47547919268675
2291.244157322386,-13.737176635978777,80.3662859659457 2301.0019504481397,-46.58653572767696,31.11483846864204
2291.244157322386,-13.737176635978777,80.3662859659457 2288.6841266623046,-63.62436174035227,47.129032689216885
2288.6841266623046,-63.62436174035227,47.129032689216885 2270.3585580035096,-115.48475793955336,23.156697813496297
2291.244157322386,-13.737176635978777,80.3662859659457 2324.287790875582,25.507264599287986,111.47885760079764
2291.244157322386,-13.737176635978777,80.3662859659457 2323.125391402753,7.948581021170735,34.395481879566994
2291.244157322386,-13.737176635978777,80.3662859659457 2320.318129432414,20.34253799568063,120.28216246101931
2291.244157322386,-13.737176635978777,80.3662859659457 2329.1612797342473,16.78144662679877,45.282023651503735
2329.1612797342473,16.78144662679877,45.282023651503735 2299.4317724641446,27.050183332947185,96.37712560792139
2291.244157322386,-13.737176635978777,80.3662859659457 2264.066900303218,-48.90401910761492,40.05884383066218
2264.066900303218,-48.90401910761492,40.05884383066218 2304.931381271809,-5.360980976376553,34.2194923710256
2291.244157322386,-13.737176635978777,80.3662859659457 2308.1945195354465,-66.39825933818396,57.13924161076464
2291.244157322386,-13.737176635978777,80.3662859659457 2323.4670231014984,-9.848030027467987,130.82975254959223
2323.4670231014984,-9.848030027467987,130.82975254959223 2362.26662091708,34.950262368206424,121.46470007879692
2323.4670231014984,-9.848030027467987,130.82975254959223 2369.9054009232023,23.088049991086613,149.76891035293815
2323.4670231014984,-9.848030027467987,130.82975254959223 2349.5144581841682,-63.464761754398374,137.6691388185845
2323.4670231014984,-9.848030027467987,130.82975254959223 2341.3487661381387,19.14444313817222,180.22286710730367
2341.3487661381387,19.14444313817222,180.22286710730367 2385.4789825130883,56.45706687783586,196.3564380809723
2341.3487661381387,19.14444313817222,180.22286710730367 2382.9430007713154,32.91011755307174,221.21586471888634
2382.9430007713154,32.91011755307174,221.21586471888634 2418.674507737498,-8.77096135070132,197.0095211010845
2341.3487661381387,19.14444313817222,180.22286710730367 2388.5606958712174,45.66400901983273,206.06365494991994
2341.3487661381387,19.14444313817222,180.22286710730367 2373.4793678913106,-11.561408665363928,220.53136616145272
2341.3487661381387,19.14444313817222,180.22286710730367 2380.2144750246007,46.03299328480551,217.1885612542393
2341.3487661381387,19.14444313817222,180.22286710730367 2373.00959066264,2.9399322283536478,228.54476707618207
2373.00959066264,2.9399322283536478,228.54476707618207 2357.9463712048496,47.10913359810329,190.83295102438012
2373.00959066264,2.9399322283536478,228.54476707618207 2400.5448176478358,41.32852310876631,265.532972832748
2341.3487661381387,19.14444313817222,180.22286710730367 2366.767613005596,-17.378411880682613,220.4716346064516
2366.767613005596,-17.378411880682613,220.4716346064516 2397.3488909087027,33.895015202754024,226.4567091199792
2366.767613005596,-17.378411880682613,220.4716346064516 2347.133609819345,-44.082801243969946,170.45782143832542
2366.767613005596,-17.378411880682613,220.4716346064516 2420.957495218039,-42.3153758166268,214.02147992156438
2420.957495218039,-42.3153758166268,214.02147992156438 2381.9050547904676,-10.696344325565452,246.81086454857814
2420.957495218039,-42.3153758166268,214.02147992156438 2405.836578883277,-89.65601315974783,180.40270622078486
2405.836578883277,-89.65601315974783,180.40270622078486 2388.203120997588,-111.67902127054823,233.35597124519347
2366.767613005596,-17.378411880682613,220.4716346064516 2390.529612243716,-72.26878474536574,225.20601513442304
2366.767613005596,-17.378411880682613,220.4716346064516 2411.487747184994,-40.40663479516705,187.7636761196021
2366.767613005596,-17.378411880682613,220.4716346064516 2364.5819457109565,-69.53687559136702,250.04725838378488
2364.5819457109565,-69.53687559136702,250.04725838378488 2393.5936123713273,-115.58995757573325,275.29476989143205
2364.5819457109565,-69.53687559136702,250.04725838378488 2388.7128118397277,-122.51367193653178,235.51590094966144
2364.5819457109565,-69.53687559136702,250.04725838378488 2378.4202291733704,-43.705372830112154,197.69045007856857
2364.5819457109565,-69.53687559136702,250.04725838378488 2423.9216080853093,-65.24771866838881,242.27502561656138
2364.5819457109565,-69.53687559136702,250.04725838378488 2373.1494640263163,-87.56045199222362,193.46326485523952
2364.5819457109565,-69.53687559136702,250.04725838378488 2390.2676833008327,-107.70483671740533,288.56283481651195
2390.2676833008327,-107.70483671740533,288.56283481651195 2384.7568330720933,-150.54977818438488,330.2034582562192
2384.7568330720933,-150.54977818438488,330.2034582562192 2395.5990192690087,-195.74973667927938,368.1430253403496
2395.5990192690087,-195.74973667927938,368.1430253403496 2438.870835435787,-158.53591219919355,349.6313751385465
2395.5990192690087,-195.74973667927938,368.1430253403496 2393.9299174571083,-174.14972115651537,312.1907829495583
2395.5990192690087,-195.74973667927938,368.1430253403496 2375.67556780206,-248.63653975387103,388.2935127337974
2375.67556780206,-248.63653975387103,388.2935127337974 2411.9247924648002,-277.8086406535875,426.1746721728503
2375.67556780206,-248.63653975387103,388.2935127337974 2427.4527243724197,-224.99389540735368,369.3158567723102
2375.67556780206,-248.63653975387103,388.2935127337974 2412.5689608916505,-284.09364582025273,419.6251449245134
2375.67556780206,-248.63653975387103,388.2935127337974 2415.3957949232927,-208.89807332783022,409.3448272662467
2375.67556780206,-248.63653975387103,388.2935127337974 2415.016300547121,-287.57365235256333,365.13734704173083
2375.67556780206,-248.63653975387103,388.2935127337974 2387.620587279375,-201.64369178126745,352.9524778153016
2375.67556780206,-248.63653975387103,388.2935127337974 2408.7457747318767,-212.5750918313437,423.020064352839
2375.67556780206,-248.63653975387103,388.2935127337974 2406.5171356747755,-217.7315940699027,429.44788095180843
2375.67556780206,-248.63653975387103,388.2935127337974 2418.77136110329,-280.9144547986188,361.81920820843334
2375.67556780206,-248.63653975387103,388.2935127337974 2400.4377077900904,-210.3335509988997,349.3099588212855
2375.67556780206,-248.63653975387103,388.2935127337974 2415.2377010235655,-206.13652977111178,373.1744265699714
2375.67556780206,-248.63653975387103,388.2935127337974 2397.2803510195495,-293.20573297193437,354.4287765320164
2375.67556780206,-248.63653975387103,388.2935127337974 2364.268288074624,-303.25315632238846,366.2277210229257
2375.67556780206,-248.63653975387103,388.2935127337974 2396.5472906376176,-288.09072963327475,428.39012215199665
2375.67556780206,-248.63653975387103,388.2935127337974 2385.0684164289796,-205.93384246844943,347.20514407280746
2375.67556780206,-248.63653975387103,388.2935127337974 2375.84173108757,-277.6093149241364,440.8344557087365
2375.84173108757,-277.6093149241364,440.8344557087365 2387.4680598487294,-332.8497530087672,461.16478968915897
2375.84173108757,-277.6093149241364,440.8344557087365 2404.779327528279,-317.3568322887206,406.4433176701843
2375.84173108757,-277.6093149241364,440.8344557087365 2406.1415331409753,-231.82640722566188,465.03873958984786
2375.84173108757,-277.6093149241364,440.8344557087365 2388.534938644199,-232.23242597899952,403.6885214549711
2375.84173108757,-277.6093149241364,440.8344557087365 2355.2116776826906,-329.0188661854751,417.78106256109754
2355.2116776826906,-329.0188661854751,417.78106256109754 2340.1587549445953,-368.94361053246126,375.5978395231559
2375.84173108757,-277.6093149241364,440.8344557087365 2394.218358817539,-334.6534240428723,443.71007183817784
2375.84173108757,-277.6093149241364,440.8344557087365 2379.4547501386587,-328.71155737238774,472.06756170376383
2379.4547501386587,-328.71155737238774,472.06756170376383 2363.3224158015782,-328.12985213875567,529.8551850141044
2363.3224158015782,-328.12985213875567,529.8551850141044 2321.6873018441497,-354.6419685479815,563.9671326168962
2321.6873018441497,-354.6419685479815,563.9671326168962 2264.3578500724057,-344.0334613789719,578.1372961726331
2264.3578500724057,-344.0334613789719,578.1372961726331 2207.0283983006616,-333.42495420996227,592.3074597283701
2207.0283983006616,-333.42495420996227,592.3074597283701 2149.6989465289175,-322.81644704095265,606.477623284107
2149.6989465289175,-322.81644704095265,606.477623284107 2092.3694947571735,-312.20793987194304,620.647786839844
2092.3694947571735,-312.20793987194304,620.647786839844 2035.0400429854294,-301.5994327029335,634.817950395581
2035.0400429854294,-301.5994327029335,634.817950395581 1977.7105912136853,-290.9909255339239,648.9881139513179
1977.7105912136853,-290.9909255339239,648.9881139513179 1920.3811394419413,-280.3824183649144,663.1582775070549
2375.67556780206,-248.63653975387103,388.2935127337974 2413.0255804718336,-206.47988119115894,408.976662696863
2375.67556780206,-248.63653975387103,388.2935127337974 2403.1400730957316,-248.62336701470218,334.94840259750833
2375.67556780206,-248.63653975387103,388.2935127337974 2384.038093848411,-288.1086781297839,432.70092709397926
2375.67556780206,-248.63653975387103,388.2935127337974 2406.456239300687,-299.92535290756825,383.6022541202947
2375.67556780206,-248.63653975387103,388.2935127337974 2378.981719558767,-196.5715211096408,358.65733224208117
2395.5990192690087,-195.74973667927938,368.1430253403496 2383.6433792252865,-138.46217304860036,354.9067976146777
2395.5990192690087,-195.74973667927938,368.1430253403496 2396.0727510003503,-170.4037360732302,313.76144912629644
2395.5990192690087,-195.74973667927938,368.1430253403496 2422.46053187685,-151.71133632181864,398.78741201025673
2395.5990192690087,-195.74973667927938,368.1430253403496 2421.306414925003,-202.63566852525676,421.917682486618
2395.5990192690087,-195.74973667927938,368.1430253403496 2437.393844237181,-161.67604937569638,341.8337790680312
2395.5990192690087,-195.74973667927938,368.1430253403496 2407.284706102482,-246.16761794822037,337.7871038161896
2384.7568330720933,-150.54977818438488,330.2034582562192 2400.8412642066723,-97.97585146035271,306.17694573581633
2400.8412642066723,-97.97585146035271,306.17694573581633 2391.3525952311006,-59.35696972376102,261.2487014513223
2384.7568330720933,-150.54977818438488,330.2034582562192 2418.137767697118,-104.72581147144109,349.8472175260445
2384.7568330720933,-150.54977818438488,330.2034582562192 2422.5665997910196,-113.7124248558899,301.6827475285396
2390.2676833008327,-107.70483671740533,288.56283481651195 2399.0738448384163,-87.9958299477025,344.54503351507856
2364.5819457109565,-69.53687559136702,250.04725838378488 2411.260591054999,-92.73079194423329,279.76503611128845
2364.5819457109565,-69.53687559136702,250.04725838378488 2401.675408891549,-47.03488898951676,208.6016845761977
2401.675408891549,-47.03488898951676,208.6016845761977 2437.5610905441754,-85.6161807214188,179.90147933957553
2364.5819457109565,-69.53687559136702,250.04725838378488 2404.216602768917,-52.51471929695213,291.7526555763114
2364.5819457109565,-69.53687559136702,250.04725838378488 2355.8785969189817,-122.99958138165113,224.24046064778602
2364.5819457109565,-69.53687559136702,250.04725838378488 2386.0899406908234,-66.71257787533503,305.98856239394576
2386.0899406908234,-66.71257787533503,305.98856239394576 2436.879255948482,-78.52718309153265,335.6678575210804
2436.879255948482,-78.52718309153265,335.6678575210804 2401.0035677709166,-75.01270441915668,287.70345991777975
2386.0899406908234,-66.71257787533503,305.98856239394576 2409.3306723723226,-87.41861760518526,254.69403725125218
2386.0899406908234,-66.71257787533503,305.98856239394576 2410.3072430061698,-30.41795097294638,264.8033426351109
2410.3072430061698,-30.41795097294638,264.8033426351109 2458.7043479069534,-38.02719079383189,230.16492889298368
2386.0899406908234,-66.71257787533503,305.98856239394576 2373.213073055192,-30.9877231130759,259.53513375719257
2386.0899406908234,-66.71257787533503,305.98856239394576 2424.231587360377,-98.77394657338661,272.5627725522306
2386.0899406908234,-66.71257787533503,305.98856239394576 2431.1672418566677,-71.04659430514286,266.62800826687663
2386.0899406908234,-66.71257787533503,305.98856239394576 2410.983556236893,-112.41075321235444,276.12244989312785
2386.0899406908234,-66.71257787533503,305.98856239394576 2412.5049656022657,-83.63368359924596,254.8424712431245
2386.0899406908234,-66.71257787533503,305.98856239394576 2398.560666141979,-8.276134707706028,311.434948043013
2386.0899406908234,-66.71257787533503,305.98856239394576 2398.4294932791245,-32.23021271348612,258.4627595625841
2386.0899406908234,-66.71257787533503,305.98856239394576 2423.236285141475,-32.401815461507134,273.6942799814908
2423.236285141475,-32.401815461507134,273.6942799814908 2430.439273408229,-54.38914597212049,329.0537801331907
2386.0899406908234,-66.71257787533503,305.98856239394576 2438.3815693913302,-47.006202291674114,284.1426399093259
2386.0899406908234,-66.71257787533503,305.98856239394576 2368.636687613279,-64.8521528673504,248.61328221335881
2368.636687613279,-64.8521528673504,248.61328221335881 2387.3119624125193,-105.04298691862616,289.0599257012389
2386.0899406908234,-66.71257787533503,305.98856239394576 2419.4644642424246,-108.4876580155206,333.2095810557204
2386.0899406908234,-66.71257787533503,305.98856239394576 2364.725364750448,-112.3668505365223,273.442559833479
2386.0899406908234,-66.71257787533503,305.98856239394576 2414.9295715272083,-117.01051437840624,290.5485728617582
2414.9295715272083,-117.01051437840624,290.5485728617582 2429.6186355472146,-166.82026199245377,260.49494677702364
2386.0899406908234,-66.71257787533503,305.98856239394576 2430.090610212441,-106.9232513281938,312.84733940715734
2386.0899406908234,-66.71257787533503,305.98856239394576 2363.919482954805,-56.09993689169013,251.25427099332848
2386.0899406908234,-66.71257787533503,305.98856239394576 2421.159848460541,-39.79458514267692,346.55361183639155
2386.0899406908234,-66.71257787533503,305.98856239394576 2367.623099707614,-58.41581061512198,249.50724302965756
2386.0899406908234,-66.71257787533503,305.98856239394576 2438.0078985770915,-38.36476037115053,316.03480008121676
2386.0899406908234,-66.71257787533503,305.98856239394576 2431.9318192206606,-34.2510847727053,284.8989052510814
2364.5819457109565,-69.53687559136702,250.04725838378488 2402.6122256708636,-23.83053687307393,242.00807887715993
2364.5819457109565,-69.53687559136702,250.04725838378488 2416.140611972862,-58.81997625219282,278.8022927577415
2364.5819457109565,-69.53687559136702,250.04725838378488 2408.713632953443,-89.88457620568643,214.8568440520182
2364.5819457109565,-69.53687559136702,250.04725838378488 2397.4423323582805,-119.71956550201,251.42298463584757
2364.5819457109565,-69.53687559136702,250.04725838378488 2411.100786364754,-103.57097420742485,233.38359745291478
2364.5819457109565,-69.53687559136702,250.04725838378488 2406.274279443901,-26.747123226329563,255.59580778336237
2366.767613005596,-17.378411880682613,220.4716346064516 2409.1040605121066,24.859742154183195,225.32586536481574
2366.767613005596,-17.378411880682613,220.4716346064516 2344.665881828123,-69.07552587180899,199.52117198752123
2366.767613005596,-17.378411880682613,220.4716346064516 2394.8975418298905,16.440356899164414,261.2760214117374
2394.8975418298905,16.440356899164414,261.2760214117374 2362.257729728,45.62649769715247,220.2539316152231
2366.767613005596,-17.378411880682613,220.4716346064516 2349.3374994016876,18.083236851673576,175.32008303911527
2366.767613005596,-17.378411880682613,220.4716346064516 2337.78667605424,-56.52988136907642,185.43925343815403
2366.767613005596,-17.378411880682613,220.4716346064516 2416.712657954675,-50.62092331028187,219.81747951210804
2341.3487661381387,19.14444313817222,180.22286710730367 2400.502623094897,23.623175728941288,171.23609006991452
2400.502623094897,23.623175728941288,171.23609006991452 2374.8012084653856,64.97249189095339,206.30275998560387
2341.3487661381387,19.14444313817222,180.22286710730367 2366.2465882531865,-30.825844559311136,158.24404090210854
2366.2465882531865,-30.825844559311136,158.24404090210854 2358.9323165809274,27.354796983720483,145.53521013190593
2323.4670231014984,-9.848030027467987,130.82975254959223 2331.075453605985,27.352425346625523,84.37291338442218
2323.4670231014984,-9.848030027467987,130.82975254959223 2333.024571585876,49.34249255269419,133.09587338840086
2323.4670231014984,-9.848030027467987,130.82975254959223 2374.300854170195,-8.696823814373733,98.97702357491671
2374.300854170195,-8.696823814373733,98.97702357491671 2356.0079032165295,-14.597037651617548,42.139048399145565
2356.0079032165295,-14.597037651617548,42.139048399145565 2311.43702748967,8.018609907532994,8.94312210658444
2374.300854170195,-8.696823814373733,98.97702357491671 2380.976110980564,-14.332132381683977,39.61639483947607
2380.976110980564,-14.332132381683977,39.61639483947607 2422.5218226848715,-25.2197614054087,81.51404839220271
2323.4670231014984,-9.848030027467987,130.82975254959223 2296.789947861852,-37.631889293431094,84.82550469194985
2296.789947861852,-37.631889293431094,84.82550469194985 2325.8803018559024,-48.94815871859029,33.58398489795806
2323.4670231014984,-9.848030027467987,130.82975254959223 2359.061583451087,-57.0170840937636,120.43227150799488
2323.4670231014984,-9.848030027467987,130.82975254959223 2365.234314078639,10.181420862048698,92.69427691999884
2291.244157322386,-13.737176635978777,80.3662859659457 2295.2761818501867,-63.14577323352513,46.564904922145956
2276.9557155415573,-63.54699807899466,50.12025946177904 2302.9403499321775,-19.387932509244543,81.34165763021983
2276.9557155415573,-63.54699807899466,50.12025946177904 2273.4872842307714,-74.35474952787908,-8.796312849086917
2276.9557155415573,-63.54699807899466,50.12025946177904 2302.0260813484806,-31.918097701812258,94.51721227655361
2276.9557155415573,-63.54699807899466,50.12025946177904 2246.6352196258713,-24.52732399571974,16.088912708206962
2276.9557155415573,-63.54699807899466,50.12025946177904 2303.7934472934458,-22.609836529557093,15.42321407331795
2303.7934472934458,-22.609836529557093,15.42321407331795 2333.092707279971,14.625074356346865,-21.388669545437374
2333.092707279971,14.625074356346865,-21.388669545437374 2284.0871980120965,38.477586313303995,3.701522457404529
2303.7934472934458,-22.609836529557093,15.42321407331795 2256.6158580230826,-0.5905783292628684,-14.400054341557233
2303.7934472934458,-22.609836529557093,15.42321407331795 2312.4893663868593,9.964408353092239,-34.20842464077248
2276.9557155415573,-63.54699807899466,50.12025946177904 2324.9774384753514,-69.5729775880785,14.657579114320704
2324.9774384753514,-69.5729775880785,14.657579114320704 2296.3214977892317,-37.05943450713017,-26.83587313681049
2276.9557155415573,-63.54699807899466,50.12025946177904 2309.5766036292302,-43.197451265363725,96.18297328599209
2276.9557155415573,-63.54699807899466,50.12025946177904 2333.4044560658613,-81.90658166918855,41.37581073047039
2295.197430836243,-6.883200872658147,57.633841115478795 2272.3023285343343,27.935125821232557,14.46558406446222
2295.197430836243,-6.883200872658147,57.633841115478795 2270.407277399275,37.974695566224526,26.43740831219098
2295.197430836243,-6.883200872658147,57.633841115478795 2334.6869415731426,-50.36705472714749,69.87038457029819
2334.6869415731426,-50.36705472714749,69.87038457029819 2351.8008213679623,-5.82139242726447,106.24068960934409
2334.6869415731426,-50.36705472714749,69.87038457029819 2304.487990763858,-9.364542883353664,101.60077052001434
2295.197430836243,-6.883200872658147,57.633841115478795 2350.177038115636,2.155601733294846,79.89463245034094
2295.197430836243,-6.883200872658147,57.633841115478795 2331.394425989273,15.523131637351504,99.91544237823163
2331.394425989273,15.523131637351504,99.91544237823163 2367.870283883951,-32.06266630055098,97.65632187229134
2295.197430836243,-6.883200872658147,57.633841115478795 2263.3958997943037,28.65964960080724,21.228231608021417
2263.3958997943037,28.65964960080724,21.228231608021417 2261.0662004866354,2.993051918884138,-32.954775548929085
2295.197430836243,-6.883200872658147,57.633841115478795 2332.833931305957,35.12282752023202,37.1646591325824
2295.197430836243,-6.883200872658147,57.633841115478795 2341.422064662281,-3.615865870462265,95.74693269346682
2341.422064662281,-3.615865870462265,95.74693269346682 2331.6299065565668,55.52108014879195,93.11344543348062
2295.197430836243,-6.883200872658147,57.633841115478795 2305.4597535529047,-14.636419991646312,-0.971383274092851
2305.4597535529047,-14.636419991646312,-0.971383274092851 2273.8414570405075,19.645227459663808,36.778477304168966
2295.197430836243,-6.883200872658147,57.633841115478795 2352.6577434150904,10.386857761246379,57.393938796525624
2352.6577434150904,10.386857761246379,57.393938796525624 2321.2970265891868,16.77217861258344,6.642257860905858
2280.0,0.0,0.0 2244.1322576275606,-34.041682636087906,-33.98041936775067
2244.1322576275606,-34.041682636087906,-33.98041936775067 2202.1396005513993,-62.31069526377258,-66.19035070483528
2202.1396005513993,-62.31069526377258,-66.19035070483528 2258.144425384208,-82.62169629585475,-73.32637428391659
2280.0,0.0,0.0 2297.9038253452977,-8.65307462959938,-56.6089863666508
2297.9038253452977,-8.65307462959938,-56.6089863666508 2276.0033145961584,-55.83292356980336,-86.516000308306
2276.0033145961584,-55.83292356980336,-86.516000308306 2239.7674727835333,-11.71757526079736,-68.05523619341912
2280.0,0.0,0.0 2261.9732658813796,47.4676079486831,31.966592759421232
2261.9732658813796,47.4676079486831,31.966592759421232 2281.0484115395466,63.87911489985096,-22.501758213519786
2280.0,0.0,0.0 2299.2372128837105,-38.89163803862925,41.44116469332216
