起始树
1200.0,0.0,280.0 1258.6140010437757,0.0,267.17818727167406
1258.6140010437757,0.0,267.17818727167406 1317.2280020875514,0.0,254.35637454334812
1317.2280020875514,0.0,254.35637454334812 1375.8420031313271,0.0,241.5345618150222
1375.8420031313271,0.0,241.5345618150222 1434.4560041751029,0.0,228.71274908669625
1434.4560041751029,0.0,228.71274908669625 1493.0700052188786,0.0,215.8909363583703
1493.0700052188786,0.0,215.8909363583703 1551.6840062626543,0.0,203.06912363004437
1551.6840062626543,0.0,203.06912363004437 1611.4565481502318,0.0,197.84961826096918
1611.4565481502318,0.0,197.84961826096918 1653.5761780440573,0.0,240.58059973351635
1653.5761780440573,0.0,240.58059973351635 1711.184783801759,0.0,223.81013335199614
1711.184783801759,0.0,223.81013335199614 1768.7933895594608,0.0,207.03966697047593
1768.7933895594608,0.0,207.03966697047593 1771.73887252567,57.89675202187362,191.57065810069236
1771.73887252567,57.89675202187362,191.57065810069236 1733.812510686683,77.30837648287698,233.81731374872209
1733.812510686683,77.30837648287698,233.81731374872209 1790.7896730878242,71.40528646204723,215.963560840161
1790.7896730878242,71.40528646204723,215.963560840161 1756.6648364894647,120.69106269273581,213.43219984777832
1790.7896730878242,71.40528646204723,215.963560840161 1779.6503225706908,59.350027825173335,273.6747868646921
1779.6503225706908,59.350027825173335,273.6747868646921 1816.519727499872,20.817712990158476,246.18101132142843
1816.519727499872,20.817712990158476,246.18101132142843 1844.4087625856494,-20.544517232510792,279.51819226090174
1779.6503225706908,59.350027825173335,273.6747868646921 1776.9073279941892,74.06075153073286,215.57082324075358
1790.7896730878242,71.40528646204723,215.963560840161 1752.074672098773,114.28449962047213,199.7610370450198
1752.074672098773,114.28449962047213,199.7610370450198 1717.0153118497817,126.4819589413936,152.62227120366666
1752.074672098773,114.28449962047213,199.7610370450198 1798.8674998783213,97.06295238744775,233.13542212241464
1790.7896730878242,71.40528646204723,215.963560840161 1752.4413101672458,25.355002609076074,213.0013963659298
1752.4413101672458,25.355002609076074,213.0013963659298 1777.292005996092,-6.360307400130015,257.46016409336596
1777.292005996092,-6.360307400130015,257.46016409336596 1825.4612985138835,-38.837386577266145,272.4587835784205
1790.7896730878242,71.40528646204723,215.963560840161 1828.9331153593264,42.513701963975755,252.1623751421705
1828.9331153593264,42.513701963975755,252.1623751421705 1856.94493365667,90.04490226234653,228.5801141421569
1828.9331153593264,42.513701963975755,252.1623751421705 1859.9132362229118,2.6033341116476265,219.79889805503575
1859.9132362229118,2.6033341116476265,219.79889805503575 1817.5176127947152,-15.912519666719135,258.0058905170536
1859.9132362229118,2.6033341116476265,219.79889805503575 1807.3118216871687,-1.1476653743186294,191.18035176604323
1807.3118216871687,-1.1476653743186294,191.18035176604323 1757.9156661134277,-34.53403935973327,197.91606602963867
1807.3118216871687,-1.1476653743186294,191.18035176604323 1785.606000117847,45.46700916053839,222.09846018182637
1859.9132362229118,2.6033341116476265,219.79889805503575 1807.2931655029327,17.789479598131436,244.30418611063175
1807.2931655029327,17.789479598131436,244.30418611063175 1775.649680089693,49.03399105154001,204.02428622322012
1807.2931655029327,17.789479598131436,244.30418611063175 1790.6392196908437,-37.042470446292675,226.52489075862803
1859.9132362229118,2.6033341116476265,219.79889805503575 1858.5572944217831,-34.676959294643666,266.7918884405474
1858.5572944217831,-34.676959294643666,266.7918884405474 1816.9398605006804,-5.003410504799774,235.3678578900371
1858.5572944217831,-34.676959294643666,266.7918884405474 1802.159610711077,-33.82767739249337,246.332660881379
1859.9132362229118,2.6033341116476265,219.79889805503575 1816.6116591160462,6.058357854192671,261.18773992088927
1816.6116591160462,6.058357854192671,261.18773992088927 1788.6006901767391,-27.29263926926817,302.456331003601
1788.6006901767391,-27.29263926926817,302.456331003601 1832.2966133555883,-30.10244819070057,261.4347358204155
1788.6006901767391,-27.29263926926817,302.456331003601 1818.933123359586,9.479053344953101,266.01753135963145
1788.6006901767391,-27.29263926926817,302.456331003601 1794.7139914718564,-39.59097009202855,244.0493228089583
1859.9132362229118,2.6033341116476265,219.79889805503575 1813.1569850046337,0.06748347137723032,257.314527245328
1813.1569850046337,0.06748347137723032,257.314527245328 1866.347452773243,24.186616219466128,271.06376628014743
1859.9132362229118,2.6033341116476265,219.79889805503575 1837.1634822634335,-34.361913736436264,261.22375950698176
1837.1634822634335,-34.361913736436264,261.22375950698176 1835.2519061980677,21.689779486919193,282.5440213191915
1859.9132362229118,2.6033341116476265,219.79889805503575 1888.6190525125814,-22.69168674050404,266.01727136298496
1859.9132362229118,2.6033341116476265,219.79889805503575 1881.6808100908654,-16.819187851222825,272.2292172272952
1881.6808100908654,-16.819187851222825,272.2292172272952 1823.1220710871096,-29.863032431962395,273.0849069160881
1828.9331153593264,42.513701963975755,252.1623751421705 1863.3727250772333,91.58681340201127,249.76591603164948
1863.3727250772333,91.58681340201127,249.76591603164948 1897.2938838033563,45.905406574113165,268.8070310436765
1897.2938838033563,45.905406574113165,268.8070310436765 1934.3738547591145,18.500409101231092,307.2002839331031
1934.3738547591145,18.500409101231092,307.2002839331031 1961.8981235705155,-34.62930631350105,302.76768127244134
1961.8981235705155,-34.62930631350105,302.76768127244134 1934.227119430598,-10.536606196211189,350.24248860166597
1934.227119430598,-10.536606196211189,350.24248860166597 1959.2400171961049,-5.026298906288951,404.5010497597259
1959.2400171961049,-5.026298906288951,404.5010497597259 2017.4083602207604,-7.679392338343957,418.97188128409937
1961.8981235705155,-34.62930631350105,302.76768127244134 1950.290158820027,20.280757475232654,323.9841854394481
1950.290158820027,20.280757475232654,323.9841854394481 1906.2982140114016,48.88365208293477,294.88808240114525
1961.8981235705155,-34.62930631350105,302.76768127244134 1940.6344408106681,-77.96629300798176,338.4013925544699
1940.6344408106681,-77.96629300798176,338.4013925544699 1895.7863342038065,-38.61393051447924,344.7290224393116
1895.7863342038065,-38.61393051447924,344.7290224393116 1953.0703433740484,-38.30897348975695,326.8838747908135
1940.6344408106681,-77.96629300798176,338.4013925544699 1943.6811452101078,-136.53351911892256,325.7286810067242
1943.6811452101078,-136.53351911892256,325.7286810067242 1914.371622109985,-85.10499559215435,335.52964134232514
1943.6811452101078,-136.53351911892256,325.7286810067242 1922.2248538221345,-137.15677224303178,381.75759421604556
1943.6811452101078,-136.53351911892256,325.7286810067242 1915.2397728103072,-174.3429373755668,288.8296806529206
1915.2397728103072,-174.3429373755668,288.8296806529206 1953.1089945481963,-199.27800846717741,328.1255363456386
1953.1089945481963,-199.27800846717741,328.1255363456386 1908.6572299618617,-188.92467326967412,367.07228300629356
1953.1089945481963,-199.27800846717741,328.1255363456386 1899.4795015420584,-188.46295393475665,352.7611218951108
1953.1089945481963,-199.27800846717741,328.1255363456386 1940.3422197763657,-244.56139084470038,365.36026129932117
1915.2397728103072,-174.3429373755668,288.8296806529206 1881.8194927304921,-124.51265139635441,288.6639138992559
1915.2397728103072,-174.3429373755668,288.8296806529206 1962.2904707569946,-146.55805117335638,313.6133833920151
1915.2397728103072,-174.3429373755668,288.8296806529206 1886.5146752698422,-216.6180514414985,320.2571129693419
1886.5146752698422,-216.6180514414985,320.2571129693419 1906.7217726711751,-238.88131077312465,268.3338956331077
1906.7217726711751,-238.88131077312465,268.3338956331077 1948.3115489343318,-227.48238377628115,310.05145756691695
1906.7217726711751,-238.88131077312465,268.3338956331077 1935.5165059221956,-237.892208224037,320.96359269807255
1906.7217726711751,-238.88131077312465,268.3338956331077 1859.7468411898917,-248.9804863848393,304.26942769112065
1906.7217726711751,-238.88131077312465,268.3338956331077 1917.2141556772126,-278.8367421107431,224.81983577333972
1886.5146752698422,-216.6180514414985,320.2571129693419 1881.3434166032039,-263.75383341675007,283.49468457588205
1886.5146752698422,-216.6180514414985,320.2571129693419 1925.5320171882079,-246.58550980658282,285.9118299051089
1915.2397728103072,-174.3429373755668,288.8296806529206 1953.512689805409,-167.40927112547212,334.51455886243696
1915.2397728103072,-174.3429373755668,288.8296806529206 1902.9438441705554,-143.48131200353174,338.79336965085486
1961.8981235705155,-34.62930631350105,302.76768127244134 2000.5598020862756,-14.156796275486276,343.8304496531461
2000.5598020862756,-14.156796275486276,343.8304496531461 1962.6254781723128,27.2651097224724,322.73038394976913
1962.6254781723128,27.2651097224724,322.73038394976913 1953.8006611538462,44.38028791391605,379.5563751867525
1953.8006611538462,44.38028791391605,379.5563751867525 1986.6165488958954,-4.874519709113734,389.40936649495734
1953.8006611538462,44.38028791391605,379.5563751867525 1959.1570837920262,2.916785606610894,336.5204981429035
2000.5598020862756,-14.156796275486276,343.8304496531461 1964.0097230964413,-61.44115838627812,349.1484215985764
2000.5598020862756,-14.156796275486276,343.8304496531461 1948.8759030860788,-43.98149362879407,350.09639027854706
1948.8759030860788,-43.98149362879407,350.09639027854706 1974.9941987994268,-81.63400754460206,388.8278093701578
2000.5598020862756,-14.156796275486276,343.8304496531461 1963.5630095727493,-61.018996058616196,349.7610124592463
1963.5630095727493,-61.018996058616196,349.7610124592463 1914.83954150255,-72.41811159514383,316.65385576772155
1963.5630095727493,-61.018996058616196,349.7610124592463 1961.5704529512282,-32.298553443542716,402.40287692189906
2000.5598020862756,-14.156796275486276,343.8304496531461 1958.7493216060557,-3.4483726010298827,302.1505578056197
2000.5598020862756,-14.156796275486276,343.8304496531461 1971.7793118557029,17.289226761397924,386.0540333150246
1971.7793118557029,17.289226761397924,386.0540333150246 2022.7690661689164,42.45946626180164,405.1983274668195
2000.5598020862756,-14.156796275486276,343.8304496531461 2028.859176511827,-0.292246452160283,394.88845260389775
2028.859176511827,-0.292246452160283,394.88845260389775 2053.4775300421434,37.2511270186355,434.693374132381
2000.5598020862756,-14.156796275486276,343.8304496531461 1953.82955832638,-44.80491609493872,321.9906449453829
2000.5598020862756,-14.156796275486276,343.8304496531461 1951.29624505465,-47.19511966244211,352.8621237156164
2000.5598020862756,-14.156796275486276,343.8304496531461 2000.4344243847765,11.265755053482295,398.178201808667
2000.5598020862756,-14.156796275486276,343.8304496531461 1990.856483796065,-55.77878238361329,385.9428692769785
2000.5598020862756,-14.156796275486276,343.8304496531461 1954.4390017914318,24.06853862933424,347.2503256125121
2000.5598020862756,-14.156796275486276,343.8304496531461 1959.5882692303267,-27.68350878452194,302.1367865359312
1959.5882692303267,-27.68350878452194,302.1367865359312 1908.6278594535452,-47.91864477597386,277.77337325310157
2000.5598020862756,-14.156796275486276,343.8304496531461 1959.6132419488724,-48.85352129958217,370.65425410956715
2000.5598020862756,-14.156796275486276,343.8304496531461 1942.9917040579353,0.1866127506630857,352.7848176882439
2000.5598020862756,-14.156796275486276,343.8304496531461 1953.2720781059138,1.2474943268624372,377.3949992821148
1953.2720781059138,1.2474943268624372,377.3949992821148 1909.6444500386679,-38.736733219815406,387.2890185221175
2000.5598020862756,-14.156796275486276,343.8304496531461 1960.832863430951,23.991535629272217,320.0297118923021
2000.5598020862756,-14.156796275486276,343.8304496531461 1959.5825347415255,29.264917046533835,349.781783380739
2000.5598020862756,-14.156796275486276,343.8304496531461 2027.2648284545837,28.805666151405834,376.0960410608027
2027.2648284545837,28.805666151405834,376.0960410608027 2034.2365253445994,60.3385336858566,426.66355738826854
2034.2365253445994,60.3385336858566,426.66355738826854 2009.3432777219687,50.172625100744476,373.0260655990588
2027.2648284545837,28.805666151405834,376.0960410608027 2013.4223706659545,78.61956420294759,406.54209044788445
2027.2648284545837,28.805666151405834,376.0960410608027 2036.7748425524112,-25.218343147373208,400.4058343784054
2027.2648284545837,28.805666151405834,376.0960410608027 1968.8696221759099,37.08843926345641,387.11400608368297
2027.2648284545837,28.805666151405834,376.0960410608027 2013.767987614639,71.6321786037057,415.8920850666358
2027.2648284545837,28.805666151405834,376.0960410608027 2057.9368977919466,37.655528826872924,426.8986403367194
2027.2648284545837,28.805666151405834,376.0960410608027 1968.4595188712487,23.936694837112974,386.9693424522254
2027.2648284545837,28.805666151405834,376.0960410608027 2033.4230252698023,-8.8963300168292,422.3630497918134
2027.2648284545837,28.805666151405834,376.0960410608027 2039.9980569223126,49.50348924313741,430.9546321113574
2039.9980569223126,49.50348924313741,430.9546321113574 2049.021457452312,1.8825223361211414,466.32159061383635
2027.2648284545837,28.805666151405834,376.0960410608027 1987.869109671059,50.23737467324183,336.2380530111719
2027.2648284545837,28.805666151405834,376.0960410608027 2035.2378309269438,35.68487412834022,435.1647106681827
2027.2648284545837,28.805666151405834,376.0960410608027 1983.334237963258,-7.273429630870812,356.9022382427903
2027.2648284545837,28.805666151405834,376.0960410608027 2041.962654216929,63.29754873304387,422.9392257714331
2027.2648284545837,28.805666151405834,376.0960410608027 1975.6891130920037,57.36288353305472,364.9411802254815
1975.6891130920037,57.36288353305472,364.9411802254815 1954.359663075784,96.62139736256982,324.89341307295035
2027.2648284545837,28.805666151405834,376.0960410608027 1996.4579052356983,-15.057709060607163,349.1342570546234
2027.2648284545837,28.805666151405834,376.0960410608027 1971.62705981308,6.753364125288147,371.8375582390221
1971.62705981308,6.753364125288147,371.8375582390221 2023.9872049358419,-3.1400574946126714,399.4153647394346
2027.2648284545837,28.805666151405834,376.0960410608027 1988.9786570011343,72.87319954727924,389.9604406453736
1988.9786570011343,72.87319954727924,389.9604406453736 2018.3036549803055,96.86136382704774,436.48583659219423
2027.2648284545837,28.805666151405834,376.0960410608027 2009.074641194032,-8.13121848085066,419.73986812820635
2027.2648284545837,28.805666151405834,376.0960410608027 1974.3038506844869,56.30542578845963,382.3328714689168
2027.2648284545837,28.805666151405834,376.0960410608027 1973.3620741828054,2.8361667729091558,380.5769097206216
2027.2648284545837,28.805666151405834,376.0960410608027 2044.727498003057,-8.288840958670992,419.90303496019374
2027.2648284545837,28.805666151405834,376.0960410608027 1982.7773014421393,38.23177501912241,336.9551620219896
2027.2648284545837,28.805666151405834,376.0960410608027 1980.5035898867966,43.134777505011364,410.85324370172987
2027.2648284545837,28.805666151405834,376.0960410608027 1993.0185088144735,5.325306617722035,419.40726717224356
2027.2648284545837,28.805666151405834,376.0960410608027 2006.1572913029595,65.54940613067157,418.5739111548753
2027.2648284545837,28.805666151405834,376.0960410608027 1991.9275398933487,14.27258441223166,422.3568838147181
2027.2648284545837,28.805666151405834,376.0960410608027 2034.2481105102515,-10.407473148257427,420.96878866997184
2027.2648284545837,28.805666151405834,376.0960410608027 2056.3518877725587,17.634921449530914,427.37135132839774
2027.2648284545837,28.805666151405834,376.0960410608027 1973.9991338502944,4.081123498481453,388.4030621839784
1973.9991338502944,4.081123498481453,388.4030621839784 1959.7124348697043,50.14444303041709,424.09705083664664
1973.9991338502944,4.081123498481453,388.4030621839784 1931.3246256606362,46.16178239548023,385.55622225780786
2027.2648284545837,28.805666151405834,376.0960410608027 2057.7232812992756,13.530222578275872,425.48170167146776
2027.2648284545837,28.805666151405834,376.0960410608027 1987.1882706833846,-5.3103472347865015,347.28689064214416
2027.2648284545837,28.805666151405834,376.0960410608027 1977.0700157224571,17.519145035923483,406.9682812758651
2027.2648284545837,28.805666151405834,376.0960410608027 1986.478024804433,-12.169545094807471,360.0502094733698
2027.2648284545837,28.805666151405834,376.0960410608027 1993.6716405655684,30.025593863715773,425.79523123358166
2027.2648284545837,28.805666151405834,376.0960410608027 2028.7451317263792,-28.60429922545229,393.47144257131356
2027.2648284545837,28.805666151405834,376.0960410608027 2031.4763998529522,10.663862424894408,433.1323244592253
2027.2648284545837,28.805666151405834,376.0960410608027 1994.4317241789943,57.172535740219445,417.536455795208
1994.4317241789943,57.172535740219445,417.536455795208 1989.6182661650755,54.278120041586,477.27298548778174
2027.2648284545837,28.805666151405834,376.0960410608027 2012.7349905443762,86.71986488162693,370.1943975829612
2027.2648284545837,28.805666151405834,376.0960410608027 2044.9259712832818,65.51419377551018,420.14791994984324
2027.2648284545837,28.805666151405834,376.0960410608027 1971.5336808094419,43.63149449467383,392.65605302007856
2027.2648284545837,28.805666151405834,376.0960410608027 1989.3267096739423,64.4425161514103,346.25120791563114
2027.2648284545837,28.805666151405834,376.0960410608027 2037.0658514652623,70.63050993916629,417.9842540815748
2037.0658514652623,70.63050993916629,417.9842540815748 2015.6961277980597,53.71858969433252,471.43817689384167
2027.2648284545837,28.805666151405834,376.0960410608027 1998.8284049885428,81.63676688118743,375.6014542234657
2027.2648284545837,28.805666151405834,376.0960410608027 1982.833991618283,37.40012456325293,415.49192945836353
2027.2648284545837,28.805666151405834,376.0960410608027 1980.1165879466218,-8.00038428094663,371.367609124683
2027.2648284545837,28.805666151405834,376.0960410608027 2021.2111455240304,-14.02213386203388,417.678879696292
2027.2648284545837,28.805666151405834,376.0960410608027 1996.44074872908,48.97258542448208,423.45817230622936
2027.2648284545837,28.805666151405834,376.0960410608027 1995.2067902507918,-7.753082095410345,411.24913641740153
2027.2648284545837,28.805666151405834,376.0960410608027 2053.9364660203596,-3.5409210309399235,419.01832020828977
2027.2648284545837,28.805666151405834,376.0960410608027 2018.5049547374838,85.49097350567835,393.70400921763775
2027.2648284545837,28.805666151405834,376.0960410608027 1994.4794044151952,7.957659756198197,421.81777112324534
2027.2648284545837,28.805666151405834,376.0960410608027 1988.084429599133,15.429427543538047,332.6682551831738
2027.2648284545837,28.805666151405834,376.0960410608027 1990.102257619325,67.2945878287978,403.25384356811117
2027.2648284545837,28.805666151405834,376.0960410608027 2030.2325140450073,-27.9392540604825,395.36277073614764
2027.2648284545837,28.805666151405834,376.0960410608027 1990.7437259719447,-13.935635863959508,397.0576768625216
2027.2648284545837,28.805666151405834,376.0960410608027 2032.1992306686411,1.613389325897181,429.35232478239567
2027.2648284545837,28.805666151405834,376.0960410608027 2003.6485070055332,83.40576918359712,383.91256906812276
2003.6485070055332,83.40576918359712,383.91256906812276 1961.1318727505834,47.0245609766795,405.56305407506284
1961.1318727505834,47.0245609766795,405.56305407506284 1930.306069538618,90.47724967878256,377.96534219716784
2027.2648284545837,28.805666151405834,376.0960410608027 1995.5275823232046,-21.64389975104444,382.99448351186214
2027.2648284545837,28.805666151405834,376.0960410608027 2005.0415337947197,-26.483097182052294,383.1158575482698
2027.2648284545837,28.805666151405834,376.0960410608027 2047.0171587110272,51.14677584476357,428.16061891475005
2027.2648284545837,28.805666151405834,376.0960410608027 2036.1441431982187,-18.507373364575738,411.90992190947134
2027.2648284545837,28.805666151405834,376.0960410608027 1997.9330460581643,-2.3430433956984658,418.1603303689467
2027.2648284545837,28.805666151405834,376.0960410608027 2028.6613061846529,36.7553992564009,435.5506589933802
2027.2648284545837,28.805666151405834,376.0960410608027 1974.3740968509762,1.5633988283301896,368.32240732018727
2027.2648284545837,28.805666151405834,376.0960410608027 1992.1262970552339,59.99477487272803,338.7795151203236
2027.2648284545837,28.805666151405834,376.0960410608027 2018.5418822136537,33.940423325153176,435.23608229890544
2027.2648284545837,28.805666151405834,376.0960410608027 2033.0524691564171,64.75963964239638,423.7805773940379
2027.2648284545837,28.805666151405834,376.0960410608027 1998.6512919863717,78.56844481430616,393.5583258634707
2000.5598020862756,-14.156796275486276,343.8304496531461 2002.5616966460586,-66.24247518098858,373.5470186193714
2000.5598020862756,-14.156796275486276,343.8304496531461 1959.043377910792,27.026182960644316,330.4010511216493
1959.043377910792,27.026182960644316,330.4010511216493 1911.5811179176337,42.18606550425517,296.9718447654438
2000.5598020862756,-14.156796275486276,343.8304496531461 1979.2426219511722,-67.02366607923274,362.5566854799553
2000.5598020862756,-14.156796275486276,343.8304496531461 1944.7078837603524,7.635698990594598,346.2075002189223
2000.5598020862756,-14.156796275486276,343.8304496531461 1952.5807258493514,19.712614621263565,331.547483848482
1952.5807258493514,19.712614621263565,331.547483848482 1978.2162327484436,60.933598651234476,366.8129238943326
2000.5598020862756,-14.156796275486276,343.8304496531461 2003.2152041652903,10.189336113392788,398.6046650971115
2000.5598020862756,-14.156796275486276,343.8304496531461 1962.714130453423,-46.86599043692016,310.697177011164
2000.5598020862756,-14.156796275486276,343.8304496531461 1997.6162260619662,-41.471198968144535,397.171416702239
2000.5598020862756,-14.156796275486276,343.8304496531461 2026.6411031966577,21.672054996945672,384.27867765991465
2000.5598020862756,-14.156796275486276,343.8304496531461 1966.9921361458826,-62.70677744613373,333.0549621168924
2000.5598020862756,-14.156796275486276,343.8304496531461 1987.6409716774663,-16.492911476247816,402.37655444789056
1987.6409716774663,-16.492911476247816,402.37655444789056 1942.800571560835,-32.13149372775498,439.04770472359434
2000.5598020862756,-14.156796275486276,343.8304496531461 1956.1329773101113,-43.40052327099599,371.5984469111425
1956.1329773101113,-43.40052327099599,371.5984469111425 1908.3353610098482,-77.24480102475034,358.5618545903119
2000.5598020862756,-14.156796275486276,343.8304496531461 2018.491416288927,24.14784103417575,386.3887857656226
2000.5598020862756,-14.156796275486276,343.8304496531461 2026.291505240866,-41.4644512671123,390.6510800592221
2000.5598020862756,-14.156796275486276,343.8304496531461 1991.8759071267584,-49.3180798506863,391.66635777326485
2000.5598020862756,-14.156796275486276,343.8304496531461 1957.7514081645263,-41.96663289923098,312.3018214432006
2000.5598020862756,-14.156796275486276,343.8304496531461 2022.8282086307495,-44.88427137794967,390.30560800465173
2000.5598020862756,-14.156796275486276,343.8304496531461 1964.438376188,11.664057671710133,303.47544881665823
2000.5598020862756,-14.156796275486276,343.8304496531461 1981.6946650093582,0.8160667558400423,398.7842482089717
1961.8981235705155,-34.62930631350105,302.76768127244134 1988.512595583444,-75.60348395910957,337.59276771510736
1961.8981235705155,-34.62930631350105,302.76768127244134 1927.6247247466883,-56.369741851081514,346.95690615474933
1927.6247247466883,-56.369741851081514,346.95690615474933 1945.473480384838,-49.83736882568801,290.046889243605
1961.8981235705155,-34.62930631350105,302.76768127244134 1924.9270635556982,12.62493727927935,302.34674914613726
1961.8981235705155,-34.62930631350105,302.76768127244134 1986.8436103642205,-72.71167175692955,341.85036453316764
1961.8981235705155,-34.62930631350105,302.76768127244134 1963.9365713400432,21.738872841230346,323.2242965709459
1961.8981235705155,-34.62930631350105,302.76768127244134 1930.1596213105256,-85.30452652310842,297.7988251666138
1961.8981235705155,-34.62930631350105,302.76768127244134 1908.6699697214904,-29.471161598998844,329.9735111794441
1961.8981235705155,-34.62930631350105,302.76768127244134 1967.7735797330265,9.562035304379314,342.9249264580141
1961.8981235705155,-34.62930631350105,302.76768127244134 1919.0353911471843,-22.027415003342803,262.7179808414409
1961.8981235705155,-34.62930631350105,302.76768127244134 1932.0395597940208,-72.31977918819186,338.65492724767864
1961.8981235705155,-34.62930631350105,302.76768127244134 1978.9398361724545,-83.66323916981739,332.8551115421598
1978.9398361724545,-83.66323916981739,332.8551115421598 1938.6214517117917,-68.98333894864783,290.9155311439406
1961.8981235705155,-34.62930631350105,302.76768127244134 1913.5073429774886,-24.493949304819402,268.77346276540555
1961.8981235705155,-34.62930631350105,302.76768127244134 1941.7888893787083,-23.013696922683543,358.09124152211257
1961.8981235705155,-34.62930631350105,302.76768127244134 1924.916204809353,-76.35629626358373,280.60473935471583
1924.916204809353,-76.35629626358373,280.60473935471583 1874.7732932234148,-45.206860138661774,291.3472272781057
1961.8981235705155,-34.62930631350105,302.76768127244134 1933.9671593049643,4.524269465970775,338.64049463963704
1961.8981235705155,-34.62930631350105,302.76768127244134 1913.8411062622356,-62.512992705749426,325.4176949724468
1913.8411062622356,-62.512992705749426,325.4176949724468 1961.5371474780832,-30.64262260315781,343.0065312574319
1934.3738547591145,18.500409101231092,307.2002839331031 1900.8858957183265,50.73352901155681,345.1421154667689
1900.8858957183265,50.73352901155681,345.1421154667689 1922.5788089674272,50.805719830664835,289.20096510987486
1900.8858957183265,50.73352901155681,345.1421154667689 1896.2954087264975,1.9610118530462088,379.785570825619
1934.3738547591145,18.500409101231092,307.2002839331031 1964.9296330299135,-1.8967491595866157,354.63761468799396
1964.9296330299135,-1.8967491595866157,354.63761468799396 1927.7069851818394,32.000626308813395,387.27873022549636
1934.3738547591145,18.500409101231092,307.2002839331031 1974.9086769769183,-7.829105604234595,342.74862908650925
1934.3738547591145,18.500409101231092,307.2002839331031 1936.9955509894512,-31.587241544421794,340.129814170792
1936.9955509894512,-31.587241544421794,340.129814170792 1921.6361602743325,-14.350448453828449,284.7494739694859
1934.3738547591145,18.500409101231092,307.2002839331031 1902.7381224110684,20.677690098890306,256.26463937784075
1897.2938838033563,45.905406574113165,268.8070310436765 1851.1971606243956,7.613194258137817,271.77327245504733
1897.2938838033563,45.905406574113165,268.8070310436765 1918.7054396601623,85.79760376847639,308.17907542540644
1897.2938838033563,45.905406574113165,268.8070310436765 1873.4532896925232,94.05840053934497,242.10655830204027
1863.3727250772333,91.58681340201127,249.76591603164948 1832.1798206154915,126.06533106485037,211.84185334034575
1828.9331153593264,42.513701963975755,252.1623751421705 1853.77634318511,-11.916297006507037,256.6556193230998
1853.77634318511,-11.916297006507037,256.6556193230998 1869.318214821537,23.30333497976713,302.677654792951
1869.318214821537,23.30333497976713,302.677654792951 1856.5047773792776,0.8591961832450323,248.5290033360979
1869.318214821537,23.30333497976713,302.677654792951 1896.0686781080929,29.66665231739878,356.0060797313946
1828.9331153593264,42.513701963975755,252.1623751421705 1826.318841314192,91.63141593496576,217.80228571445
1828.9331153593264,42.513701963975755,252.1623751421705 1787.0105573400438,84.36443302346117,242.62217394374176
1787.0105573400438,84.36443302346117,242.62217394374176 1734.5297600473598,55.69660861459368,237.73118639657318
1828.9331153593264,42.513701963975755,252.1623751421705 1784.075822451245,36.01822313594272,212.84784821187222
1828.9331153593264,42.513701963975755,252.1623751421705 1849.2045629841602,2.6871242787789953,292.1987601073319
1849.2045629841602,2.6871242787789953,292.1987601073319 1875.436623848516,28.218895956470384,339.73829752417015
1875.436623848516,28.218895956470384,339.73829752417015 1856.0821263970436,84.50343994675512,347.31810861724136
1875.436623848516,28.218895956470384,339.73829752417015 1921.19202214291,1.2255472347805352,311.8491840260575
1849.2045629841602,2.6871242787789953,292.1987601073319 1888.6930970803255,15.897760414874565,335.3975421250656
1888.6930970803255,15.897760414874565,335.3975421250656 1859.456017070037,-31.567077844537398,357.5849773414182
1849.2045629841602,2.6871242787789953,292.1987601073319 1889.442862962211,9.03932838449218,248.14732746461567
1828.9331153593264,42.513701963975755,252.1623751421705 1811.9252396248264,-8.70074977785255,278.38854710423436
1811.9252396248264,-8.70074977785255,278.38854710423436 1818.915210625984,0.16206723040329862,337.3172394372664
1828.9331153593264,42.513701963975755,252.1623751421705 1771.5178289356588,59.783990755550036,254.44754689585292
1771.5178289356588,59.783990755550036,254.44754689585292 1740.3461976620467,110.0664271819181,264.44784642987776
1740.3461976620467,110.0664271819181,264.44784642987776 1744.145195998231,88.573420742569,208.55850678590122
1828.9331153593264,42.513701963975755,252.1623751421705 1872.7897925012662,54.79158514146178,291.22444696059387
1828.9331153593264,42.513701963975755,252.1623751421705 1844.6459929618081,-5.148583795776368,285.0472043739783
1790.7896730878242,71.40528646204723,215.963560840161 1756.245803297953,108.50122178875016,183.86040457512217
1756.245803297953,108.50122178875016,183.86040457512217 1723.1151653893498,65.4404840695147,209.3188746557111
1756.245803297953,108.50122178875016,183.86040457512217 1802.6770230929883,140.46584363340452,204.41289295666294
1790.7896730878242,71.40528646204723,215.963560840161 1818.0750868369498,40.92394842078611,259.8542686010686
1818.0750868369498,40.92394842078611,259.8542686010686 1778.5485926546269,34.428014948985776,215.1837066392494
1790.7896730878242,71.40528646204723,215.963560840161 1810.724249207077,80.87867904230382,271.7566384391433
1733.812510686683,77.30837648287698,233.81731374872209 1678.0661462560101,58.4354584429435,245.4858962427772
1678.0661462560101,58.4354584429435,245.4858962427772 1638.3414645136556,25.681386881234765,276.2936948755764
1638.3414645136556,25.681386881234765,276.2936948755764 1676.9308065039913,35.41724985656702,231.39296373588928
1676.9308065039913,35.41724985656702,231.39296373588928 1636.0668654403876,49.38758094948805,189.740014621757
1636.0668654403876,49.38758094948805,189.740014621757 1659.4133375777405,76.11348702565013,141.35956213164522
1676.9308065039913,35.41724985656702,231.39296373588928 1715.2435216497038,58.971684763715544,191.67741949476874
1678.0661462560101,58.4354584429435,245.4858962427772 1716.6014261391003,89.7611704395149,279.15683285344727
1678.0661462560101,58.4354584429435,245.4858962427772 1652.1830010453677,97.98548930032047,282.44341040681866
1652.1830010453677,97.98548930032047,282.44341040681866 1636.1989480988989,147.84489393436178,311.7444312242478
1636.1989480988989,147.84489393436178,311.7444312242478 1680.1370064474504,180.50892249332026,287.1983874114696
1733.812510686683,77.30837648287698,233.81731374872209 1767.840146516978,81.4066914620952,283.06489048232334
1771.73887252567,57.89675202187362,191.57065810069236 1761.1428735552388,99.02161386100374,233.9554495302969
1761.1428735552388,99.02161386100374,233.9554495302969 1737.0515370961577,65.08422176767189,190.73669289016658
1737.0515370961577,65.08422176767189,190.73669289016658 1733.1310778502475,112.09829325161888,227.80834084117464
1761.1428735552388,99.02161386100374,233.9554495302969 1720.199937997918,142.57082045166666,239.16530876762977
1761.1428735552388,99.02161386100374,233.9554495302969 1711.649496048117,129.9395995879848,220.00970675611222
1768.7933895594608,0.0,207.03966697047593 1803.0311157533547,49.20769063758913,209.5657879468488
1711.184783801759,0.0,223.81013335199614 1711.110210317485,32.272681963444214,274.39143857123526
1711.110210317485,32.272681963444214,274.39143857123526 1764.5642340084667,11.29627480561874,256.9943786474116
1711.110210317485,32.272681963444214,274.39143857123526 1739.4541709038492,79.24669115804673,250.1002393735005
1711.184783801759,0.0,223.81013335199614 1682.5797139199674,-36.01248461668114,185.2763698608561
1711.184783801759,0.0,223.81013335199614 1689.3866848767284,46.90558287096487,254.2191645563871
1689.3866848767284,46.90558287096487,254.2191645563871 1645.2212993477758,25.90111926612164,288.9787852354422
1711.184783801759,0.0,223.81013335199614 1709.438329512317,41.23047529012186,180.2555950722079
1711.184783801759,0.0,223.81013335199614 1725.7225812327727,-33.777959082361484,176.40019846398846
1711.184783801759,0.0,223.81013335199614 1753.9699888116138,-28.58502827682851,192.9504121821992
1653.5761780440573,0.0,240.58059973351635 1595.9111200532109,-6.030393920378973,256.02001151238215
1595.9111200532109,-6.030393920378973,256.02001151238215 1633.5520745951196,18.16737521168,295.9903318789434
1653.5761780440573,0.0,240.58059973351635 1693.6074760138767,-17.647793177294517,281.64214596381515
1693.6074760138767,-17.647793177294517,281.64214596381515 1725.5021685099503,26.82415023152874,257.0459096658908
1725.5021685099503,26.82415023152874,257.0459096658908 1742.185779135729,-13.400702741106109,215.77099791774395
1653.5761780440573,0.0,240.58059973351635 1625.8978552479432,-18.010119674556023,290.6759691452921
1653.5761780440573,0.0,240.58059973351635 1597.1653397402124,3.269032372724584,220.4031184931944
1611.4565481502318,0.0,197.84961826096918 1661.0210200162774,-9.96066355698774,165.53633445779494
1661.0210200162774,-9.96066355698774,165.53633445779494 1626.784932109391,25.453101255002785,199.7964504335616
1626.784932109391,25.453101255002785,199.7964504335616 1589.2234322917143,-19.424264913278883,186.56180887269454
1589.2234322917143,-19.424264913278883,186.56180887269454 1545.6857773307563,-57.526639127920454,170.66584461417963
1589.2234322917143,-19.424264913278883,186.56180887269454 1620.3203067250547,-1.5211287422448407,234.6498751232569
1661.0210200162774,-9.96066355698774,165.53633445779494 1677.7013212371521,-57.713658811385315,197.80735854155105
1551.6840062626543,0.0,203.06912363004437 1594.01444177704,34.83079262327143,178.67752437134294
1594.01444177704,34.83079262327143,178.67752437134294 1615.6694093378978,74.10722394644378,218.53256573945998
1615.6694093378978,74.10722394644378,218.53256573945998 1579.2290214786015,115.37365042876087,242.39006305253875
1579.2290214786015,115.37365042876087,242.39006305253875 1537.9077381716909,132.71407023561886,202.4919254169052
1537.9077381716909,132.71407023561886,202.4919254169052 1534.3587013383662,79.9040359255811,174.2341014785985
1534.3587013383662,79.9040359255811,174.2341014785985 1564.9182076323589,122.14097086738568,144.53295837283244
1534.3587013383662,79.9040359255811,174.2341014785985 1562.5905018249935,29.45392640720972,158.17944823202814
1534.3587013383662,79.9040359255811,174.2341014785985 1500.452573081866,121.30102945845428,147.0925578030261
1537.9077381716909,132.71407023561886,202.4919254169052 1505.1600998271585,111.35527125456598,156.97935694463928
1579.2290214786015,115.37365042876087,242.39006305253875 1523.282499246452,96.26465685146877,252.6288625227218
1615.6694093378978,74.10722394644378,218.53256573945998 1636.7782286388365,31.023015812338556,254.5626747758954
1636.7782286388365,31.023015812338556,254.5626747758954 1679.9765414800652,48.318236697988205,216.68417028868095
1636.7782286388365,31.023015812338556,254.5626747758954 1682.6554230638571,58.194597102089155,227.04925619689425
1615.6694093378978,74.10722394644378,218.53256573945998 1572.572547157827,40.91560869299836,193.21503925879387
1594.01444177704,34.83079262327143,178.67752437134294 1575.1579475933738,24.86396045572356,122.5963788441223
1551.6840062626543,0.0,203.06912363004437 1498.2315455852315,-26.41557285238789,209.78119919642208
1551.6840062626543,0.0,203.06912363004437 1580.8073928877486,43.69883961109013,232.090491070768
1493.0700052188786,0.0,215.8909363583703 1458.4063878235283,-32.65224118521281,179.39073396644565
1458.4063878235283,-32.65224118521281,179.39073396644565 1427.326116925741,-71.94641501227326,212.40564974960205
1458.4063878235283,-32.65224118521281,179.39073396644565 1493.9684308998408,15.587267911111319,182.27011834234438
1434.4560041751029,0.0,228.71274908669625 1376.739307544838,-3.1661015753413304,244.79872841356973
1258.6140010437757,0.0,267.17818727167406 1274.7610320087815,-53.33549600786316,289.4177523890579
1274.7610320087815,-53.33549600786316,289.4177523890579 1332.2909932441548,-70.30459720200105,287.8837494817717
1332.2909932441548,-70.30459720200105,287.8837494817717 1335.1443635065734,-45.90165652593025,233.14478014085594
1274.7610320087815,-53.33549600786316,289.4177523890579 1323.9462898450424,-31.02412180023392,263.2832351264858
1323.9462898450424,-31.02412180023392,263.2832351264858 1347.5093469373267,-83.3962868743111,280.65961754399046
1347.5093469373267,-83.3962868743111,280.65961754399046 1352.1933710198282,-73.41910615275258,339.6385611022122
1352.1933710198282,-73.41910615275258,339.6385611022122 1324.874133389501,-28.759066407286106,368.9496529486629
1258.6140010437757,0.0,267.17818727167406 1225.8576304993182,-49.20703929244582,256.8977459958391
1225.8576304993182,-49.20703929244582,256.8977459958391 1176.3677782875316,-18.278786217956032,242.96226287483384
1200.0,0.0,280.0 1219.6885978440698,43.238850555831924,243.35629770963473
1219.6885978440698,43.238850555831924,243.35629770963473 1162.1951114684841,47.62846110579629,259.9463653285444
1162.1951114684841,47.62846110579629,259.9463653285444 1124.5559434855666,56.15408768290557,305.88770537235894
1200.0,0.0,280.0 1218.111175247372,49.340030984677256,308.94039864255603
1218.111175247372,49.340030984677256,308.94039864255603 1163.8420714585502,57.48516431386669,333.1998540570498
目标树
2480.0,0.0,0.0 2489.81918960008,-16.202255777476164,-56.93039981696
2489.81918960008,-16.202255777476164,-56.93039981696 2486.8042976967135,-3.9605454358900705,-115.59087164189268
2486.8042976967135,-3.9605454358900705,-115.59087164189268 2485.3965927909494,11.059284423288393,-173.66343898568778
2485.3965927909494,11.059284423288393,-173.66343898568778 2477.6734052216916,-42.56467523930705,-199.4476070714414
2477.6734052216916,-42.56467523930705,-199.4476070714414 2473.716169624818,-102.43382207532241,-199.28778354855424
2473.716169624818,-102.43382207532241,-199.28778354855424 2469.1645981548245,-132.70891759512597,-250.88915744906498
2469.1645981548245,-132.70891759512597,-250.88915744906498 2452.208191902239,-146.55432217804895,-306.7531445868665
2452.208191902239,-146.55432217804895,-306.7531445868665 2446.9630341350435,-86.93047740721194,-310.9347058671015
2446.9630341350435,-86.93047740721194,-310.9347058671015 2430.758603952681,-125.71448751858674,-353.750789318834
2430.758603952681,-125.71448751858674,-353.750789318834 2442.613037706272,-144.33330871742007,-297.95821008514383
2442.613037706272,-144.33330871742007,-297.95821008514383 2457.0434373395424,-178.72052228278122,-250.9551983770166
2457.0434373395424,-178.72052228278122,-250.9551983770166 2475.4273854016274,-213.1898995450087,-205.41518866242833
2442.613037706272,-144.33330871742007,-297.95821008514383 2477.709942292912,-108.43743976764863,-265.0995144205692
2430.758603952681,-125.71448751858674,-353.750789318834 2412.2367769942357,-181.77829474621936,-364.41809662969075
2412.2367769942357,-181.77829474621936,-364.41809662969075 2442.9013649898397,-151.92477518928172,-322.3651488956329
2442.9013649898397,-151.92477518928172,-322.3651488956329 2451.584456611028,-107.74645826757981,-362.0247030265572
2451.584456611028,-107.74645826757981,-362.0247030265572 2457.7550758465027,-161.88761662624876,-336.9117894195636
2457.7550758465027,-161.88761662624876,-336.9117894195636 2416.355780370692,-148.8648938620731,-378.34253918243826
2416.355780370692,-148.8648938620731,-378.34253918243826 2423.9157420903703,-196.0450245311918,-414.63141142782337
2416.355780370692,-148.8648938620731,-378.34253918243826 2441.943288945516,-190.23026993439757,-343.2115689805142
2416.355780370692,-148.8648938620731,-378.34253918243826 2434.5395097876,-96.31590098566308,-355.8046747723462
2442.9013649898397,-151.92477518928172,-322.3651488956329 2455.5109026991763,-171.78319128975278,-267.1687462163154
2455.5109026991763,-171.78319128975278,-267.1687462163154 2471.1795662303284,-141.94545491073742,-217.5280122277458
2412.2367769942357,-181.77829474621936,-364.41809662969075 2450.976963604705,-227.57963408846925,-365.61611826642513
2450.976963604705,-227.57963408846925,-365.61611826642513 2408.776735251057,-229.67014011958082,-408.2162416398833
2408.776735251057,-229.67014011958082,-408.2162416398833 2425.1756792793653,-198.51427197908825,-359.6324324523706
2450.976963604705,-227.57963408846925,-365.61611826642513 2429.483811624312,-174.88787215117293,-346.5997400126407
2412.2367769942357,-181.77829474621936,-364.41809662969075 2451.804520867389,-138.4415152546064,-351.9154093951857
2412.2367769942357,-181.77829474621936,-364.41809662969075 2448.896175223382,-154.95950066587992,-325.2155354180404
2448.896175223382,-154.95950066587992,-325.2155354180404 2428.62821674086,-147.60729366823472,-381.2079894740516
2412.2367769942357,-181.77829474621936,-364.41809662969075 2428.7334404977228,-208.04550654074086,-415.7785257341528
2428.7334404977228,-208.04550654074086,-415.7785257341528 2390.4498175003246,-233.32109878073177,-454.45033261087883
2412.2367769942357,-181.77829474621936,-364.41809662969075 2427.7012338749432,-123.94941604620608,-368.5011545136648
2430.758603952681,-125.71448751858674,-353.750789318834 2426.8587863262824,-168.67869212238887,-395.450532066763
2426.8587863262824,-168.67869212238887,-395.450532066763 2442.250365210168,-113.00298055241113,-379.22356560233203
2426.8587863262824,-168.67869212238887,-395.450532066763 2378.7516356792335,-197.07475676025774,-417.344950755189
2378.7516356792335,-197.07475676025774,-417.344950755189 2415.756776365217,-232.67926534835584,-448.37620163250017
2415.756776365217,-232.67926534835584,-448.37620163250017 2412.751033894306,-234.939175777173,-508.2582383133971
2412.751033894306,-234.939175777173,-508.2582383133971 2410.0442164115266,-200.8039094247639,-458.98901130337583
2410.0442164115266,-200.8039094247639,-458.98901130337583 2401.259770768135,-259.7849785198224,-452.3507130920695
2401.259770768135,-259.7849785198224,-452.3507130920695 2405.458702132397,-319.6218697102889,-453.73470299755644
2401.259770768135,-259.7849785198224,-452.3507130920695 2380.2984416545196,-292.06783017418934,-498.3772290459503
2380.2984416545196,-292.06783017418934,-498.3772290459503 2355.307646790675,-237.7080070615427,-493.8528723806319
2410.0442164115266,-200.8039094247639,-458.98901130337583 2388.2993064778802,-203.42363646575618,-403.1294022624211
2410.0442164115266,-200.8039094247639,-458.98901130337583 2390.907827996011,-177.97614863629752,-406.90550166937487
2412.751033894306,-234.939175777173,-508.2582383133971 2379.6119861340794,-200.0343788443493,-544.0836296528335
2412.751033894306,-234.939175777173,-508.2582383133971 2390.384854989115,-256.01600264910036,-456.7264868373239
2412.751033894306,-234.939175777173,-508.2582383133971 2411.3435622377983,-206.281980446059,-455.5630375898919
2415.756776365217,-232.67926534835584,-448.37620163250017 2380.2218180246878,-277.8229052578869,-465.67702564338015
2380.2218180246878,-277.8229052578869,-465.67702564338015 2348.875382361628,-230.17330101728095,-484.3027118571894
2348.875382361628,-230.17330101728095,-484.3027118571894 2392.2641742418527,-264.7190151073097,-507.19389743558446
2392.2641742418527,-264.7190151073097,-507.19389743558446 2379.3540250356396,-279.06747274357014,-450.3832486896517
2348.875382361628,-230.17330101728095,-484.3027118571894 2358.824098911402,-188.44324320969034,-526.2505999373705
2358.824098911402,-188.44324320969034,-526.2505999373705 2324.419003464775,-201.74937182167105,-573.5711699748281
2380.2218180246878,-277.8229052578869,-465.67702564338015 2395.044445679083,-284.58171786145215,-523.4230918436768
2395.044445679083,-284.58171786145215,-523.4230918436768 2365.1309435579237,-248.9714098851448,-561.3320400839004
2365.1309435579237,-248.9714098851448,-561.3320400839004 2400.6755576223018,-218.01146415227444,-524.2097803031148
2365.1309435579237,-248.9714098851448,-561.3320400839004 2351.4977797656825,-303.744922179204,-540.985069892089
2351.4977797656825,-303.744922179204,-540.985069892089 2326.1420035424194,-356.997379426946,-551.9969003118334
2326.1420035424194,-356.997379426946,-551.9969003118334 2320.3799929886773,-416.5608981734336,-547.6395537665854
2351.4977797656825,-303.744922179204,-540.985069892089 2338.159109365667,-350.81809237279697,-575.715409940594
2338.159109365667,-350.81809237279697,-575.715409940594 2291.5131597432155,-321.8866504006696,-551.4847052617545
2338.159109365667,-350.81809237279697,-575.715409940594 2292.74598954279,-389.34222898497615,-583.0324753522996
2395.044445679083,-284.58171786145215,-523.4230918436768 2371.5706371088663,-229.76070241896792,-530.0288905890018
2380.2218180246878,-277.8229052578869,-465.67702564338015 2396.2360473896706,-224.28819085304409,-487.5306022714208
2380.2218180246878,-277.8229052578869,-465.67702564338015 2393.9804197460003,-229.29480163535277,-498.16893290464895
2415.756776365217,-232.67926534835584,-448.37620163250017 2395.1329914823837,-176.67494669389265,-442.1975456980781
2415.756776365217,-232.67926534835584,-448.37620163250017 2401.1958983914583,-234.0620463280943,-506.5661384720894
2401.1958983914583,-234.0620463280943,-506.5661384720894 2371.938279182662,-209.41299767836614,-460.3447568517136
2371.938279182662,-209.41299767836614,-460.3447568517136 2391.28980354291,-244.75646265885686,-504.8010048727461
2401.1958983914583,-234.0620463280943,-506.5661384720894 2362.1034822668157,-259.1933278722917,-544.5161277933538
2415.756776365217,-232.67926534835584,-448.37620163250017 2365.861817668337,-261.3990218628708,-465.27793770852645
2365.861817668337,-261.3990218628708,-465.27793770852645 2335.6993684393487,-211.98368167394136,-481.03708776559046
2335.6993684393487,-211.98368167394136,-481.03708776559046 2351.6447696249243,-267.07619327288853,-463.41439368236615
2415.756776365217,-232.67926534835584,-448.37620163250017 2388.021137340448,-239.0332240821266,-395.552328844742
2388.021137340448,-239.0332240821266,-395.552328844742 2427.410031454655,-232.94827226747287,-350.70270920451384
2388.021137340448,-239.0332240821266,-395.552328844742 2431.043209587165,-197.41862933118566,-399.71487653975015
2431.043209587165,-197.41862933118566,-399.71487653975015 2391.0034632475754,-177.8566354536786,-439.89132621611753
2378.7516356792335,-197.07475676025774,-417.344950755189 2360.779568710109,-244.85351069079323,-448.8758162952061
2430.758603952681,-125.71448751858674,-353.750789318834 2437.1020531957975,-72.70323959124333,-381.1290333254487
2430.758603952681,-125.71448751858674,-353.750789318834 2461.6723197497554,-166.86273792499492,-322.90984795659216
2461.6723197497554,-166.86273792499492,-322.90984795659216 2448.157901756573,-191.81747387580634,-270.0456666999905
2446.9630341350435,-86.93047740721194,-310.9347058671015 2470.7348895300956,-120.89119659441243,-267.5576561361108
2470.7348895300956,-120.89119659441243,-267.5576561361108 2462.105435657922,-120.49746148727661,-326.93254559734214
2462.105435657922,-120.49746148727661,-326.93254559734214 2459.1008727850067,-67.57332371700133,-298.82546031238917
2459.1008727850067,-67.57332371700133,-298.82546031238917 2468.074186138372,-32.18529143313954,-251.21068509987066
2468.074186138372,-32.18529143313954,-251.21068509987066 2479.094774540697,26.552428100368765,-256.54237669536496
2479.094774540697,26.552428100368765,-256.54237669536496 2470.4083811777814,76.8593993161656,-225.0184934092328
2468.074186138372,-32.18529143313954,-251.21068509987066 2473.394462008828,-91.55313421379857,-258.0775554374548
2473.394462008828,-91.55313421379857,-258.0775554374548 2479.2641971830076,-76.37897470737269,-200.32557631761387
2459.1008727850067,-67.57332371700133,-298.82546031238917 2427.9762393658925,-38.42763834230173,-341.03666994401186
2427.9762393658925,-38.42763834230173,-341.03666994401186 2451.936398780413,-59.748001301326795,-290.3281609526583
2462.105435657922,-120.49746148727661,-326.93254559734214 2459.6435994037943,-60.548690949319415,-326.642247052364
2462.105435657922,-120.49746148727661,-326.93254559734214 2425.787555113467,-85.8548157335988,-359.8095686977368
2425.787555113467,-85.8548157335988,-359.8095686977368 2425.7377161961776,-29.536137750220803,-380.5026599672136
2425.7377161961776,-29.536137750220803,-380.5026599672136 2456.9901589081987,-52.94933921380131,-334.94931956546435
2425.7377161961776,-29.536137750220803,-380.5026599672136 2451.0584056205616,-30.241787281944926,-326.111808293313
2451.0584056205616,-30.241787281944926,-326.111808293313 2418.276073904662,-67.57458654328562,-359.7507860807128
2462.105435657922,-120.49746148727661,-326.93254559734214 2446.724859126836,-70.88032620619177,-356.95882995072037
2446.9630341350435,-86.93047740721194,-310.9347058671015 2466.8087306657617,-33.93262268573537,-291.00042072486707
2466.8087306657617,-33.93262268573537,-291.00042072486707 2435.884244962449,-48.06844992162746,-340.4357782369012
2435.884244962449,-48.06844992162746,-340.4357782369012 2415.358774842472,-65.2341153179757,-394.1390836086802
2446.9630341350435,-86.93047740721194,-310.9347058671015 2418.9265329482946,-60.31486185407903,-356.82112662459
2418.9265329482946,-60.31486185407903,-356.82112662459 2425.748835898193,-73.9199067305449,-414.8586914974304
2446.9630341350435,-86.93047740721194,-310.9347058671015 2472.3540596544212,-121.51048261885688,-268.98808427922006
2452.208191902239,-146.55432217804895,-306.7531445868665 2429.093645678652,-137.65397790189354,-361.40203867122636
2429.093645678652,-137.65397790189354,-361.40203867122636 2422.3742471619,-187.52946805143102,-394.0713693334309
2422.3742471619,-187.52946805143102,-394.0713693334309 2431.4938442830107,-130.018825962513,-408.5406123982562
2431.4938442830107,-130.018825962513,-408.5406123982562 2394.0561778710653,-171.3895369453544,-430.6060923704229
2422.3742471619,-187.52946805143102,-394.0713693334309 2451.5604272785895,-235.05426464121288,-371.9453529885035
2422.3742471619,-187.52946805143102,-394.0713693334309 2412.472568983448,-228.00956792162708,-350.90519873944226
2429.093645678652,-137.65397790189354,-361.40203867122636 2455.7314037953856,-89.58450366706853,-337.32392642583005
2455.7314037953856,-89.58450366706853,-337.32392642583005 2431.4896055286727,-139.53373853701117,-360.0705559058938
2431.4896055286727,-139.53373853701117,-360.0705559058938 2455.893432921664,-175.85594201255685,-319.01996829433654
2455.893432921664,-175.85594201255685,-319.01996829433654 2468.6144121259676,-120.76282521465515,-298.9469722654313
2431.4896055286727,-139.53373853701117,-360.0705559058938 2399.172014495484,-158.39577058738143,-406.9725500718391
2399.172014495484,-158.39577058738143,-406.9725500718391 2416.3813945003412,-117.30196452716655,-366.7837911542778
2416.3813945003412,-117.30196452716655,-366.7837911542778 2406.4345362688814,-73.2954699884798,-406.33740603003565
2406.4345362688814,-73.2954699884798,-406.33740603003565 2429.7209252068196,-122.11265728915843,-380.36383649711377
2406.4345362688814,-73.2954699884798,-406.33740603003565 2416.5770273492644,-31.376729973520455,-364.62470879954475
2416.5770273492644,-31.376729973520455,-364.62470879954475 2408.257780446319,15.527294083499136,-401.1048768121288
2416.5770273492644,-31.376729973520455,-364.62470879954475 2456.031130565417,-33.00478299911898,-319.4503445787277
2406.4345362688814,-73.2954699884798,-406.33740603003565 2386.630621253598,-19.95084768744372,-425.36780859086537
2386.630621253598,-19.95084768744372,-425.36780859086537 2418.39602227637,26.783300009250574,-405.19657320663475
2455.7314037953856,-89.58450366706853,-337.32392642583005 2446.463708960886,-126.78559114207975,-291.1699566818183
2446.463708960886,-126.78559114207975,-291.1699566818183 2442.2474546489893,-167.53776261562496,-335.0046885706777
2455.7314037953856,-89.58450366706853,-337.32392642583005 2434.338710257514,-105.79684845423495,-390.9850160504057
2429.093645678652,-137.65397790189354,-361.40203867122636 2433.4307866020745,-191.85404531804798,-386.7701663257201
2452.208191902239,-146.55432217804895,-306.7531445868665 2455.081584267005,-88.40982499863412,-292.22864583230955
2469.1645981548245,-132.70891759512597,-250.88915744906498 2463.2661816829627,-170.42833722041053,-297.1758085080493
2463.2661816829627,-170.42833722041053,-297.1758085080493 2433.391160697098,-163.69203592893734,-348.7714029518061
2433.391160697098,-163.69203592893734,-348.7714029518061 2430.4037083626395,-210.36037847815882,-311.1796361370119
2430.4037083626395,-210.36037847815882,-311.1796361370119 2437.3198413062505,-153.93709808726086,-330.37808750779726
2437.3198413062505,-153.93709808726086,-330.37808750779726 2409.882724984528,-197.69382171126074,-360.91583113173175
2409.882724984528,-197.69382171126074,-360.91583113173175 2385.5590565033995,-235.09487765862613,-401.0346567082886
2385.5590565033995,-235.09487765862613,-401.0346567082886 2414.9971125523525,-202.2926349261803,-360.32331028274774
2414.9971125523525,-202.2926349261803,-360.32331028274774 2411.194101944345,-148.97660494849794,-387.58020037927673
2411.194101944345,-148.97660494849794,-387.58020037927673 2423.5368915020417,-109.13797024514504,-344.446237763871
2423.5368915020417,-109.13797024514504,-344.446237763871 2421.156279732287,-169.0421378086675,-346.8594091467468
2423.5368915020417,-109.13797024514504,-344.446237763871 2459.7068294968185,-76.11926733214833,-309.7835655732094
2459.7068294968185,-76.11926733214833,-309.7835655732094 2477.367387322386,-95.54451894511439,-255.83206608466188
2477.367387322386,-95.54451894511439,-255.83206608466188 2455.2957731248625,-141.85802833236977,-286.9432006662274
2459.7068294968185,-76.11926733214833,-309.7835655732094 2443.690319070183,-98.34501490538585,-363.1641569764919
2443.690319070183,-98.34501490538585,-363.1641569764919 2448.1390272353965,-95.81311659110527,-303.3829016652582
2411.194101944345,-148.97660494849794,-387.58020037927673 2428.151882393433,-98.36461006227543,-414.9820188568437
2428.151882393433,-98.36461006227543,-414.9820188568437 2401.9570888370235,-50.6211914048478,-440.16929273550477
2401.9570888370235,-50.6211914048478,-440.16929273550477 2357.0094675521564,-16.874100233461256,-461.16560618101914
2414.9971125523525,-202.2926349261803,-360.32331028274774 2442.140757421321,-149.1633643468309,-366.687518869337
2442.140757421321,-149.1633643468309,-366.687518869337 2407.171027206981,-147.6027846788088,-415.4182336171841
2414.9971125523525,-202.2926349261803,-360.32331028274774 2438.3307377768724,-227.27678347003197,-409.63187196751403
2438.3307377768724,-227.27678347003197,-409.63187196751403 2430.815249345887,-283.9227008256606,-427.92825086015324
2430.815249345887,-283.9227008256606,-427.92825086015324 2413.6031211484255,-254.68663699994522,-378.4409270802918
2413.6031211484255,-254.68663699994522,-378.4409270802918 2450.2318026036774,-227.34371454646146,-339.5731475379452
2430.815249345887,-283.9227008256606,-427.92825086015324 2375.592292106105,-302.91236404864105,-441.70568474208517
2375.592292106105,-302.91236404864105,-441.70568474208517 2376.437902395955,-257.8999800462959,-481.36889476930213
2376.437902395955,-257.8999800462959,-481.36889476930213 2368.800009767057,-278.41776318366925,-425.50581956468113
2376.437902395955,-257.8999800462959,-481.36889476930213 2336.052482013946,-270.1380627874148,-524.0215283502422
2430.815249345887,-283.9227008256606,-427.92825086015324 2424.082186268793,-249.38814978873867,-379.3275240520272
2438.3307377768724,-227.27678347003197,-409.63187196751403 2405.3753100648114,-211.1392263915513,-457.1031162723973
2405.3753100648114,-211.1392263915513,-457.1031162723973 2391.6263931364424,-267.58110344534043,-442.0937259469457
2391.6263931364424,-267.58110344534043,-442.0937259469457 2434.807128502415,-294.1434520579758,-410.00220480140524
2434.807128502415,-294.1434520579758,-410.00220480140524 2403.2190366604964,-244.52418361534177,-398.1649478132197
2403.2190366604964,-244.52418361534177,-398.1649478132197 2422.7035353625356,-285.7536581350432,-437.15834137109726
2422.7035353625356,-285.7536581350432,-437.15834137109726 2410.8670583350845,-230.35646725585178,-417.3833810861043
2414.9971125523525,-202.2926349261803,-360.32331028274774 2449.8978376141845,-241.22685808645917,-330.89431680583755
2385.5590565033995,-235.09487765862613,-401.0346567082886 2403.440071354597,-288.91066785101935,-381.43542116555477
2403.440071354597,-288.91066785101935,-381.43542116555477 2445.9492716693458,-246.90639978463878,-386.7841923149109
2445.9492716693458,-246.90639978463878,-386.7841923149109 2420.909863590662,-282.4793046005586,-428.10726681362956
2420.909863590662,-282.4793046005586,-428.10726681362956 2422.998789762617,-246.72865430570056,-379.9665627167544
2445.9492716693458,-246.90639978463878,-386.7841923149109 2428.8960080657243,-214.53141444626084,-434.3346552443632
2445.9492716693458,-246.90639978463878,-386.7841923149109 2404.975745377667,-288.9309134252272,-399.2385247537487
2403.440071354597,-288.91066785101935,-381.43542116555477 2368.0315562027085,-337.33814156233865,-382.4438083322548
2368.0315562027085,-337.33814156233865,-382.4438083322548 2362.415166098887,-394.89090733226396,-366.4395803148275
2362.415166098887,-394.89090733226396,-366.4395803148275 2310.445473413938,-394.6316827996707,-396.42430717490913
2310.445473413938,-394.6316827996707,-396.42430717490913 2344.138631301574,-399.5024479162696,-347.01735666450264
2344.138631301574,-399.5024479162696,-347.01735666450264 2300.6600514342417,-363.89769400755597,-325.9955919474302
2300.6600514342417,-363.89769400755597,-325.9955919474302 2271.354791823134,-341.47157742436093,-278.68522253307754
2271.354791823134,-341.47157742436093,-278.68522253307754 2239.615807958938,-381.33669722178564,-247.00858876613037
2239.615807958938,-381.33669722178564,-247.00858876613037 2212.086050635715,-354.6571706425041,-200.85324971169555
2212.086050635715,-354.6571706425041,-200.85324971169555 2184.5562933124916,-327.9776440632226,-154.69791065726076
2184.5562933124916,-327.9776440632226,-154.69791065726076 2194.139681684413,-335.14447476871817,-95.90339386401135
2194.139681684413,-335.14447476871817,-95.90339386401135 2197.5528812168336,-395.04725098045014,-95.98982926786547
2194.139681684413,-335.14447476871817,-95.90339386401135 2209.388143475474,-337.74727589202575,-153.87502347125172
2184.5562933124916,-327.9776440632226,-154.69791065726076 2154.670645172951,-366.29424459695775,-119.50293716930723
2154.670645172951,-366.29424459695775,-119.50293716930723 2131.384070597064,-340.93591980166497,-70.3634336299135
2131.384070597064,-340.93591980166497,-70.3634336299135 2108.0974960211765,-315.5775950063722,-21.223930090519772
2108.0974960211765,-315.5775950063722,-21.223930090519772 2072.780286317587,-349.35839968171496,-56.03128469036024
2108.0974960211765,-315.5775950063722,-21.223930090519772 2164.2757130171008,-320.05247482993883,-0.6330732427951631
2164.2757130171008,-320.05247482993883,-0.6330732427951631 2133.2335226473406,-334.6823709195006,48.58428708317297
2108.0974960211765,-315.5775950063722,-21.223930090519772 2110.622948963275,-374.83660065850614,-12.168968105088668
2108.0974960211765,-315.5775950063722,-21.223930090519772 2143.5322532522305,-356.56775984911883,4.547844511566073
2108.0974960211765,-315.5775950063722,-21.223930090519772 2096.8490216745827,-370.0303608340299,-43.77095026153752
2108.0974960211765,-315.5775950063722,-21.223930090519772 2156.015935031302,-347.8275348280215,-4.983099313343615
2108.0974960211765,-315.5775950063722,-21.223930090519772 2145.927801607644,-325.80296472372925,24.210746021210447
2145.927801607644,-325.80296472372925,24.210746021210447 2134.250248508557,-376.6793522172905,-5.373505688491541
2145.927801607644,-325.80296472372925,24.210746021210447 2180.1025095268024,-361.0785536589103,-10.252599201161054
2145.927801607644,-325.80296472372925,24.210746021210447 2103.836794738899,-308.2706832742013,-14.788821257796137
2103.836794738899,-308.2706832742013,-14.788821257796137 2106.4324788051413,-332.0508960171908,-69.81394194032092
2103.836794738899,-308.2706832742013,-14.788821257796137 2137.5637858556415,-345.57934309272696,17.93049983474289
2108.0974960211765,-315.5775950063722,-21.223930090519772 2086.6861966536917,-313.2883493371397,-77.22674799874503
2108.0974960211765,-315.5775950063722,-21.223930090519772 2070.6436663541176,-357.42551727253044,-0.10611663181865083
2070.6436663541176,-357.42551727253044,-0.10611663181865083 2045.8256351507587,-328.18719462141013,46.036984864917486
2045.8256351507587,-328.18719462141013,46.036984864917486 2021.0076039474,-298.9488719702898,92.18008636165362
2021.0076039474,-298.9488719702898,92.18008636165362 2060.0533289531018,-308.6426995862287,136.69369175294446
2021.0076039474,-298.9488719702898,92.18008636165362 1964.4574539691303,-302.3044408421343,111.94927185275318
1964.4574539691303,-302.3044408421343,111.94927185275318 1949.780698429011,-359.0120561215217,98.9554573188849
1964.4574539691303,-302.3044408421343,111.94927185275318 1946.6154816932337,-282.8343819153435,165.82487700660212
1946.6154816932337,-282.8343819153435,165.82487700660212 1921.3964031250832,-312.13644162082585,119.9403766476596
1946.6154816932337,-282.8343819153435,165.82487700660212 1912.1740327288953,-329.918994257481,151.7954125183369
1946.6154816932337,-282.8343819153435,165.82487700660212 1930.3890696663832,-316.46665223740627,118.86133853558636
1946.6154816932337,-282.8343819153435,165.82487700660212 1986.091429214362,-328.0045719172266,166.96658734767337
1946.6154816932337,-282.8343819153435,165.82487700660212 1981.8643490669804,-291.12807905899484,117.98418369476343
1946.6154816932337,-282.8343819153435,165.82487700660212 1897.426100795742,-316.6421170894224,171.9438515384025
1946.6154816932337,-282.8343819153435,165.82487700660212 1918.6448316659184,-284.2848158419654,218.8865296238543
1964.4574539691303,-302.3044408421343,111.94927185275318 2004.6384700990202,-306.0502939126617,156.35033633935697
1964.4574539691303,-302.3044408421343,111.94927185275318 1919.558970546848,-291.5168582234526,150.2605527974587
2021.0076039474,-298.9488719702898,92.18008636165362 2054.9633964641594,-313.0990003694091,139.58027645459774
2021.0076039474,-298.9488719702898,92.18008636165362 2052.641933756396,-334.83631434668547,55.96737233444288
2131.384070597064,-340.93591980166497,-70.3634336299135 2177.6340484994494,-325.59765211918887,-105.37310498697667
2131.384070597064,-340.93591980166497,-70.3634336299135 2086.808312767151,-357.80106640635165,-33.91389805137133
2154.670645172951,-366.29424459695775,-119.50293716930723 2124.488526730054,-407.36483287936755,-87.84466014045222
2184.5562933124916,-327.9776440632226,-154.69791065726076 2232.2308837078303,-359.06834052059435,-135.71101979982325
2344.138631301574,-399.5024479162696,-347.01735666450264 2347.732527354608,-368.0534129238096,-397.98834948594
2347.732527354608,-368.0534129238096,-397.98834948594 2339.045988438208,-407.78265261039184,-353.873368407173
2339.045988438208,-407.78265261039184,-353.873368407173 2302.5711540937214,-368.33249748396554,-327.1662210484009
2339.045988438208,-407.78265261039184,-353.873368407173 2333.3732634234134,-427.60604046820674,-297.52753018690015
2310.445473413938,-394.6316827996707,-396.42430717490913 2285.1037200746046,-388.24088830546077,-342.4154811978417
2362.415166098887,-394.89090733226396,-366.4395803148275 2401.2837617680143,-430.22159634420734,-337.4400167896428
2362.415166098887,-394.89090733226396,-366.4395803148275 2324.8244256101725,-440.5318570563529,-356.24939200482424
2324.8244256101725,-440.5318570563529,-356.24939200482424 2278.4364435273815,-461.1637758632104,-388.2256182461099
2362.415166098887,-394.89090733226396,-366.4395803148275 2421.333530128098,-389.5919681747769,-376.4669241269532
2368.0315562027085,-337.33814156233865,-382.4438083322548 2332.430134905272,-341.52644038150964,-334.3293930848076
2368.0315562027085,-337.33814156233865,-382.4438083322548 2386.518448394282,-343.10934527080695,-439.2322580808833
2386.518448394282,-343.10934527080695,-439.2322580808833 2369.070009807286,-329.523512822143,-383.4561238696218
2368.0315562027085,-337.33814156233865,-382.4438083322548 2377.7966129853576,-297.21404799318236,-425.97196911680015
2403.440071354597,-288.91066785101935,-381.43542116555477 2431.2247346204035,-262.1543003481017,-427.3931113300371
2431.2247346204035,-262.1543003481017,-427.3931113300371 2405.534976656138,-286.7274050947373,-475.7273523900593
2405.534976656138,-286.7274050947373,-475.7273523900593 2362.4100782359114,-245.51320028848366,-469.27503044882565
2431.2247346204035,-262.1543003481017,-427.3931113300371 2401.9233805973386,-220.46035275449663,-459.06400311534566
2431.2247346204035,-262.1543003481017,-427.3931113300371 2403.526267108474,-306.6041797427214,-456.66772694312994
2403.440071354597,-288.91066785101935,-381.43542116555477 2429.4905463967048,-331.2807363255116,-414.9935803455122
2385.5590565033995,-235.09487765862613,-401.0346567082886 2426.4097643418954,-233.54562413171806,-444.9529841195552
2426.4097643418954,-233.54562413171806,-444.9529841195552 2416.0569949040837,-277.0900469527843,-404.9942127902498
2426.4097643418954,-233.54562413171806,-444.9529841195552 2373.6840667152346,-237.30633228241715,-473.3406202308481
2385.5590565033995,-235.09487765862613,-401.0346567082886 2405.1856180132113,-291.7529143526335,-403.1945088518605
2409.882724984528,-197.69382171126074,-360.91583113173175 2446.3409698765563,-155.21628298005274,-339.3182599087532
2446.3409698765563,-155.21628298005274,-339.3182599087532 2449.6174001212116,-214.08767833294013,-350.4278869977215
2449.6174001212116,-214.08767833294013,-350.4278869977215 2432.6524491287732,-259.5530866683515,-315.1420954844442
2449.6174001212116,-214.08767833294013,-350.4278869977215 2409.078811437101,-230.67601387789477,-391.4333738421491
2409.078811437101,-230.67601387789477,-391.4333738421491 2411.939481616055,-207.64246448449902,-446.7621382280383
2411.939481616055,-207.64246448449902,-446.7621382280383 2439.615872276523,-233.60838135009618,-400.2886128470424
2446.3409698765563,-155.21628298005274,-339.3182599087532 2445.480118230335,-125.1942037622124,-287.37662252716
2446.3409698765563,-155.21628298005274,-339.3182599087532 2425.058875011418,-197.0592082944169,-376.6845821694171
2425.058875011418,-197.0592082944169,-376.6845821694171 2441.919455266066,-250.5962023858805,-397.886258922145
2441.919455266066,-250.5962023858805,-397.886258922145 2405.051309726582,-283.5205392911116,-363.8755564326308
2405.051309726582,-283.5205392911116,-363.8755564326308 2417.5150958576282,-265.77451511026965,-419.8195700627996
2405.051309726582,-283.5205392911116,-363.8755564326308 2416.2681834968957,-324.850878557405,-405.89917834880947
2405.051309726582,-283.5205392911116,-363.8755564326308 2433.6769269018546,-245.9261225157453,-326.8994307749203
2425.058875011418,-197.0592082944169,-376.6845821694171 2401.0404178582094,-155.92481262816287,-413.1684855947847
2401.0404178582094,-155.92481262816287,-413.1684855947847 2408.7428724787696,-101.38803171508609,-436.9678914793289
2446.3409698765563,-155.21628298005274,-339.3182599087532 2440.9300914772516,-201.60759364805637,-376.98215096441436
2440.9300914772516,-201.60759364805637,-376.98215096441436 2421.4591274968143,-239.82245043179654,-418.940538477172
2446.3409698765563,-155.21628298005274,-339.3182599087532 2428.469607753376,-99.18139853901525,-351.18022186880535
2428.469607753376,-99.18139853901525,-351.18022186880535 2450.6921332158254,-153.74080746785285,-339.8034798304776
2428.469607753376,-99.18139853901525,-351.18022186880535 2422.7505766574923,-94.5586789173503,-410.72787628628674
2446.3409698765563,-155.21628298005274,-339.3182599087532 2416.863289113545,-118.954042329055,-376.94957984046835
2409.882724984528,-197.69382171126074,-360.91583113173175 2421.475939735586,-252.28680133314626,-338.88848567795003
2421.475939735586,-252.28680133314626,-338.88848567795003 2394.1471604648596,-290.3833642094752,-376.32896805440754
2421.475939735586,-252.28680133314626,-338.88848567795003 2453.456371619532,-298.3008584557155,-317.4418420329123
2421.475939735586,-252.28680133314626,-338.88848567795003 2444.0742330442718,-276.521475665234,-388.9084586842629
2444.0742330442718,-276.521475665234,-388.9084586842629 2406.0219569653063,-303.8527748513064,-426.39211338883524
2409.882724984528,-197.69382171126074,-360.91583113173175 2444.7918961078058,-164.81800967958895,-324.85295888417085
2444.7918961078058,-164.81800967958895,-324.85295888417085 2463.558711754255,-128.5207206049099,-280.9176264474932
2463.558711754255,-128.5207206049099,-280.9176264474932 2455.3974774769986,-187.63554641004515,-287.14912908331496
2444.7918961078058,-164.81800967958895,-324.85295888417085 2435.121280719559,-145.84019545993678,-380.9450417966191
2409.882724984528,-197.69382171126074,-360.91583113173175 2448.0047299874927,-154.13061413515263,-345.13737492604304
2409.882724984528,-197.69382171126074,-360.91583113173175 2442.3563264369436,-198.91992136424113,-310.47812808777235
2409.882724984528,-197.69382171126074,-360.91583113173175 2395.5441946073556,-241.66195574471953,-399.141604325203
2437.3198413062505,-153.93709808726086,-330.37808750779726 2406.654037530079,-148.34338877652527,-381.6452202041784
2406.654037530079,-148.34338877652527,-381.6452202041784 2435.685211238316,-95.84839965411837,-380.4339934869259
2437.3198413062505,-153.93709808726086,-330.37808750779726 2458.916285366742,-129.52998255129225,-280.0006489548504
2458.916285366742,-129.52998255129225,-280.0006489548504 2462.056340744908,-175.18708566515693,-241.19898678076336
2430.4037083626395,-210.36037847815882,-311.1796361370119 2448.775915134075,-160.57470521134752,-283.1823370580306
2430.4037083626395,-210.36037847815882,-311.1796361370119 2451.3612078750434,-263.65066197405895,-293.2651476119611
2433.391160697098,-163.69203592893734,-348.7714029518061 2463.6027820817562,-205.7034846473084,-318.40207451185336
2463.6027820817562,-205.7034846473084,-318.40207451185336 2453.988463580337,-226.08137957457944,-262.79356546794565
2433.391160697098,-163.69203592893734,-348.7714029518061 2450.8589766678915,-110.90102878214948,-326.23288104733615
2450.8589766678915,-110.90102878214948,-326.23288104733615 2432.16450312245,-156.33733466926725,-360.6720849607696
2463.2661816829627,-170.42833722041053,-297.1758085080493 2468.3144215103653,-150.98387154404475,-240.63884688818808
2463.2661816829627,-170.42833722041053,-297.1758085080493 2456.001907417494,-126.02671522250469,-336.8712274295209
2463.2661816829627,-170.42833722041053,-297.1758085080493 2433.281747868516,-130.93143461198423,-330.9534403546951
2433.281747868516,-130.93143461198423,-330.9534403546951 2440.279987114327,-165.9631235615808,-379.15930531734364
2440.279987114327,-165.9631235615808,-379.15930531734364 2416.3505762506425,-208.92040290779255,-413.5403385608123
2440.279987114327,-165.9631235615808,-379.15930531734364 2431.8211916750647,-183.05683304073452,-322.27122329695027
2433.281747868516,-130.93143461198423,-330.9534403546951 2455.2355205524805,-186.75862790583957,-329.7888142896701
2455.2355205524805,-186.75862790583957,-329.7888142896701 2427.476910512401,-232.82418744466779,-356.3862538848165
2427.476910512401,-232.82418744466779,-356.3862538848165 2395.2927138797904,-244.77282911318815,-405.59405254916186
2455.2355205524805,-186.75862790583957,-329.7888142896701 2447.072395760278,-243.7775907958307,-312.9899671692053
2463.2661816829627,-170.42833722041053,-297.1758085080493 2467.6938212269315,-110.77827156527133,-292.45715664482975
2467.6938212269315,-110.77827156527133,-292.45715664482975 2466.648292900848,-51.1473111730048,-299.01882055082933
2469.1645981548245,-132.70891759512597,-250.88915744906498 2468.291776478178,-121.71554729065885,-309.8669837202123
2473.716169624818,-102.43382207532241,-199.28778354855424 2466.4108743612437,-143.2524142703689,-242.65222972657534
2477.6734052216916,-42.56467523930705,-199.4476070714414 2477.019317819672,15.10509179428837,-182.90160634735855
2477.019317819672,15.10509179428837,-182.90160634735855 2478.275221694151,-3.299735063363684,-239.9952579541521
2478.275221694151,-3.299735063363684,-239.9952579541521 2485.2954300229676,-11.4128082919605,-180.9622610980934
2485.2954300229676,-11.4128082919605,-180.9622610980934 2480.0662008665277,-71.18419875563104,-180.7724072888762
2477.019317819672,15.10509179428837,-182.90160634735855 2479.383254645092,-44.46149259424257,-176.102060261814
2477.6734052216916,-42.56467523930705,-199.4476070714414 2484.100309237862,-46.644273929253096,-139.9324679949348
2486.8042976967135,-3.9605454358900705,-115.59087164189268 2484.6223134614293,41.46052788480169,-154.73375149498108
2484.6223134614293,41.46052788480169,-154.73375149498108 2474.5741626542545,88.04097055688678,-191.1932773535118
2486.8042976967135,-3.9605454358900705,-115.59087164189268 2486.52161377969,45.07369156337105,-150.16779590798882
2486.52161377969,45.07369156337105,-150.16779590798882 2489.3828689995325,16.001384607934973,-97.75964590385468
2486.8042976967135,-3.9605454358900705,-115.59087164189268 2485.359245719072,6.072523807517522,-174.7284176371308
2485.359245719072,6.072523807517522,-174.7284176371308 2472.1705530245617,-19.520112145279988,-227.36942228177392
2472.1705530245617,-19.520112145279988,-227.36942228177392 2486.147869409825,17.664382073945326,-182.40334599835052
2486.147869409825,17.664382073945326,-182.40334599835052 2469.7802209798456,37.41533164295281,-236.64355318817525
2472.1705530245617,-19.520112145279988,-227.36942228177392 2471.845336919672,-62.699084458748025,-269.0284019192768
2472.1705530245617,-19.520112145279988,-227.36942228177392 2455.832294683243,-23.705871794885173,-284.9501545672188
2455.832294683243,-23.705871794885173,-284.9501545672188 2476.3514098867818,-13.86409739536547,-229.43344187695894
2476.3514098867818,-13.86409739536547,-229.43344187695894 2459.6892805724433,27.135253363059903,-269.947966236747
2485.359245719072,6.072523807517522,-174.7284176371308 2474.5958731368337,-17.3486026758437,-228.909601132015
2474.5958731368337,-17.3486026758437,-228.909601132015 2458.550298580707,-68.29431665531564,-256.2422512831734
2458.550298580707,-68.29431665531564,-256.2422512831734 2471.492082565066,-12.452038844818922,-273.9665350835839
2474.5958731368337,-17.3486026758437,-228.909601132015 2475.2609831440545,17.393309718867464,-277.8233737511507
2475.2609831440545,17.393309718867464,-277.8233737511507 2480.9955254859124,-25.78962626281406,-236.56384074202134
2480.9955254859124,-25.78962626281406,-236.56384074202134 2461.074051709378,17.6231526543258,-272.8745211165667
2474.5958731368337,-17.3486026758437,-228.909601132015 2465.8119541881065,-51.21549004475255,-277.6525668588133
