1864.1255340220187,-231.32169262130154,238.95107680594273 1873.771196519721,-189.68296622734962,257.73710654579725
1851.7295434051132,-284.833129684569,214.80846882648942 1864.1255340220187,-231.32169262130154,238.95107680594273
1884.4120101177741,-275.56962391438407,165.35097363696767 1851.7295434051132,-284.833129684569,214.80846882648942
1912.1963879500845,-304.7008422944119,209.84142726655602 1884.4120101177741,-275.56962391438407,165.35097363696767
1930.7334042101015,-296.3080831509758,153.3972900853028 1912.1963879500845,-304.7008422944119,209.84142726655602
1953.871550304138,-332.303364358019,111.33821346494757 1930.7334042101015,-296.3080831509758,153.3972900853028
1954.8322210686579,-284.5276872761034,75.05375686095911 1953.871550304138,-332.303364358019,111.33821346494757
1977.1045443526316,-320.2348891416281,32.287656378581396 1954.8322210686579,-284.5276872761034,75.05375686095911
1988.2411244369684,-289.1584248712337,-17.814538707822287 1977.1045443526316,-320.2348891416281,32.287656378581396
2010.7744870274719,-316.5434795972051,-66.21191826519554 1988.2411244369684,-289.1584248712337,-17.814538707822287
2062.089209133436,-312.0498677367728,-35.44494331419529 2010.7744870274719,-316.5434795972051,-66.21191826519554
2031.8072421728295,-296.3358317237081,-84.80151885562492 2062.089209133436,-312.0498677367728,-35.44494331419529
2048.4961941359556,-322.0151618811118,-136.39658533527518 2031.8072421728295,-296.3358317237081,-84.80151885562492
2100.1773137286336,-323.39537095163956,-105.94733410361202 2048.4961941359556,-322.0151618811118,-136.39658533527518
2123.7651029703366,-349.66304768245607,-154.461510978566 2100.1773137286336,-323.39537095163956,-105.94733410361202
2174.2527565955643,-317.63623788826584,-149.4335605188062 2123.7651029703366,-349.66304768245607,-154.461510978566
2203.298791245315,-340.0430431230859,-196.9126395989055 2174.2527565955643,-317.63623788826584,-149.4335605188062
2232.3448258950657,-362.449848357906,-244.39171867900484 2203.298791245315,-340.0430431230859,-196.9126395989055
2261.3908605448164,-384.85665359272605,-291.87079775910416 2232.3448258950657,-362.449848357906,-244.39171867900484
2290.436895194567,-407.2634588275461,-339.3498768392035 2261.3908605448164,-384.85665359272605,-291.87079775910416
2315.357696170193,-356.40952382118695,-359.1698408427595 2290.436895194567,-407.2634588275461,-339.3498768392035
2364.3003377943155,-323.46956194405715,-370.1049559489626 2315.357696170193,-356.40952382118695,-359.1698408427595
2387.388216769207,-289.62973397231,-413.943476536265 2364.3003377943155,-323.46956194405715,-370.1049559489626
2417.871099760103,-241.75885959593185,-394.47110557111637 2387.388216769207,-289.62973397231,-413.943476536265
2441.6506528755262,-207.03301775618078,-351.70840263793707 2417.871099760103,-241.75885959593185,-394.47110557111637
2466.73456600211,-173.4306030963158,-308.7936612163172 2441.6506528755262,-207.03301775618078,-351.70840263793707
2429.6460535012766,-130.4838046679519,-328.2876281094101 2466.73456600211,-173.4306030963158,-308.7936612163172
2468.8646604783967,-113.19770953596733,-286.29844162214687 2429.6460535012766,-130.4838046679519,-328.2876281094101
2468.843987786806,-133.89867675239407,-229.98263985262355 2468.8646604783967,-113.19770953596733,-286.29844162214687
2476.6112819860027,-149.71402067971889,-172.62809306439104 2468.843987786806,-133.89867675239407,-229.98263985262355
2485.099083435974,-97.60212992452307,-144.12707433760858 2476.6112819860027,-149.71402067971889,-172.62809306439104
2487.7416054702526,-50.202426328368105,-107.43531536784799 2485.099083435974,-97.60212992452307,-144.12707433760858
2489.726428811574,-30.29340725816144,-50.869500285186156 2487.7416054702526,-50.202426328368105,-107.43531536784799
2480.0,0.0,0.0 2489.726428811574,-30.29340725816144,-50.869500285186156
1915.4971099111267,-216.1679791365911,291.75904421622107 1873.771196519721,-189.68296622734962,257.73710654579725
1863.1955747555105,-191.24162045983115,276.1633376441112 1915.4971099111267,-216.1679791365911,291.75904421622107
1862.0978412725544,-135.8550419918837,253.1172553997406 1863.1955747555105,-191.24162045983115,276.1633376441112
1916.3531153839233,-118.686291692811,272.13301844696866 1862.0978412725544,-135.8550419918837,253.1172553997406
1917.7770532782054,-76.03677583385436,314.3111075202047 1916.3531153839233,-118.686291692811,272.13301844696866
1974.5190820266748,-63.75223691523036,329.458129572895 1917.7770532782054,-76.03677583385436,314.3111075202047
2017.7583730939382,-45.76600250630669,366.96624975756595 1974.5190820266748,-63.75223691523036,329.458129572895
1980.583551783973,-15.795670444262893,330.6370348381243 2017.7583730939382,-45.76600250630669,366.96624975756595
1942.2869664229952,-24.728840473844787,285.3207019887871 1980.583551783973,-15.795670444262893,330.6370348381243
1902.4020436487574,19.05024243636389,294.9428033618846 1942.2869664229952,-24.728840473844787,285.3207019887871
1867.7371878188756,-1.117498791297976,250.31534562488633 1902.4020436487574,19.05024243636389,294.9428033618846
1820.782008714682,35.90647217591123,255.25869763666384 1867.7371878188756,-1.117498791297976,250.31534562488633
1790.6689773321243,55.86912195318139,207.35569193949323 1820.782008714682,35.90647217591123,255.25869763666384
1768.7933895594608,0.0,207.03966697047593 1790.6689773321243,55.86912195318139,207.35569193949323
1711.184783801759,0.0,223.81013335199614 1768.7933895594608,0.0,207.03966697047593
1653.5761780440573,0.0,240.58059973351635 1711.184783801759,0.0,223.81013335199614
1611.4565481502318,0.0,197.84961826096918 1653.5761780440573,0.0,240.58059973351635
1551.6840062626543,0.0,203.06912363004437 1611.4565481502318,0.0,197.84961826096918
1493.0700052188786,0.0,215.8909363583703 1551.6840062626543,0.0,203.06912363004437
1434.4560041751029,0.0,228.71274908669625 1493.0700052188786,0.0,215.8909363583703
1375.8420031313271,0.0,241.5345618150222 1434.4560041751029,0.0,228.71274908669625
1317.2280020875514,0.0,254.35637454334812 1375.8420031313271,0.0,241.5345618150222
1258.6140010437757,0.0,267.17818727167406 1317.2280020875514,0.0,254.35637454334812
1200.0,0.0,280.0 1258.6140010437757,0.0,267.17818727167406
