起始树
1200.0,0.0,280.0 1183.5153863290045,-50.491480218905565,252.09179444281855
1183.5153863290045,-50.491480218905565,252.09179444281855 1222.118765611305,-18.44531716783129,219.18552540953536
1222.118765611305,-18.44531716783129,219.18552540953536 1235.5783885531682,24.315736892099025,259.0644773258858
1235.5783885531682,24.315736892099025,259.0644773258858 1193.3130663423474,17.085396722971133,301.03309321269086
1193.3130663423474,17.085396722971133,301.03309321269086 1238.0930194080006,16.133904889791864,340.9561500436662
1238.0930194080006,16.133904889791864,340.9561500436662 1215.4321550865004,37.265957600222805,289.5759828928469
1215.4321550865004,37.265957600222805,289.5759828928469 1170.7280257553339,73.07119692006532,307.4512635337528
1170.7280257553339,73.07119692006532,307.4512635337528 1200.7665453155853,58.983042520412866,357.4433753939248
1170.7280257553339,73.07119692006532,307.4512635337528 1111.3612876170796,75.12188398411209,315.9002330205772
1111.3612876170796,75.12188398411209,315.9002330205772 1055.3912197852453,87.15272241155157,333.86159248005873
1055.3912197852453,87.15272241155157,333.86159248005873 1026.5782822810322,130.8217909720826,304.4876740585416
1026.5782822810322,130.8217909720826,304.4876740585416 989.4244735691243,84.57551403583119,313.48080297647107
1215.4321550865004,37.265957600222805,289.5759828928469 1247.5811632613845,-11.965403090569652,301.52229604395455
1215.4321550865004,37.265957600222805,289.5759828928469 1224.3714951953862,78.7291637939,247.13907995968893
1224.3714951953862,78.7291637939,247.13907995968893 1207.5573520709193,22.740958312714213,233.6259220021108
1238.0930194080006,16.133904889791864,340.9561500436662 1222.735924785158,72.8224029219997,328.68529695199305
1238.0930194080006,16.133904889791864,340.9561500436662 1200.1796196533749,-28.889819560073057,329.3183514671063
1238.0930194080006,16.133904889791864,340.9561500436662 1229.592758185561,-20.47245560838462,294.1830816150519
1229.592758185561,-20.47245560838462,294.1830816150519 1202.1669619203212,-51.69377639398556,250.90427817017644
1202.1669619203212,-51.69377639398556,250.90427817017644 1238.555105933136,-73.37184917723542,293.400914927769
1193.3130663423474,17.085396722971133,301.03309321269086 1219.4468044220057,-24.894463592198285,267.0519357588507
1219.4468044220057,-24.894463592198285,267.0519357588507 1185.5323501461837,11.053436213881149,233.02902743658552
1185.5323501461837,11.053436213881149,233.02902743658552 1238.2777310996755,33.008101328541045,251.35707882712242
1219.4468044220057,-24.894463592198285,267.0519357588507 1194.042975355055,-70.33265634956678,296.8850735033351
1219.4468044220057,-24.894463592198285,267.0519357588507 1187.055126602958,16.419197520317603,296.1029359748019
1193.3130663423474,17.085396722971133,301.03309321269086 1221.4635202728684,-1.1524677035336417,251.2844023287485
1221.4635202728684,-1.1524677035336417,251.2844023287485 1187.6881424795322,-5.655464371486498,201.8987072751622
1187.6881424795322,-5.655464371486498,201.8987072751622 1173.3195980284604,-54.028068725775945,234.35846818526366
1173.3195980284604,-54.028068725775945,234.35846818526366 1130.0775477565523,-56.86805232522942,192.8607624482399
1130.0775477565523,-56.86805232522942,192.8607624482399 1173.5624639376033,-93.48904082361702,212.043183206005
1173.3195980284604,-54.028068725775945,234.35846818526366 1133.1963430042217,-14.870566005556505,255.73168476527138
1173.3195980284604,-54.028068725775945,234.35846818526366 1167.9739678637472,-49.59930660580322,293.9555344236852
1167.9739678637472,-49.59930660580322,293.9555344236852 1164.7929892203676,-64.06413093251292,352.0988937355429
1164.7929892203676,-64.06413093251292,352.0988937355429 1197.3992207838833,-101.47680175703293,318.3775989056804
1167.9739678637472,-49.59930660580322,293.9555344236852 1127.3488432691233,-18.602677870960097,262.5102126930115
1173.3195980284604,-54.028068725775945,234.35846818526366 1133.3276516351523,-98.65958855273018,231.41369966958155
1173.3195980284604,-54.028068725775945,234.35846818526366 1131.9805281162633,-11.333417100468125,226.09723211624376
1221.4635202728684,-1.1524677035336417,251.2844023287485 1233.7535766032868,-35.321183885616364,299.0489639813317
1233.7535766032868,-35.321183885616364,299.0489639813317 1209.619679121501,4.792512880826031,261.5196910857831
1193.3130663423474,17.085396722971133,301.03309321269086 1224.8438797868753,-18.360419835941613,337.7672992337591
1224.8438797868753,-18.360419835941613,337.7672992337591 1211.215854772258,-66.02824914021406,303.9729952222884
1235.5783885531682,24.315736892099025,259.0644773258858 1232.963859772739,35.28090945725897,317.9960412782583
1232.963859772739,35.28090945725897,317.9960412782583 1210.6241408445092,89.35295621198858,331.3058390964834
1210.6241408445092,89.35295621198858,331.3058390964834 1205.1997017718293,92.89028531887863,271.6563398233434
1205.1997017718293,92.89028531887863,271.6563398233434 1191.3330750071939,53.35532202308677,228.70633005185803
1210.6241408445092,89.35295621198858,331.3058390964834 1216.4846929327773,30.067043721193492,324.1760067454052
1210.6241408445092,89.35295621198858,331.3058390964834 1192.0615822589052,87.60810308160809,274.2761371306707
1192.0615822589052,87.60810308160809,274.2761371306707 1189.8106235468963,121.07112357143939,224.5251628228849
1232.963859772739,35.28090945725897,317.9960412782583 1215.7428983127872,-20.363707419381313,303.60454729581244
1232.963859772739,35.28090945725897,317.9960412782583 1236.5491689727676,39.7055673847754,258.26691973637844
1235.5783885531682,24.315736892099025,259.0644773258858 1203.037533571464,-20.1082567078463,282.888867133218
1203.037533571464,-20.1082567078463,282.888867133218 1162.993390914601,4.508984898610898,320.17771338201067
1235.5783885531682,24.315736892099025,259.0644773258858 1244.854611173651,-34.95547500539543,258.12899130377997
1222.118765611305,-18.44531716783129,219.18552540953536 1245.4089444575932,-9.759109924435272,273.794291858089
1245.4089444575932,-9.759109924435272,273.794291858089 1235.0513914983144,6.046284041543986,216.84773253905797
1235.0513914983144,6.046284041543986,216.84773253905797 1210.824827263414,-48.324699080227354,209.306527082084
1210.824827263414,-48.324699080227354,209.306527082084 1164.291133854056,-27.196772677416,240.7425908242457
1164.291133854056,-27.196772677416,240.7425908242457 1135.9169296351324,-79.76052457314086,246.39560078244546
1135.9169296351324,-79.76052457314086,246.39560078244546 1096.0222916523117,-124.56251766580345,245.30048656708144
1210.824827263414,-48.324699080227354,209.306527082084 1183.850426328716,-86.92289525993084,172.12372264391277
1183.850426328716,-86.92289525993084,172.12372264391277 1226.2931276838024,-72.67159499083947,132.17979266296138
1210.824827263414,-48.324699080227354,209.306527082084 1234.206753505127,3.973667917952163,191.46930940244522
1234.206753505127,3.973667917952163,191.46930940244522 1192.5323997930657,18.728962442717293,232.03443637339706
1210.824827263414,-48.324699080227354,209.306527082084 1217.1415505220516,-105.27406035076052,191.5057052428519
1235.0513914983144,6.046284041543986,216.84773253905797 1176.7166229685972,-7.804807270247121,214.56693222847917
1176.7166229685972,-7.804807270247121,214.56693222847917 1203.931343943025,35.708381587051434,183.48701334581295
1203.931343943025,35.708381587051434,183.48701334581295 1218.0359127878492,79.41593610576321,144.8772889788163
1176.7166229685972,-7.804807270247121,214.56693222847917 1187.7993115261852,20.68526747846225,162.9385519018753
1187.7993115261852,20.68526747846225,162.9385519018753 1150.3513032302017,60.935259454049756,186.97154631849108
1187.7993115261852,20.68526747846225,162.9385519018753 1230.7489889588815,49.1086278519948,193.71902937548893
1235.0513914983144,6.046284041543986,216.84773253905797 1235.2633153704296,-30.70437203822626,264.2749859486628
1245.4089444575932,-9.759109924435272,273.794291858089 1191.699201718707,-34.77572505886677,264.33741593956285
1191.699201718707,-34.77572505886677,264.33741593956285 1242.2601640647754,-10.22143555460745,285.329699130785
1242.2601640647754,-10.22143555460745,285.329699130785 1205.7174388491874,-51.86540379659286,262.29908596312185
1191.699201718707,-34.77572505886677,264.33741593956285 1157.771210537134,14.19485634622498,257.21185833117966
1157.771210537134,14.19485634622498,257.21185833117966 1197.9314997085678,52.30432366182824,280.33802694138825
1197.9314997085678,52.30432366182824,280.33802694138825 1229.1482187724878,34.06758845029593,232.45339538063843
1197.9314997085678,52.30432366182824,280.33802694138825 1156.7353785937187,95.2439160693207,288.02379358949185
1197.9314997085678,52.30432366182824,280.33802694138825 1145.7895332938142,49.688169616512454,250.7682606857363
1245.4089444575932,-9.759109924435272,273.794291858089 1191.102861491775,15.738068530575685,272.9321760056656
1191.102861491775,15.738068530575685,272.9321760056656 1194.848949262081,61.18789200774309,233.9414030931997
1245.4089444575932,-9.759109924435272,273.794291858089 1202.2561159934698,-23.639457144610212,234.48564959467154
1222.118765611305,-18.44531716783129,219.18552540953536 1183.2270160251821,-62.14322423421153,232.52436839340422
1183.2270160251821,-62.14322423421153,232.52436839340422 1137.694536024369,-68.73397114994718,194.0100162624352
1222.118765611305,-18.44531716783129,219.18552540953536 1221.5060535775306,20.06376722891696,265.1928618124156
1183.5153863290045,-50.491480218905565,252.09179444281855 1181.844242744758,-1.5659116709691077,217.40035426830283
1181.844242744758,-1.5659116709691077,217.40035426830283 1199.7610701179397,12.050276281004932,273.0203751469048
1199.7610701179397,12.050276281004932,273.0203751469048 1182.5504302510105,-30.038707718408062,233.87562707940504
1182.5504302510105,-30.038707718408062,233.87562707940504 1207.99423376466,2.2430800750567244,190.16637131341759
1182.5504302510105,-30.038707718408062,233.87562707940504 1225.656007149199,-61.80259990267334,206.80231192258077
1181.844242744758,-1.5659116709691077,217.40035426830283 1153.0414583508737,20.079460622325495,265.37823948059713
1153.0414583508737,20.079460622325495,265.37823948059713 1152.5633649447998,78.74851527492287,252.81983779624213
1152.5633649447998,78.74851527492287,252.81983779624213 1124.1695202204367,27.921417496737376,238.31481407287225
1124.1695202204367,27.921417496737376,238.31481407287225 1172.1346568807712,8.47573912299038,207.96335187184758
1152.5633649447998,78.74851527492287,252.81983779624213 1094.2510927312435,90.79152636755869,260.2120494487017
1094.2510927312435,90.79152636755869,260.2120494487017 1147.4996639665533,112.84949619841753,276.8864498378932
1147.4996639665533,112.84949619841753,276.8864498378932 1139.900080820869,69.38110655446879,236.23247785760964
1181.844242744758,-1.5659116709691077,217.40035426830283 1213.5940732397783,36.15033526207077,183.20338099838534
1213.5940732397783,36.15033526207077,183.20338099838534 1185.5656482890997,0.6122267085265207,143.81492792872686
1183.5153863290045,-50.491480218905565,252.09179444281855 1168.5751544776701,-76.94912650776844,200.35416379469365
1168.5751544776701,-76.94912650776844,200.35416379469365 1165.0501418229803,-27.409771063277994,234.0205646704735
1165.0501418229803,-27.409771063277994,234.0205646704735 1116.4388058893505,7.641157505622424,236.913733384123
1116.4388058893505,7.641157505622424,236.913733384123 1145.8563794324582,52.11307300055521,209.40273378310152
1116.4388058893505,7.641157505622424,236.913733384123 1078.539342713527,54.155138884603595,237.19697755474726
1116.4388058893505,7.641157505622424,236.913733384123 1168.1649590120571,18.36337497400308,208.46308953047617
1165.0501418229803,-27.409771063277994,234.0205646704735 1106.4552794152967,-34.72889962446946,244.65411800552405
1165.0501418229803,-27.409771063277994,234.0205646704735 1204.6226899955986,-44.019848121446,192.0906377536815
1204.6226899955986,-44.019848121446,192.0906377536815 1215.4673006919807,-4.748465200412291,148.04347096268964
1168.5751544776701,-76.94912650776844,200.35416379469365 1132.633959535014,-108.20036519814911,236.8451296137952
1168.5751544776701,-76.94912650776844,200.35416379469365 1137.8109433078168,-32.58327562640437,226.5311496156249
1183.5153863290045,-50.491480218905565,252.09179444281855 1156.197929976095,-35.007047313094674,303.2189781711673
1156.197929976095,-35.007047313094674,303.2189781711673 1206.4610002361512,-61.05771324506351,283.3447090642639
1206.4610002361512,-61.05771324506351,283.3447090642639 1154.6224774197472,-31.584716398612255,276.7031724120857
1154.6224774197472,-31.584716398612255,276.7031724120857 1191.2997812103845,-69.73106547380374,248.42541721682784
1191.2997812103845,-69.73106547380374,248.42541721682784 1228.1313435503457,-79.74754424302357,294.71911191344196
1191.2997812103845,-69.73106547380374,248.42541721682784 1236.1837774608316,-100.36479418892075,273.86164228263635
1191.2997812103845,-69.73106547380374,248.42541721682784 1149.4226710866826,-40.54143001351727,216.8933251615434
1206.4610002361512,-61.05771324506351,283.3447090642639 1188.4738648742946,-105.30167239446902,247.02756379842583
1188.4738648742946,-105.30167239446902,247.02756379842583 1203.4814054351334,-137.38274208518143,295.45873861191177
1203.4814054351334,-137.38274208518143,295.45873861191177 1223.8545434960579,-116.93860699550584,348.0607593524271
1203.4814054351334,-137.38274208518143,295.45873861191177 1197.5804737212725,-80.2000488242816,278.27390237940176
1188.4738648742946,-105.30167239446902,247.02756379842583 1203.9469281817105,-161.9154191909409,259.4962439831793
1203.9469281817105,-161.9154191909409,259.4962439831793 1255.400320983362,-190.49118041964817,247.83544472245637
1255.400320983362,-190.49118041964817,247.83544472245637 1313.9261062445937,-192.2781326254988,234.73814494844933
1313.9261062445937,-192.2781326254988,234.73814494844933 1372.4518915058254,-194.06508483134945,221.6408451744423
1372.4518915058254,-194.06508483134945,221.6408451744423 1430.9776767670571,-195.8520370372001,208.54354540043522
1430.9776767670571,-195.8520370372001,208.54354540043522 1489.5034620282888,-197.63898924305073,195.44624562642815
1489.5034620282888,-197.63898924305073,195.44624562642815 1548.0292472895205,-199.42594144890134,182.34894585242108
1548.0292472895205,-199.42594144890134,182.34894585242108 1606.5550325507522,-201.21289365475198,169.251646078414
1606.5550325507522,-201.21289365475198,169.251646078414 1665.080817811984,-202.9998458606026,156.15434630440694
1665.080817811984,-202.9998458606026,156.15434630440694 1723.6066030732156,-204.78679806645323,143.05704653039987
1723.6066030732156,-204.78679806645323,143.05704653039987 1782.1323883344473,-206.57375027230384,129.9597467563928
1782.1323883344473,-206.57375027230384,129.9597467563928 1840.658173595679,-208.36070247815448,116.86244698238575
1840.658173595679,-208.36070247815448,116.86244698238575 1897.7200073776999,-190.52048079462554,121.92936080793766
1897.7200073776999,-190.52048079462554,121.92936080793766 1954.7818411597207,-172.68025911109663,126.99627463348955
1954.7818411597207,-172.68025911109663,126.99627463348955 2011.8436749417415,-154.84003742756772,132.06318845904144
1188.4738648742946,-105.30167239446902,247.02756379842583 1158.9561616734704,-66.37281576944468,212.19583516465917
1158.9561616734704,-66.37281576944468,212.19583516465917 1200.9260707529597,-108.74661839782824,218.75232680807633
1188.4738648742946,-105.30167239446902,247.02756379842583 1146.919227047078,-64.00671491815397,259.9866749592349
1156.197929976095,-35.007047313094674,303.2189781711673 1098.1925249341707,-38.892282202817704,318.06074140111934
1098.1925249341707,-38.892282202817704,318.06074140111934 1147.8299478222734,-9.30558836793929,334.20861423158317
1147.8299478222734,-9.30558836793929,334.20861423158317 1101.4051405277462,-19.88494245767411,370.7163467647058
1101.4051405277462,-19.88494245767411,370.7163467647058 1092.6977517500663,-63.14164526548372,411.3739296106052
1092.6977517500663,-63.14164526548372,411.3739296106052 1106.012124461954,-35.99387763233025,359.5499371763548
1106.012124461954,-35.99387763233025,359.5499371763548 1123.0618852804037,-91.33086701034155,343.82978251389926
1123.0618852804037,-91.33086701034155,343.82978251389926 1091.654389199658,-88.73962842920844,292.77241602723456
1091.654389199658,-88.73962842920844,292.77241602723456 1087.3858632661386,-87.25575285341267,352.60198897933265
1123.0618852804037,-91.33086701034155,343.82978251389926 1132.274018314188,-147.686372141074,325.41257191001444
1132.274018314188,-147.686372141074,325.41257191001444 1190.6009459351915,-161.72275154642563,326.3870294428167
1106.012124461954,-35.99387763233025,359.5499371763548 1100.5285782008575,18.739373012977993,335.5874249082248
1106.012124461954,-35.99387763233025,359.5499371763548 1152.0432782844514,-71.25917880557317,344.13918083767845
1106.012124461954,-35.99387763233025,359.5499371763548 1102.1416920367758,-60.73381403078558,305.0251235605109
1092.6977517500663,-63.14164526548372,411.3739296106052 1073.4351818974906,-35.32717412457637,361.8228590083844
1101.4051405277462,-19.88494245767411,370.7163467647058 1130.11328876755,-66.05763414032673,345.3406740165766
1130.11328876755,-66.05763414032673,345.3406740165766 1171.1727844425864,-74.8175771693921,388.2053589336411
1171.1727844425864,-74.8175771693921,388.2053589336411 1204.2164266503682,-65.77714890547873,338.9469752162561
1130.11328876755,-66.05763414032673,345.3406740165766 1104.25217172502,-102.16208529319884,385.68508171160204
1104.25217172502,-102.16208529319884,385.68508171160204 1045.9620172939162,-100.11228809015404,399.75832681799
1045.9620172939162,-100.11228809015404,399.75832681799 1043.6960564021374,-92.56624664258744,459.2387662893703
1043.6960564021374,-92.56624664258744,459.2387662893703 1000.7396089912705,-83.94148283478646,500.230924991945
1000.7396089912705,-83.94148283478646,500.230924991945 970.4475605478556,-132.61633963948333,482.5348769544861
1130.11328876755,-66.05763414032673,345.3406740165766 1078.6287122994029,-92.78315999596731,360.67314458185035
1078.6287122994029,-92.78315999596731,360.67314458185035 1075.5452837694702,-65.28142994738694,413.90985478107103
1101.4051405277462,-19.88494245767411,370.7163467647058 1074.7112295198783,1.4556706359100708,420.0317941204175
1074.7112295198783,1.4556706359100708,420.0317941204175 1021.3029504308505,-24.120902554556515,429.6958837610003
1021.3029504308505,-24.120902554556515,429.6958837610003 984.6257489609192,2.843311244048639,468.7818667543596
1074.7112295198783,1.4556706359100708,420.0317941204175 1071.4488230205297,-39.74490615908471,463.5274166081202
1147.8299478222734,-9.30558836793929,334.20861423158317 1138.930596153462,30.28737735176453,290.0136076653072
1147.8299478222734,-9.30558836793929,334.20861423158317 1181.8616385649266,-52.544867634649535,310.2877289283203
1147.8299478222734,-9.30558836793929,334.20861423158317 1187.122078201946,-29.639732886690524,374.7382460695035
1187.122078201946,-29.639732886690524,374.7382460695035 1229.7829673491713,-67.56642569545485,356.25542946169793
1098.1925249341707,-38.892282202817704,318.06074140111934 1074.1641961255395,4.707910390177233,284.56950940649045
1074.1641961255395,4.707910390177233,284.56950940649045 1092.320347645129,28.69238762878971,336.4838524495088
1092.320347645129,28.69238762878971,336.4838524495088 1046.2198664364757,22.310567735862,298.61542223138593
1074.1641961255395,4.707910390177233,284.56950940649045 1015.9792798665281,3.356079013953387,269.9856802844084
1098.1925249341707,-38.892282202817704,318.06074140111934 1103.098179986679,-87.59182652515486,283.35787507422185
1103.098179986679,-87.59182652515486,283.35787507422185 1059.235978019205,-89.25838860223037,324.2642292188748
1103.098179986679,-87.59182652515486,283.35787507422185 1067.4970164765439,-40.35515395651173,293.42037582539774
1098.1925249341707,-38.892282202817704,318.06074140111934 1105.9346581220555,6.631834763897707,356.370193865255
1105.9346581220555,6.631834763897707,356.370193865255 1057.8629105060722,-23.021507018680783,336.12701224104376
1105.9346581220555,6.631834763897707,356.370193865255 1121.053958896879,6.4045575313883525,298.30682254443
1156.197929976095,-35.007047313094674,303.2189781711673 1182.7469613643273,-83.54965360072117,280.0076811985475
1182.7469613643273,-83.54965360072117,280.0076811985475 1164.0191527065742,-33.87547613603373,307.9673892815253
1182.7469613643273,-83.54965360072117,280.0076811985475 1129.5761612194306,-68.02448310180867,256.9461311003613
1156.197929976095,-35.007047313094674,303.2189781711673 1198.199106983116,-2.3089147345966126,275.5290295272304
1198.199106983116,-2.3089147345966126,275.5290295272304 1228.8448287842225,-36.33559790714483,314.2978903250952
1156.197929976095,-35.007047313094674,303.2189781711673 1205.3373731401123,-67.23241338042148,315.33677117802716
1183.5153863290045,-50.491480218905565,252.09179444281855 1217.733434305112,-88.32981532389027,220.51038235932106
1217.733434305112,-88.32981532389027,220.51038235932106 1160.3366066166432,-105.10425991297751,215.5887789592222
1160.3366066166432,-105.10425991297751,215.5887789592222 1135.6415070220703,-157.64579010716454,230.73934531389884
1135.6415070220703,-157.64579010716454,230.73934531389884 1161.1568517478988,-120.7926635390705,190.85433251863736
1135.6415070220703,-157.64579010716454,230.73934531389884 1114.4260590726622,-211.7974755151923,245.4872175596144
1160.3366066166432,-105.10425991297751,215.5887789592222 1106.8436784899159,-116.72969785454922,191.02547639023808
1217.733434305112,-88.32981532389027,220.51038235932106 1177.5210304310533,-127.71780199767525,199.73662293895308
1183.5153863290045,-50.491480218905565,252.09179444281855 1216.7550356365946,-33.64293929351749,299.1157498548631
1216.7550356365946,-33.64293929351749,299.1157498548631 1198.1308113802477,-76.58180611749383,261.57388007295
1198.1308113802477,-76.58180611749383,261.57388007295 1159.307758392356,-36.849580949738005,284.24811302399144
1159.307758392356,-36.849580949738005,284.24811302399144 1168.512590028168,0.4551766711600038,330.33093122559893
1168.512590028168,0.4551766711600038,330.33093122559893 1208.5789673532684,32.67540171515062,361.2589526003537
1208.5789673532684,32.67540171515062,361.2589526003537 1202.9763285459996,35.86215867464763,301.6061654192305
1198.1308113802477,-76.58180611749383,261.57388007295 1178.3435957791382,-125.91199897496338,233.7350911014435
1183.5153863290045,-50.491480218905565,252.09179444281855 1195.825401031811,6.13539144353247,236.539915336342
1183.5153863290045,-50.491480218905565,252.09179444281855 1160.1798710132207,-105.37847937292192,245.54419573689398
1160.1798710132207,-105.37847937292192,245.54419573689398 1137.8787254560325,-65.65822108727681,206.493459654731
1137.8787254560325,-65.65822108727681,206.493459654731 1160.4679737952024,-26.555805121467657,245.99949622014896
1160.1798710132207,-105.37847937292192,245.54419573689398 1200.15216968595,-60.93855453166587,250.76994151349217
1160.1798710132207,-105.37847937292192,245.54419573689398 1145.341432164136,-147.80289542238822,285.293279441852
1145.341432164136,-147.80289542238822,285.293279441852 1155.6175262249778,-101.19028708637943,248.9385461191253
1160.1798710132207,-105.37847937292192,245.54419573689398 1155.2828464812776,-152.05327638272763,282.92711262184264
1183.5153863290045,-50.491480218905565,252.09179444281855 1197.8471841547212,-39.838164552359274,194.81085139548648
1183.5153863290045,-50.491480218905565,252.09179444281855 1213.7298727351654,-87.16731207567497,288.72467815166533
1200.0,0.0,280.0 1236.5619163960432,47.00628367870999,287.3236305317375
1236.5619163960432,47.00628367870999,287.3236305317375 1208.0474305606888,67.66984005209139,335.90285999814074
1208.0474305606888,67.66984005209139,335.90285999814074 1231.7029785850586,113.26341458596615,366.9131971277293
1231.7029785850586,113.26341458596615,366.9131971277293 1190.9608981237018,150.5760257841046,390.319434015723
1231.7029785850586,113.26341458596615,366.9131971277293 1205.7322754696702,138.3294719355677,414.8424715707963
1231.7029785850586,113.26341458596615,366.9131971277293 1195.1235480151895,143.02938501467014,329.8196361821737
1208.0474305606888,67.66984005209139,335.90285999814074 1156.5862171089657,98.26245226270778,339.8822554556235
1208.0474305606888,67.66984005209139,335.90285999814074 1181.957620055969,26.77160239986616,300.5948446932568
1181.957620055969,26.77160239986616,300.5948446932568 1134.8886621365314,0.3956460094277041,274.3494236665731
1236.5619163960432,47.00628367870999,287.3236305317375 1202.7656127786406,78.48032136117351,249.0196514464883
1202.7656127786406,78.48032136117351,249.0196514464883 1162.1564808100695,73.11909091242498,292.86204655481447
1162.1564808100695,73.11909091242498,292.86204655481447 1175.651634003214,113.54286559867508,335.0970945648363
1202.7656127786406,78.48032136117351,249.0196514464883 1232.1686751125478,99.99067456968632,296.6931727159875
1236.5619163960432,47.00628367870999,287.3236305317375 1242.6673207064734,36.1977619182656,346.0254183712929
1242.6673207064734,36.1977619182656,346.0254183712929 1212.0677103284754,42.57852286991407,294.8106769935154
1200.0,0.0,280.0 1180.6461922177268,38.33613786475651,238.09808288465547
1180.6461922177268,38.33613786475651,238.09808288465547 1207.5776624903133,15.831033765026895,286.76240450139153
1207.5776624903133,15.831033765026895,286.76240450139153 1239.7263959225156,31.28481789457164,335.0080208285008
1207.5776624903133,15.831033765026895,286.76240450139153 1213.3450316482329,73.29486435872322,303.03033696053484
1180.6461922177268,38.33613786475651,238.09808288465547 1230.9979947581412,20.218337961188887,265.23553500502595
1200.0,0.0,280.0 1218.482976498589,37.076261272596305,236.59803656746882
1218.482976498589,37.076261272596305,236.59803656746882 1198.9910287395455,65.89503046268712,285.4809836444096
1198.9910287395455,65.89503046268712,285.4809836444096 1201.6779415726062,15.594378533416965,318.0789117214814
1201.6779415726062,15.594378533416965,318.0789117214814 1165.7556506732817,-18.03476210448975,352.4106742235756
1165.7556506732817,-18.03476210448975,352.4106742235756 1222.462784773604,-7.567039737473559,368.9855869103784
1222.462784773604,-7.567039737473559,368.9855869103784 1171.9469721508863,-39.52425435437359,374.17105786255587
1165.7556506732817,-18.03476210448975,352.4106742235756 1177.9131624832946,-75.32249890804579,365.4609661174717
1201.6779415726062,15.594378533416965,318.0789117214814 1206.7491821444198,54.57160023826143,272.74615637576926
1201.6779415726062,15.594378533416965,318.0789117214814 1246.731649433947,18.2907125009912,357.6123556782158
1198.9910287395455,65.89503046268712,285.4809836444096 1213.755337610767,112.52941353723205,250.73548755050166
1213.755337610767,112.52941353723205,250.73548755050166 1208.0905246127847,55.608843060039625,268.84511345080296
1198.9910287395455,65.89503046268712,285.4809836444096 1163.9899834804444,107.83041415296827,260.6545778328698
1163.9899834804444,107.83041415296827,260.6545778328698 1121.6735726321288,83.07662888863956,226.06308338692168
1218.482976498589,37.076261272596305,236.59803656746882 1239.6630667790982,-5.609706714043277,273.05776658228194
1218.482976498589,37.076261272596305,236.59803656746882 1234.9738259895003,80.17787155550587,198.25350535259673
1200.0,0.0,280.0 1154.7817512223742,-39.31328987227306,276.8734656721252
1154.7817512223742,-39.31328987227306,276.8734656721252 1128.094463471384,-31.932228714327273,330.10229816616464
1128.094463471384,-31.932228714327273,330.10229816616464 1082.1141881814185,-68.04365024044021,343.5848617066186
1128.094463471384,-31.932228714327273,330.10229816616464 1072.6289282849289,-32.722774796186606,352.9703860480267
1072.6289282849289,-32.722774796186606,352.9703860480267 1057.0201023969598,12.74410152860321,388.8748107289116
1057.0201023969598,12.74410152860321,388.8748107289116 1019.7384194262403,-31.03736457985829,371.7499942258246
1057.0201023969598,12.74410152860321,388.8748107289116 1087.248876591414,36.898060081164644,343.0184317076474
1128.094463471384,-31.932228714327273,330.10229816616464 1130.4032976021608,-12.44542025662647,386.80268247782027
1130.4032976021608,-12.44542025662647,386.80268247782027 1175.4840512735423,24.654312427382543,400.6350894699277
1130.4032976021608,-12.44542025662647,386.80268247782027 1122.672417509173,-71.94053535848013,387.5541956214384
1122.672417509173,-71.94053535848013,387.5541956214384 1165.0099408303963,-102.26302153415827,357.75350852951567
1128.094463471384,-31.932228714327273,330.10229816616464 1175.878186929359,-62.75501756304975,349.2509654847758
1154.7817512223742,-39.31328987227306,276.8734656721252 1168.5319132448365,-88.3253014085836,245.1125499183155
1168.5319132448365,-88.3253014085836,245.1125499183155 1175.6452090996563,-112.3411661390464,190.59063447755062
1154.7817512223742,-39.31328987227306,276.8734656721252 1193.5752914115644,-1.0227803291369497,251.7956244867942
1200.0,0.0,280.0 1158.6662112052,-20.86361512978495,318.1605485754997
1158.6662112052,-20.86361512978495,318.1605485754997 1212.318738213733,-33.36260431767737,341.9340972142617
1212.318738213733,-33.36260431767737,341.9340972142617 1184.5838849424786,-62.01815339419636,386.7630769165168
1184.5838849424786,-62.01815339419636,386.7630769165168 1238.0839541017767,-35.09606305809765,383.1653482045034
1212.318738213733,-33.36260431767737,341.9340972142617 1207.6573318185067,-31.17036791069791,401.7125664983983
1207.6573318185067,-31.17036791069791,401.7125664983983 1222.3611681646437,-12.223733593826143,346.71418247878586
1158.6662112052,-20.86361512978495,318.1605485754997 1199.7336812884948,21.4323856417119,329.3190081329483
1158.6662112052,-20.86361512978495,318.1605485754997 1198.1384535310915,-65.0919465989148,308.8978933825826
1198.1384535310915,-65.0919465989148,308.8978933825826 1164.2699211752374,-34.76110277159244,348.0509574872353
1164.2699211752374,-34.76110277159244,348.0509574872353 1196.7209418350808,-10.566742566621159,392.34050695893933
1158.6662112052,-20.86361512978495,318.1605485754997 1133.2009708241062,-63.628179988971795,284.6536310100548
1200.0,0.0,280.0 1204.7687867281961,41.07065395658981,236.52057892842828
1204.7687867281961,41.07065395658981,236.52057892842828 1242.1670100482916,26.262184529577624,281.0411598515195
1204.7687867281961,41.07065395658981,236.52057892842828 1226.8952163806184,60.93034839951008,184.4051911099514
1200.0,0.0,280.0 1228.3952149116406,-9.785591337493303,331.9418325850882
1200.0,0.0,280.0 1173.2444786296028,43.1789393682947,311.93307487899256
1173.2444786296028,43.1789393682947,311.93307487899256 1186.4694039366527,-5.706204330658814,279.7563118945714
1186.4694039366527,-5.706204330658814,279.7563118945714 1201.5351457338527,-49.185599034566614,241.25221262862445
目标树
2480.0,0.0,0.0 2421.1460462928558,-2.2920620947397885,11.443713749967841
2421.1460462928558,-2.2920620947397885,11.443713749967841 2362.2920925857115,-4.584124189479578,22.887427499935686
2362.2920925857115,-4.584124189479578,22.887427499935686 2303.4381388785673,-6.876186284219367,34.33114124990353
2303.4381388785673,-6.876186284219367,34.33114124990353 2244.584185171423,-9.168248378959156,45.77485499987138
2244.584185171423,-9.168248378959156,45.77485499987138 2185.730231464279,-11.460310473698947,57.21856874983923
2185.730231464279,-11.460310473698947,57.21856874983923 2126.8762777571346,-13.752372568438737,68.66228249980708
2126.8762777571346,-13.752372568438737,68.66228249980708 2068.0223240499904,-16.044434663178528,80.10599624977493
2068.0223240499904,-16.044434663178528,80.10599624977493 2009.1683703428464,-18.33649675791832,91.54970999974279
2009.1683703428464,-18.33649675791832,91.54970999974279 1950.3144166357024,-20.62855885265811,102.99342374971064
1950.3144166357024,-20.62855885265811,102.99342374971064 1891.8059774127053,-16.9494094986551,115.76943250517849
1891.8059774127053,-16.9494094986551,115.76943250517849 1833.2975381897081,-13.270260144652093,128.54544126064633
1833.2975381897081,-13.270260144652093,128.54544126064633 1774.789098966711,-9.591110790649086,141.32145001611417
1774.789098966711,-9.591110790649086,141.32145001611417 1716.2806597437138,-5.911961436646079,154.097458771582
1716.2806597437138,-5.911961436646079,154.097458771582 1660.4473112839917,-3.337878727531495,175.91514192039244
1660.4473112839917,-3.337878727531495,175.91514192039244 1676.7257023483967,27.057228513262952,225.0186187848152
1716.2806597437138,-5.911961436646079,154.097458771582 1727.2950775327004,-50.54536396758216,115.54175907256104
1774.789098966711,-9.591110790649086,141.32145001611417 1723.1198197374226,-9.677413677895384,171.82191125422463
1723.1198197374226,-9.677413677895384,171.82191125422463 1685.7922506132343,37.19373964460405,174.94402103731886
1833.2975381897081,-13.270260144652093,128.54544126064633 1818.188167002747,-65.58063028348968,153.75123579826075
1818.188167002747,-65.58063028348968,153.75123579826075 1776.6480021830598,-44.78048846503164,115.78060494907339
1818.188167002747,-65.58063028348968,153.75123579826075 1854.6677400065262,-105.47910092756783,127.72523353656915
1818.188167002747,-65.58063028348968,153.75123579826075 1819.3816610192,-121.09944813925534,131.030398755339
1833.2975381897081,-13.270260144652093,128.54544126064633 1786.8259360445622,18.935400750054413,148.6249233356013
1891.8059774127053,-16.9494094986551,115.76943250517849 1941.4782290222447,-11.332658484196266,148.95255363746773
1941.4782290222447,-11.332658484196266,148.95255363746773 1899.4866217875551,5.722379480777814,188.26960594128195
1941.4782290222447,-11.332658484196266,148.95255363746773 1882.8670372582371,-24.069417539202917,147.3704130693024
1891.8059774127053,-16.9494094986551,115.76943250517849 1933.246658532399,25.42555371557868,125.09855041247275
1950.3144166357024,-20.62855885265811,102.99342374971064 1956.6381148368393,4.8953937379346435,49.06255424796692
1950.3144166357024,-20.62855885265811,102.99342374971064 1989.3198745135976,-37.63801757191758,145.29298131020477
1989.3198745135976,-37.63801757191758,145.29298131020477 2020.1438851844246,-75.76161559974673,179.88303247491461
2020.1438851844246,-75.76161559974673,179.88303247491461 2014.6082282634086,-102.7804899699817,233.168461348278
2020.1438851844246,-75.76161559974673,179.88303247491461 2045.5495946469987,-74.57401348058191,125.54023600739896
2045.5495946469987,-74.57401348058191,125.54023600739896 2006.3003523566047,-112.49004633796645,150.47758614705256
2020.1438851844246,-75.76161559974673,179.88303247491461 2051.544694064362,-95.30108932531303,227.12917695479308
2020.1438851844246,-75.76161559974673,179.88303247491461 2062.445529024972,-83.70349988516124,138.0799536124129
1989.3198745135976,-37.63801757191758,145.29298131020477 1991.2698844915074,21.615624387720445,136.0624138517504
2009.1683703428464,-18.33649675791832,91.54970999974279 2012.796482253657,21.082532841814604,46.46116478726099
2012.796482253657,21.082532841814604,46.46116478726099 1982.3152491925796,-6.292193076105953,90.29629695308225
2009.1683703428464,-18.33649675791832,91.54970999974279 2057.8002279124803,-51.132424963616714,104.17387422766433
2057.8002279124803,-51.132424963616714,104.17387422766433 2028.565195841022,-99.65808407609043,123.93680183166053
2028.565195841022,-99.65808407609043,123.93680183166053 2071.254848359912,-128.7992475984847,154.40623169796223
2071.254848359912,-128.7992475984847,154.40623169796223 2084.6767487923216,-80.80829328959095,120.9888575745492
2084.6767487923216,-80.80829328959095,120.9888575745492 2127.969565928854,-85.01388130682159,79.66035634583173
2028.565195841022,-99.65808407609043,123.93680183166053 2044.2177139366497,-131.45652586634174,172.35020676229976
2028.565195841022,-99.65808407609043,123.93680183166053 2071.803234072006,-122.65213183191524,158.6030075331617
2057.8002279124803,-51.132424963616714,104.17387422766433 2057.3970577880586,-5.008698641535091,142.54625132391013
2057.3970577880586,-5.008698641535091,142.54625132391013 2012.8439423541665,-45.181956489910746,141.48358534525002
2057.8002279124803,-51.132424963616714,104.17387422766433 2109.1773511050155,-44.88443993030738,134.52768610496537
2109.1773511050155,-44.88443993030738,134.52768610496537 2055.1400883927654,-19.441205684109413,128.81663806976715
2055.1400883927654,-19.441205684109413,128.81663806976715 2022.2055440126633,-24.49807887690434,78.91930527544766
2055.1400883927654,-19.441205684109413,128.81663806976715 2053.2837270611676,-59.1599235477382,83.88360596780453
2009.1683703428464,-18.33649675791832,91.54970999974279 2047.060040116354,-40.47350431146921,50.63303542385036
2047.060040116354,-40.47350431146921,50.63303542385036 2082.9922556272395,-66.88084547911899,10.489191301312381
2009.1683703428464,-18.33649675791832,91.54970999974279 1971.9190818129048,19.702886368212248,63.88211459651693
2068.0223240499904,-16.044434663178528,80.10599624977493 2060.9849167091666,-69.85105920067556,54.5067373972194
2060.9849167091666,-69.85105920067556,54.5067373972194 2074.45699430658,-25.348311163422174,16.58565431218596
2074.45699430658,-25.348311163422174,16.58565431218596 2024.092065553604,-41.00841550738957,45.18871505126971
2024.092065553604,-41.00841550738957,45.18871505126971 2075.140777342885,-57.91543434658037,18.57703080118602
2075.140777342885,-57.91543434658037,18.57703080118602 2119.039089941461,-89.06214327700373,45.08779604478471
2119.039089941461,-89.06214327700373,45.08779604478471 2074.4023755301937,-114.52183295694527,14.114130973178291
2119.039089941461,-89.06214327700373,45.08779604478471 2162.1233192834984,-48.13913777693154,53.397838333712805
2074.45699430658,-25.348311163422174,16.58565431218596 2113.576981518665,-53.8483839920267,52.04510226742838
2113.576981518665,-53.8483839920267,52.04510226742838 2064.1174451499132,-60.044778512681155,85.44209250805534
2064.1174451499132,-60.044778512681155,85.44209250805534 2106.464506287488,-68.58983474722771,43.80426803367931
2113.576981518665,-53.8483839920267,52.04510226742838 2079.9579969749184,-88.74631324220871,87.42727874509308
2113.576981518665,-53.8483839920267,52.04510226742838 2085.378117996066,-9.246769581316663,80.60241460581518
2074.45699430658,-25.348311163422174,16.58565431218596 2069.9100758500304,-31.40479930765099,76.10577262447012
2069.9100758500304,-31.40479930765099,76.10577262447012 2122.9220337965767,-53.28468710454015,58.47050044995696
2122.9220337965767,-53.28468710454015,58.47050044995696 2166.7430788881347,-12.365278826889273,60.77658659114206
2166.7430788881347,-12.365278826889273,60.77658659114206 2172.4604014815873,-40.31730359360064,7.994046544233072
2166.7430788881347,-12.365278826889273,60.77658659114206 2210.3533583986823,20.8601213789279,36.400034288258794
2210.3533583986823,20.8601213789279,36.400034288258794 2191.7918445778114,50.7329537769521,85.01159761631048
2191.7918445778114,50.7329537769521,85.01159761631048 2182.560448270483,8.832288653891545,126.95340950447502
2166.7430788881347,-12.365278826889273,60.77658659114206 2108.872256480725,3.3278446146052936,58.61007083074071
2122.9220337965767,-53.28468710454015,58.47050044995696 2155.3775842734,-67.65668394908096,106.84490432170391
2155.3775842734,-67.65668394908096,106.84490432170391 2195.2907201542234,-43.193454359693945,69.31502313063376
2122.9220337965767,-53.28468710454015,58.47050044995696 2082.483396162915,-15.418495468851773,81.51107590593733
2069.9100758500304,-31.40479930765099,76.10577262447012 2015.7749059110326,-57.17696201134648,78.38151541531339
2074.45699430658,-25.348311163422174,16.58565431218596 2057.9182827062878,-82.85501567399834,20.995864617334288
2057.9182827062878,-82.85501567399834,20.995864617334288 2077.784983297929,-106.15789874489528,72.59324680079567
2074.45699430658,-25.348311163422174,16.58565431218596 2101.593691528563,7.024808762316965,59.195286675727196
2101.593691528563,7.024808762316965,59.195286675727196 2096.582830949986,49.98153258404671,17.60669262921366
2101.593691528563,7.024808762316965,59.195286675727196 2154.358427390658,35.58653151760531,59.52791658024617
2060.9849167091666,-69.85105920067556,54.5067373972194 2011.560971940739,-37.73707357774487,65.73017764242161
2011.560971940739,-37.73707357774487,65.73017764242161 2001.944994328259,-84.50940300894715,29.3999949545328
2001.944994328259,-84.50940300894715,29.3999949545328 1982.867699841216,-133.076422181532,59.01927049841488
2011.560971940739,-37.73707357774487,65.73017764242161 1989.9464638581342,-65.99434706632195,17.41517443080246
1989.9464638581342,-65.99434706632195,17.41517443080246 1990.3354814311158,-25.309616143422723,-26.68245969007979
1990.3354814311158,-25.309616143422723,-26.68245969007979 1959.2357072968746,25.918963903532706,-23.77787104934998
2011.560971940739,-37.73707357774487,65.73017764242161 2045.6792012575984,4.066842982807856,91.9671551451855
2011.560971940739,-37.73707357774487,65.73017764242161 1972.693668032474,-73.15010933324695,94.6308625042396
1972.693668032474,-73.15010933324695,94.6308625042396 1977.9824620911597,-96.4015223382448,149.68901767380396
2060.9849167091666,-69.85105920067556,54.5067373972194 2118.96376274484,-82.58534345118673,45.77224159042923
2118.96376274484,-82.58534345118673,45.77224159042923 2148.7031208840085,-69.34284809426066,96.17270680844162
2148.7031208840085,-69.34284809426066,96.17270680844162 2116.485797593623,-100.93394251994079,135.72073878211313
2116.485797593623,-100.93394251994079,135.72073878211313 2090.2221401193538,-66.9486201394115,93.82541495276726
2090.2221401193538,-66.9486201394115,93.82541495276726 2045.7468679349702,-60.81275639328047,54.022131919656694
2045.7468679349702,-60.81275639328047,54.022131919656694 1994.2894298326112,-74.53865020714545,81.65783171091223
2090.2221401193538,-66.9486201394115,93.82541495276726 2059.298464313949,-40.13310337280583,49.95453240839508
2059.298464313949,-40.13310337280583,49.95453240839508 2104.8612013477205,-67.96689579233852,22.580877308322556
2059.298464313949,-40.13310337280583,49.95453240839508 2074.299403855297,17.930706996396225,48.0662161514725
2116.485797593623,-100.93394251994079,135.72073878211313 2133.7877771619296,-128.64500237882362,85.39441699604066
2133.7877771619296,-128.64500237882362,85.39441699604066 2150.848260675262,-185.7226791247068,78.24747921935703
2150.848260675262,-185.7226791247068,78.24747921935703 2103.3851151319195,-216.38247417449367,58.06761840128942
2116.485797593623,-100.93394251994079,135.72073878211313 2058.7581973168712,-115.28907204649813,127.88145166124879
2058.7581973168712,-115.28907204649813,127.88145166124879 2078.5054455990316,-131.43335753214913,73.57299714963052
2058.7581973168712,-115.28907204649813,127.88145166124879 2026.7231674071284,-65.40660714862643,137.12788634681704
2058.7581973168712,-115.28907204649813,127.88145166124879 2109.3291811978934,-136.7973133748871,151.96404172679607
2116.485797593623,-100.93394251994079,135.72073878211313 2109.051099568599,-159.40338265859685,146.94793055694353
2109.051099568599,-159.40338265859685,146.94793055694353 2130.356851017274,-153.91645096516953,202.7687021012257
2148.7031208840085,-69.34284809426066,96.17270680844162 2146.1741497636694,-127.55253191037818,110.49880240703786
2146.1741497636694,-127.55253191037818,110.49880240703786 2185.0701780020736,-100.68125893712683,147.44516455643353
2148.7031208840085,-69.34284809426066,96.17270680844162 2174.276753988733,-41.50691621676617,142.7683094586534
2118.96376274484,-82.58534345118673,45.77224159042923 2072.9821522881193,-63.280676364366144,12.410267301226547
2072.9821522881193,-63.280676364366144,12.410267301226547 2040.3585431632443,-106.5664813998733,38.14038992229919
2040.3585431632443,-106.5664813998733,38.14038992229919 2029.2870613988587,-79.40322600470282,90.48138578479322
2040.3585431632443,-106.5664813998733,38.14038992229919 2003.3198564252664,-103.01320368175315,-8.928813408369706
2072.9821522881193,-63.280676364366144,12.410267301226547 2030.580822383576,-101.48878481753266,-6.090210280640015
2030.580822383576,-101.48878481753266,-6.090210280640015 2058.200890015596,-50.226845498675985,8.378564417740826
2072.9821522881193,-63.280676364366144,12.410267301226547 2034.0382502019972,-35.07763377758166,-23.477904554616998
2118.96376274484,-82.58534345118673,45.77224159042923 2065.9129190356853,-79.90321052913968,73.67231586874063
2065.9129190356853,-79.90321052913968,73.67231586874063 2105.0273257252543,-124.20383690684545,63.303242049641774
2105.0273257252543,-124.20383690684545,63.303242049641774 2108.0027181423334,-184.1119345784938,61.83121170734874
2108.0027181423334,-184.1119345784938,61.83121170734874 2063.2038090756378,-176.9334429723439,22.568926945832914
2065.9129190356853,-79.90321052913968,73.67231586874063 2110.12652065064,-39.3445637831126,74.06424234788004
2110.12652065064,-39.3445637831126,74.06424234788004 2078.8456245995653,-62.56463131255173,28.431644282788987
2065.9129190356853,-79.90321052913968,73.67231586874063 2020.4845232411399,-107.1645121803803,45.51059916300362
2020.4845232411399,-107.1645121803803,45.51059916300362 2053.092431160977,-148.81828875897284,73.82468113350235
2020.4845232411399,-107.1645121803803,45.51059916300362 1997.2454473867863,-70.18307169003072,4.372801303925989
2020.4845232411399,-107.1645121803803,45.51059916300362 2042.7603909992529,-111.01136062592377,-10.068061064282155
2065.9129190356853,-79.90321052913968,73.67231586874063 2077.7799031823383,-118.20128205155913,118.30898694675376
2068.0223240499904,-16.044434663178528,80.10599624977493 2040.8664920383512,22.77389019439105,116.92580671924678
2040.8664920383512,22.77389019439105,116.92580671924678 2024.6656211369402,15.086043327016789,59.66824134505697
2024.6656211369402,15.086043327016789,59.66824134505697 1982.2391048945135,47.392865432309215,87.16842252606193
1982.2391048945135,47.392865432309215,87.16842252606193 1982.0480033027097,14.79711741716848,137.54183507191848
1982.0480033027097,14.79711741716848,137.54183507191848 1930.7212895071393,-15.813270338371098,142.88717064633488
2024.6656211369402,15.086043327016789,59.66824134505697 2061.951482755449,-31.87650902936837,57.59865212513921
2024.6656211369402,15.086043327016789,59.66824134505697 2038.3414009590258,-33.83827104562431,91.59604285760746
2126.8762777571346,-13.752372568438737,68.66228249980708 2114.001510045649,25.680120364709346,112.01339387486317
2114.001510045649,25.680120364709346,112.01339387486317 2149.466023282392,50.31894898110306,153.66908286559809
2149.466023282392,50.31894898110306,153.66908286559809 2205.515253685522,53.26173002348738,174.87813307897267
2149.466023282392,50.31894898110306,153.66908286559809 2093.5910593480753,32.00732918690587,165.61366263432745
2114.001510045649,25.680120364709346,112.01339387486317 2080.7081867708494,7.095599426990205,158.34017022326844
2114.001510045649,25.680120364709346,112.01339387486317 2109.1648481344164,-7.386988892858909,161.8448396386023
2109.1648481344164,-7.386988892858909,161.8448396386023 2155.980937154325,-12.623198552113736,124.68523903143333
2114.001510045649,25.680120364709346,112.01339387486317 2115.0088793988452,35.20677428769142,52.783096965106154
2115.0088793988452,35.20677428769142,52.783096965106154 2125.873920924474,-5.232223844406896,95.75562659414372
2114.001510045649,25.680120364709346,112.01339387486317 2076.9371434728596,71.60849754595411,101.20520716037566
2076.9371434728596,71.60849754595411,101.20520716037566 2097.876558406123,80.9018904680062,45.75095799722332
2097.876558406123,80.9018904680062,45.75095799722332 2125.1762236750724,62.48754354306675,95.90711518187294
2126.8762777571346,-13.752372568438737,68.66228249980708 2147.4571704882524,35.08737173318243,96.78889322599456
2147.4571704882524,35.08737173318243,96.78889322599456 2115.1198352100446,19.95745939102143,48.566673247821555
2126.8762777571346,-13.752372568438737,68.66228249980708 2142.1327001975037,-42.32728765972773,18.157670810906517
2142.1327001975037,-42.32728765972773,18.157670810906517 2168.3918035086776,-41.95419112439647,72.10505529123526
2142.1327001975037,-42.32728765972773,18.157670810906517 2143.9579713066323,-1.7909957837110255,-26.04049008206009
2142.1327001975037,-42.32728765972773,18.157670810906517 2183.923815934811,-32.61721337014019,-23.785351287193187
2185.730231464279,-11.460310473698947,57.21856874983923 2138.520084539738,-4.315823932308801,20.884585491418996
2138.520084539738,-4.315823932308801,20.884585491418996 2090.0101322719074,-39.397613063639234,16.87801559715189
2090.0101322719074,-39.397613063639234,16.87801559715189 2031.995921860424,-25.92802175921537,9.603299078694265
2031.995921860424,-25.92802175921537,9.603299078694265 2072.8181801385886,-12.958897621790568,-32.412710348414336
2072.8181801385886,-12.958897621790568,-32.412710348414336 2095.053154961872,-68.62860581931452,-34.960156875915494
2090.0101322719074,-39.397613063639234,16.87801559715189 2099.080975544956,-4.7477611351642395,-31.258327883118238
2138.520084539738,-4.315823932308801,20.884585491418996 2172.2222118956815,14.739716074744875,-24.952659263510697
2185.730231464279,-11.460310473698947,57.21856874983923 2223.54740623737,-0.8969771075623214,102.58680962798351
2223.54740623737,-0.8969771075623214,102.58680962798351 2252.593010478423,35.408787826460326,64.66261805021071
2244.584185171423,-9.168248378959156,45.77485499987138 2210.9474490543716,24.28151451141479,82.51289177335195
2362.2920925857115,-4.584124189479578,22.887427499935686 2369.02575156028,-57.32996818747036,50.6819193599039
2369.02575156028,-57.32996818747036,50.6819193599039 2420.321551069966,-29.192593741160493,37.37669061590209
2362.2920925857115,-4.584124189479578,22.887427499935686 2374.344042359153,37.14343394954251,-18.507758191313297
2374.344042359153,37.14343394954251,-18.507758191313297 2410.9312206226964,82.0682270996291,-34.10074851176215
2374.344042359153,37.14343394954251,-18.507758191313297 2345.6610718052516,-13.870980868439638,-31.729584123569893
2374.344042359153,37.14343394954251,-18.507758191313297 2335.4545218773133,-7.262266035174761,-29.26596461988889
2421.1460462928558,-2.2920620947397885,11.443713749967841 2464.7987556463095,34.298541321104835,-7.412815829126483
2464.7987556463095,34.298541321104835,-7.412815829126483 2421.7070035387196,13.440355187786817,28.75397793982525
2464.7987556463095,34.298541321104835,-7.412815829126483 2424.4763380105883,78.53959557519002,-3.310163699395039
2424.4763380105883,78.53959557519002,-3.310163699395039 2439.2034640559186,99.16669692797262,-57.6943015359645
2439.2034640559186,99.16669692797262,-57.6943015359645 2480.6389965574053,136.2920132335185,-80.16222390389657
2421.1460462928558,-2.2920620947397885,11.443713749967841 2442.609262069675,-40.17577039455228,-29.837698701308717
2442.609262069675,-40.17577039455228,-29.837698701308717 2438.4096197604645,2.3080961907830826,-71.99791791841093
2438.4096197604645,2.3080961907830826,-71.99791791841093 2404.121004446008,-15.162225079661926,-118.03137026042705
2404.121004446008,-15.162225079661926,-118.03137026042705 2420.025624255201,29.08127193243722,-155.3081195938307
2420.025624255201,29.08127193243722,-155.3081195938307 2365.9269456871184,48.39405459268585,-137.97752805443776
2365.9269456871184,48.39405459268585,-137.97752805443776 2415.2973640483433,16.26413666115659,-149.3893712250566
2404.121004446008,-15.162225079661926,-118.03137026042705 2383.8758704271468,-59.658854825909884,-83.24366424546167
2438.4096197604645,2.3080961907830826,-71.99791791841093 2478.2056846791907,-14.037919607134295,-113.81993346666933
2478.2056846791907,-14.037919607134295,-113.81993346666933 2486.0877764083384,-72.01907891974905,-127.08861067046355
2438.4096197604645,2.3080961907830826,-71.99791791841093 2386.9317815274608,-2.03195542563353,-41.48241164989976
2438.4096197604645,2.3080961907830826,-71.99791791841093 2386.802369183895,-16.056736869344324,-47.51476872144643
2386.802369183895,-16.056736869344324,-47.51476872144643 2408.1528046024273,-65.18222222747295,-20.480612626473505
2438.4096197604645,2.3080961907830826,-71.99791791841093 2396.879873627059,2.6573211961361913,-28.694820708274293
2442.609262069675,-40.17577039455228,-29.837698701308717 2439.598668834428,-97.38801337346257,-47.661715692268224
2439.598668834428,-97.38801337346257,-47.661715692268224 2396.3651818253584,-120.89829346241106,-81.9856480307374
2396.3651818253584,-120.89829346241106,-81.9856480307374 2382.4310805979403,-64.52017918754552,-66.90754955001806
2439.598668834428,-97.38801337346257,-47.661715692268224 2411.6377691427515,-136.17441865823736,-83.90813418454435
2411.6377691427515,-136.17441865823736,-83.90813418454435 2461.1991008711316,-160.1973543247322,-107.71092728268563
2439.598668834428,-97.38801337346257,-47.661715692268224 2406.7847475493745,-66.28083892213638,-8.220743752506408
2406.7847475493745,-66.28083892213638,-8.220743752506408 2454.987300855554,-74.56409549577027,-42.9756213281829
2442.609262069675,-40.17577039455228,-29.837698701308717 2443.7179537043935,-67.96359561418745,-83.00354838343185
2443.7179537043935,-67.96359561418745,-83.00354838343185 2449.616653899033,-16.484414037568882,-113.25415499247852
2449.616653899033,-16.484414037568882,-113.25415499247852 2443.476825211343,-50.34835551450395,-162.4022574109091
2443.476825211343,-50.34835551450395,-162.4022574109091 2396.4312588344796,-14.162787390832996,-171.19539927529965
2442.609262069675,-40.17577039455228,-29.837698701308717 2416.3252099866927,-5.559031538336036,-71.19987945933465
2416.3252099866927,-5.559031538336036,-71.19987945933465 2404.7181526390605,13.534202749459876,-126.88403002446503
2404.7181526390605,13.534202749459876,-126.88403002446503 2424.662877368012,47.75444508798266,-81.81538272083361
2416.3252099866927,-5.559031538336036,-71.19987945933465 2439.635787223887,41.28696923887115,-41.83886448963884
2439.635787223887,41.28696923887115,-41.83886448963884 2475.3937342384243,84.93946639791119,-21.446985785470126
2416.3252099866927,-5.559031538336036,-71.19987945933465 2363.7457042252927,-24.578164039714885,-49.435960400904534
2416.3252099866927,-5.559031538336036,-71.19987945933465 2463.211939208467,15.44383720853175,-40.20771710680009
2442.609262069675,-40.17577039455228,-29.837698701308717 2387.6422770622116,-16.156736341901794,-31.1478751653419
2387.6422770622116,-16.156736341901794,-31.1478751653419 2425.2873939494275,-36.072953090335496,-73.41121016126061
2425.2873939494275,-36.072953090335496,-73.41121016126061 2387.4467390362734,-75.5327090979508,-98.12987702586028
2421.1460462928558,-2.2920620947397885,11.443713749967841 2458.04053934198,-42.38013734373491,-13.69077660649275
2458.04053934198,-42.38013734373491,-13.69077660649275 2447.043999172018,12.127401229644164,-36.2297282893463
2447.043999172018,12.127401229644164,-36.2297282893463 2480.8075095119957,61.6372009439034,-33.26238911490492
2480.8075095119957,61.6372009439034,-33.26238911490492 2472.618892392979,109.2620098768122,-68.82675504179977
2421.1460462928558,-2.2920620947397885,11.443713749967841 2424.8101627809124,-61.486471206197514,2.355469678238464
2424.8101627809124,-61.486471206197514,2.355469678238464 2442.9195049281047,-79.15448427054947,56.760368734792245
2442.9195049281047,-79.15448427054947,56.760368734792245 2473.860859980116,-121.88173900385291,85.34382987057455
2473.860859980116,-121.88173900385291,85.34382987057455 2423.9959350053186,-141.0632092187551,58.03887688301828
2423.9959350053186,-141.0632092187551,58.03887688301828 2365.5600900173954,-143.00194726931122,44.56693139178646
2365.5600900173954,-143.00194726931122,44.56693139178646 2334.55837421915,-117.24329695760186,89.0122410620306
2365.5600900173954,-143.00194726931122,44.56693139178646 2380.4336589949544,-177.9711856891503,-1.8650544607080306
2423.9959350053186,-141.0632092187551,58.03887688301828 2464.0572226294425,-102.21925991157818,80.08974616562693
2464.0572226294425,-102.21925991157818,80.08974616562693 2438.3615894745158,-51.95285321871853,59.7667839072489
2438.3615894745158,-51.95285321871853,59.7667839072489 2446.3044308215276,0.12178833512382425,31.041481848349022
2424.8101627809124,-61.486471206197514,2.355469678238464 2429.3250299284996,-41.617832377207556,58.78997300486297
2429.3250299284996,-41.617832377207556,58.78997300486297 2387.915233525916,-2.017531372116501,40.98421769365128
2387.915233525916,-2.017531372116501,40.98421769365128 2376.8138616999895,4.898295164371371,-17.572856062640028
2376.8138616999895,4.898295164371371,-17.572856062640028 2328.80189150912,-1.1443991628068506,-53.04589601778572
2429.3250299284996,-41.617832377207556,58.78997300486297 2401.0494777473596,10.555433396547507,67.64680581082459
2401.0494777473596,10.555433396547507,67.64680581082459 2382.711875453326,-21.668819383824356,20.47340361369087
2401.0494777473596,10.555433396547507,67.64680581082459 2361.8391243191586,54.51757226757676,79.04323200151683
2361.8391243191586,54.51757226757676,79.04323200151683 2406.0264294138324,14.03564953490634,76.0943338451989
2406.0264294138324,14.03564953490634,76.0943338451989 2438.130200684122,52.6387144172215,108.94477146658684
2438.130200684122,52.6387144172215,108.94477146658684 2459.3951400132555,108.2616728837717,116.28567377874859
2361.8391243191586,54.51757226757676,79.04323200151683 2330.4192360816423,72.03547281298616,31.023300893453587
2429.3250299284996,-41.617832377207556,58.78997300486297 2436.352620601322,-82.19182891315592,15.150956351916818
2424.8101627809124,-61.486471206197514,2.355469678238464 2469.1713454142423,-32.375463006692584,-25.65586154647677
2421.1460462928558,-2.2920620947397885,11.443713749967841 2389.8482967446394,-18.21316689606853,60.09522241231286
2389.8482967446394,-18.21316689606853,60.09522241231286 2422.025307283319,-68.46886097485165,53.849807657992585
2422.025307283319,-68.46886097485165,53.849807657992585 2393.35867913485,-104.51805514910586,15.396198854860351
2393.35867913485,-104.51805514910586,15.396198854860351 2397.3872263648623,-102.72873352514497,-44.44165818682845
2397.3872263648623,-102.72873352514497,-44.44165818682845 2357.7305883847416,-126.87547145452288,-6.4378937485047345
2357.7305883847416,-126.87547145452288,-6.4378937485047345 2332.049311212472,-158.63968604838715,-50.38680356474485
2357.7305883847416,-126.87547145452288,-6.4378937485047345 2318.9510307648843,-94.68227038223483,-38.99159884527372
2318.9510307648843,-94.68227038223483,-38.99159884527372 2331.4936974243096,-36.034800122853156,-37.215157108126235
2397.3872263648623,-102.72873352514497,-44.44165818682845 2444.156080770386,-78.2857975145688,-15.889650608063892
2393.35867913485,-104.51805514910586,15.396198854860351 2394.8075933237774,-136.23048381059476,66.31007236751996
2393.35867913485,-104.51805514910586,15.396198854860351 2343.4278394618523,-71.69620133587722,20.84020122558594
2393.35867913485,-104.51805514910586,15.396198854860351 2407.523826503518,-52.68846440710566,-11.306649748625286
2389.8482967446394,-18.21316689606853,60.09522241231286 2364.3647317272294,-58.45845110822197,23.613651548568143
2389.8482967446394,-18.21316689606853,60.09522241231286 2398.690547415559,-72.8521872970246,36.93508310581194
2398.690547415559,-72.8521872970246,36.93508310581194 2360.6685841730346,-38.18678850014111,6.070209261307966
2421.1460462928558,-2.2920620947397885,11.443713749967841 2385.0010950734927,40.8892066196577,32.15411050051013
2421.1460462928558,-2.2920620947397885,11.443713749967841 2459.9256273262463,23.505666824586392,-26.379840782620242
2480.0,0.0,0.0 2440.63248902283,35.52930584930363,-28.068977632415926
2480.0,0.0,0.0 2432.5740203372866,-7.200152220817826,-36.04073058400644
2432.5740203372866,-7.200152220817826,-36.04073058400644 2394.1640250806645,-30.80233333504344,3.552315661989283
2394.1640250806645,-30.80233333504344,3.552315661989283 2422.9473481653818,-76.6027952815064,-22.406074074113082
2432.5740203372866,-7.200152220817826,-36.04073058400644 2403.7779763450717,-35.39772806849067,-80.4894039805564
2403.7779763450717,-35.39772806849067,-80.4894039805564 2360.314147722915,-2.4623405397104534,-55.4662976619382
2360.314147722915,-2.4623405397104534,-55.4662976619382 2402.6233762917295,30.800709649168923,-28.9427483134084
2402.6233762917295,30.800709649168923,-28.9427483134084 2402.2383642919594,67.81504381302221,18.277912759543945
2360.314147722915,-2.4623405397104534,-55.4662976619382 2321.460555155442,-3.579729243741766,-9.759079554894342
2321.460555155442,-3.579729243741766,-9.759079554894342 2359.9208435110777,-34.59157526670302,-43.80422055694481
2360.314147722915,-2.4623405397104534,-55.4662976619382 2409.3624205945407,-28.719772797037727,-32.998227438565536
2403.7779763450717,-35.39772806849067,-80.4894039805564 2375.1746954677833,-80.8130907574471,-107.30911976737082
2403.7779763450717,-35.39772806849067,-80.4894039805564 2445.6748819910786,-75.00310758539473,-97.10455401333073
2445.6748819910786,-75.00310758539473,-97.10455401333073 2401.3305281163302,-37.3078600598608,-82.52214703026243
2432.5740203372866,-7.200152220817826,-36.04073058400644 2385.6725974701285,30.198416430704846,-37.307062236211436
2385.6725974701285,30.198416430704846,-37.307062236211436 2349.0128640901935,51.994428402213565,4.894807516797556
2349.0128640901935,51.994428402213565,4.894807516797556 2386.2632529774614,84.07156295247034,-29.50673266372383
2386.2632529774614,84.07156295247034,-29.50673266372383 2358.89127326054,109.54331210866408,-76.43182958744231
2385.6725974701285,30.198416430704846,-37.307062236211436 2368.2576846784937,18.61867150630853,-93.54433030593259
2368.2576846784937,18.61867150630853,-93.54433030593259 2414.866582300757,-13.545222457727412,-73.71771719356191
2414.866582300757,-13.545222457727412,-73.71771719356191 2446.7565510379777,-59.75887757105959,-52.56758776121454
2414.866582300757,-13.545222457727412,-73.71771719356191 2404.8521666163506,39.27582451068433,-100.35694532916592
2385.6725974701285,30.198416430704846,-37.307062236211436 2410.836715298586,-24.075968127235697,-32.71812393064623
2410.836715298586,-24.075968127235697,-32.71812393064623 2367.7522838368122,-45.0449169665751,3.3933001646294514
2385.6725974701285,30.198416430704846,-37.307062236211436 2337.9821654716584,22.038335789051306,-1.8241680515339027
