起始树
1300.0,0.0,380.0 1339.230021879415,-15.376460688567752,337.28501621171387
1339.230021879415,-15.376460688567752,337.28501621171387 1300.9790044729998,-61.31725950169393,332.1564031647027
1300.9790044729998,-61.31725950169393,332.1564031647027 1324.6185883774372,-100.48985323674137,293.3404531841343
1324.6185883774372,-100.48985323674137,293.3404531841343 1326.6064156012715,-63.17854271637531,246.39458382184634
1300.9790044729998,-61.31725950169393,332.1564031647027 1325.801112734247,-36.450671373827085,283.5198352723652
1339.230021879415,-15.376460688567752,337.28501621171387 1306.8602556775818,-21.143155811065153,387.4740933441221
1306.8602556775818,-21.143155811065153,387.4740933441221 1292.5689561676973,-34.256038948451774,330.6954789356671
1292.5689561676973,-34.256038948451774,330.6954789356671 1293.5963595608218,-84.12381395925573,364.0443838313249
1292.5689561676973,-34.256038948451774,330.6954789356671 1327.0710046707206,-78.08806128589461,352.7944035001098
1306.8602556775818,-21.143155811065153,387.4740933441221 1294.831661611386,-77.1007454971747,369.472396720979
1294.831661611386,-77.1007454971747,369.472396720979 1338.3626081724192,-51.48450820326677,401.85858325787564
1339.230021879415,-15.376460688567752,337.28501621171387 1338.1021871049027,-67.3550470711684,367.2342156398776
1338.1021871049027,-67.3550470711684,367.2342156398776 1291.384929946565,-99.30435791398267,387.1525343508278
1339.230021879415,-15.376460688567752,337.28501621171387 1337.5755039898775,-2.1177650457420967,278.79168701594904
1337.5755039898775,-2.1177650457420967,278.79168701594904 1290.920938602279,0.9416963648109951,241.1886123494856
1290.920938602279,0.9416963648109951,241.1886123494856 1236.0244840817645,-12.045729340495487,261.6264707164046
1337.5755039898775,-2.1177650457420967,278.79168701594904 1296.6945175842707,14.202786109028178,319.5640374572607
1296.6945175842707,14.202786109028178,319.5640374572607 1334.746294890617,44.8782968014603,354.36454445912364
1337.5755039898775,-2.1177650457420967,278.79168701594904 1305.0043429838508,-5.745293185040321,329.05062164769475
1305.0043429838508,-5.745293185040321,329.05062164769475 1294.2306580944971,-51.787765424116955,365.9832422427564
1305.0043429838508,-5.745293185040321,329.05062164769475 1248.1207942861117,-23.743768005210807,322.70107113607264
1337.5755039898775,-2.1177650457420967,278.79168701594904 1308.2990796186407,43.8906379839404,303.8140335624574
1308.2990796186407,43.8906379839404,303.8140335624574 1253.1073855054885,20.72269632378315,307.9520741799233
1308.2990796186407,43.8906379839404,303.8140335624574 1341.7338346643717,5.901787175104843,271.58106334164165
1341.7338346643717,5.901787175104843,271.58106334164165 1316.5408460558144,-47.04201661595446,258.8426582176508
1337.5755039898775,-2.1177650457420967,278.79168701594904 1284.2873696307047,18.363520933875996,260.3284353754647
1284.2873696307047,18.363520933875996,260.3284353754647 1234.6059889500395,-9.783400258363503,241.90260456486922
1234.6059889500395,-9.783400258363503,241.90260456486922 1291.5347945369012,-23.902815785803558,229.2632533308548
1284.2873696307047,18.363520933875996,260.3284353754647 1273.8988442310688,-37.36362482353522,240.6672104453297
1337.5755039898775,-2.1177650457420967,278.79168701594904 1339.5114918562567,-36.4860020104269,229.64826183087973
1339.5114918562567,-36.4860020104269,229.64826183087973 1317.9779213139009,-86.40185017969442,204.2570538793068
1317.9779213139009,-86.40185017969442,204.2570538793068 1301.3885166900645,-69.2790514707122,259.317034069989
1339.5114918562567,-36.4860020104269,229.64826183087973 1326.6675566043184,-5.08557442470779,279.1361035162677
1326.6675566043184,-5.08557442470779,279.1361035162677 1315.3441946496728,44.8355743334252,247.83657667140247
1339.5114918562567,-36.4860020104269,229.64826183087973 1291.7198470353662,-69.13803959370689,245.45342323384938
1291.7198470353662,-69.13803959370689,245.45342323384938 1263.3389780033506,-121.65460851083185,251.4979465533878
1263.3389780033506,-121.65460851083185,251.4979465533878 1301.9023211398471,-87.55364546971778,282.3199011605409
1339.5114918562567,-36.4860020104269,229.64826183087973 1292.7673971569677,-48.228457682876765,265.3848585564277
1292.7673971569677,-48.228457682876765,265.3848585564277 1234.8461861623025,-33.40115816730823,260.3564884440448
1234.8461861623025,-33.40115816730823,260.3564884440448 1273.3616429615258,-77.87996284389911,248.6008292924345
1339.5114918562567,-36.4860020104269,229.64826183087973 1323.3464225478933,-79.87002545339014,267.8126044055426
1323.3464225478933,-79.87002545339014,267.8126044055426 1286.7154465828598,-41.436074936346884,295.7590361545622
1286.7154465828598,-41.436074936346884,295.7590361545622 1236.314033427469,-70.5339132475266,310.3540132890434
1323.3464225478933,-79.87002545339014,267.8126044055426 1296.3643860323575,-44.5527282928743,227.5055550624052
1339.5114918562567,-36.4860020104269,229.64826183087973 1280.5193841686737,-28.711145157643998,237.36077319199592
1280.5193841686737,-28.711145157643998,237.36077319199592 1272.922725503832,-81.16848446697762,265.47693099698995
1272.922725503832,-81.16848446697762,265.47693099698995 1310.1715069377576,-111.49125600619938,229.5178179953071
1280.5193841686737,-28.711145157643998,237.36077319199592 1255.7651389204418,-53.68974002646746,285.97452783581633
1339.5114918562567,-36.4860020104269,229.64826183087973 1305.443782337493,-1.6447779468174701,264.6551222141603
1305.443782337493,-1.6447779468174701,264.6551222141603 1328.514752331117,1.7700937959220489,209.37339833968312
1328.514752331117,1.7700937959220489,209.37339833968312 1282.727448490109,-36.81277339874612,213.23152819879957
1282.727448490109,-36.81277339874612,213.23152819879957 1318.6321208227187,-81.85607247001148,196.43999123923308
1328.514752331117,1.7700937959220489,209.37339833968312 1301.0290423654565,4.0625649109839,262.658296048792
1328.514752331117,1.7700937959220489,209.37339833968312 1291.914203912804,-42.25861947208045,227.31419719153863
1291.914203912804,-42.25861947208045,227.31419719153863 1245.12639463436,-46.64515837936977,264.61914564799395
1328.514752331117,1.7700937959220489,209.37339833968312 1337.3788128309166,-39.875138745041085,251.647539821977
1328.514752331117,1.7700937959220489,209.37339833968312 1293.0009551445837,35.971275062229296,243.56476288371644
1293.0009551445837,35.971275062229296,243.56476288371644 1256.5301526831197,82.81402942258941,252.2617124496177
1328.514752331117,1.7700937959220489,209.37339833968312 1292.237045342648,3.1759728782263434,257.14317413635933
1292.237045342648,3.1759728782263434,257.14317413635933 1336.3524458631675,3.7046194681566007,297.807064379388
1328.514752331117,1.7700937959220489,209.37339833968312 1313.6088778989763,18.672709133915635,264.9802010004105
1328.514752331117,1.7700937959220489,209.37339833968312 1328.6977860606285,-39.38278714807082,253.03581797789613
1305.443782337493,-1.6447779468174701,264.6551222141603 1286.8395208256231,37.50723445020295,306.14007585836146
1305.443782337493,-1.6447779468174701,264.6551222141603 1269.2536619277205,-46.70158846907495,248.5256767715062
1269.2536619277205,-46.70158846907495,248.5256767715062 1252.8923606284372,-34.384963813634855,304.92256123236166
1305.443782337493,-1.6447779468174701,264.6551222141603 1263.2912695478235,-5.665419579737615,307.1639460790519
1305.443782337493,-1.6447779468174701,264.6551222141603 1286.6448527124664,47.00104483103477,234.98722422291252
1305.443782337493,-1.6447779468174701,264.6551222141603 1263.220407156602,3.664750674687445,306.9516409142985
1305.443782337493,-1.6447779468174701,264.6551222141603 1321.6946831098983,-34.533794812725354,312.1337573428102
1339.5114918562567,-36.4860020104269,229.64826183087973 1288.5841511060355,-41.745710384431725,260.9331053166841
1339.5114918562567,-36.4860020104269,229.64826183087973 1308.0331971362405,-78.51778825578722,258.67318054814984
1308.0331971362405,-78.51778825578722,258.67318054814984 1300.506188484813,-132.51794684253824,283.71967757601936
1300.506188484813,-132.51794684253824,283.71967757601936 1319.2468021102834,-90.01881319373591,321.7014237186347
1300.506188484813,-132.51794684253824,283.71967757601936 1329.8583078559693,-169.0109148557366,246.21345977137963
1339.5114918562567,-36.4860020104269,229.64826183087973 1316.079247378487,18.748442100219833,229.94169414313058
1316.079247378487,18.748442100219833,229.94169414313058 1265.597824352131,13.24885130421169,261.9007371561898
1339.5114918562567,-36.4860020104269,229.64826183087973 1281.6967233783491,-32.5341761443386,214.09719697441207
1281.6967233783491,-32.5341761443386,214.09719697441207 1326.750807269682,-71.00874297295249,223.57544744922444
1339.5114918562567,-36.4860020104269,229.64826183087973 1332.2449582815461,-68.7397584485021,279.7171412415569
1332.2449582815461,-68.7397584485021,279.7171412415569 1281.6251673895072,-60.71059508428796,310.91280289052673
1332.2449582815461,-68.7397584485021,279.7171412415569 1321.555045931507,-64.81698566885922,338.6267128549014
1339.5114918562567,-36.4860020104269,229.64826183087973 1312.8743687471676,7.341623953756432,260.78670872238155
1312.8743687471676,7.341623953756432,260.78670872238155 1282.6942804313715,27.981440807896902,308.35939237044045
1339.5114918562567,-36.4860020104269,229.64826183087973 1301.420289211051,-82.67902026048819,225.74117263412595
1337.5755039898775,-2.1177650457420967,278.79168701594904 1314.895781241699,-47.42322406444499,310.9327131223196
1314.895781241699,-47.42322406444499,310.9327131223196 1306.0301556001061,-2.8074354164028037,350.0585624459619
1314.895781241699,-47.42322406444499,310.9327131223196 1335.7025284172728,-89.59786205919927,348.19367368405483
1335.7025284172728,-89.59786205919927,348.19367368405483 1342.4546168425622,-45.380078645507,388.18363407259324
1314.895781241699,-47.42322406444499,310.9327131223196 1302.487427843848,1.9584524652110176,342.6735825035206
1337.5755039898775,-2.1177650457420967,278.79168701594904 1285.487800923742,-16.45164856111804,252.6878372488793
1285.487800923742,-16.45164856111804,252.6878372488793 1334.1190155674717,-21.062960345698322,217.84905475148298
1334.1190155674717,-21.062960345698322,217.84905475148298 1280.3522557967003,-17.583433722685683,244.2503508982996
1334.1190155674717,-21.062960345698322,217.84905475148298 1316.6571848971255,-72.29100596015167,243.74831752407258
1316.6571848971255,-72.29100596015167,243.74831752407258 1285.7365675882402,-118.94487975217598,222.13046644133698
1285.7365675882402,-118.94487975217598,222.13046644133698 1304.582774534863,-97.32776901403363,169.42827476907388
1334.1190155674717,-21.062960345698322,217.84905475148298 1317.5355923010106,-63.70172869433812,256.6681931560951
1285.487800923742,-16.45164856111804,252.6878372488793 1260.2830167226482,-60.451019241287874,220.61332660373768
1260.2830167226482,-60.451019241287874,220.61332660373768 1221.092774540781,-90.03136372045162,255.09706390439297
1285.487800923742,-16.45164856111804,252.6878372488793 1327.895518367692,13.756614538996324,282.50471739533947
1327.895518367692,13.756614538996324,282.50471739533947 1336.919052866532,72.89195201299175,277.8584622382357
1285.487800923742,-16.45164856111804,252.6878372488793 1235.2403261428253,-48.90170647753637,247.97773965305151
1285.487800923742,-16.45164856111804,252.6878372488793 1304.679775796483,23.45706988653741,212.2037379955942
1285.487800923742,-16.45164856111804,252.6878372488793 1276.8553675138335,-74.36928931798866,265.76560397648126
1285.487800923742,-16.45164856111804,252.6878372488793 1234.1229206759403,-35.46174999680959,228.18752866850178
1285.487800923742,-16.45164856111804,252.6878372488793 1304.0963680828581,30.007964578373603,219.59364477930177
1337.5755039898775,-2.1177650457420967,278.79168701594904 1310.3165961087263,-34.512776446234,236.27680518042098
1337.5755039898775,-2.1177650457420967,278.79168701594904 1326.9716699527467,24.63852250820557,331.43824226929354
1326.9716699527467,24.63852250820557,331.43824226929354 1282.8354052515276,18.005511485200678,291.3384504619459
1282.8354052515276,18.005511485200678,291.3384504619459 1258.998266015177,-36.63581230239232,284.54753537145496
1258.998266015177,-36.63581230239232,284.54753537145496 1290.5124849212586,-86.95879017994739,275.91898368101073
1326.9716699527467,24.63852250820557,331.43824226929354 1328.7977210870138,70.13238602395103,370.51475592731794
1326.9716699527467,24.63852250820557,331.43824226929354 1337.4909524608024,53.16465605340575,279.7119974754066
1337.4909524608024,53.16465605340575,279.7119974754066 1289.1877584606293,36.666449125898176,248.17454961482707
1337.5755039898775,-2.1177650457420967,278.79168701594904 1284.1755493386693,24.406486322459394,285.49309974800525
1337.5755039898775,-2.1177650457420967,278.79168701594904 1313.4621526155079,44.14657093570939,249.1579646427546
1313.4621526155079,44.14657093570939,249.1579646427546 1273.428579467756,60.306737393024946,290.82524246475117
1273.428579467756,60.306737393024946,290.82524246475117 1252.9683179414458,37.07554185837907,239.42787626466227
1252.9683179414458,37.07554185837907,239.42787626466227 1291.4078238736386,15.417929794319317,280.0893103683877
1337.5755039898775,-2.1177650457420967,278.79168701594904 1316.633240177358,-20.668172263657898,331.869968623932
1316.633240177358,-20.668172263657898,331.869968623932 1320.7612986798886,39.14932213787907,334.0668975080284
1320.7612986798886,39.14932213787907,334.0668975080284 1282.8083840837392,75.39703046581937,304.9863212649421
1320.7612986798886,39.14932213787907,334.0668975080284 1345.942195346439,-8.4722748476701,307.64520294438523
1337.5755039898775,-2.1177650457420967,278.79168701594904 1304.3058044993575,-25.959725147628696,322.6629536298791
1304.3058044993575,-25.959725147628696,322.6629536298791 1256.6287521154577,-9.072009515512978,354.93838912983284
1337.5755039898775,-2.1177650457420967,278.79168701594904 1299.2933986376581,40.92352346251286,295.5823955581977
1299.2933986376581,40.92352346251286,295.5823955581977 1246.160389394047,65.51750104844749,282.46677147007824
1246.160389394047,65.51750104844749,282.46677147007824 1269.0563739948661,105.44973410260275,243.98053168924653
1269.0563739948661,105.44973410260275,243.98053168924653 1309.1354928079775,149.2263920716319,252.77077925271968
1337.5755039898775,-2.1177650457420967,278.79168701594904 1339.215531031728,36.28940678401966,232.72435082921956
1337.5755039898775,-2.1177650457420967,278.79168701594904 1334.2653615116262,-47.9182569780156,317.40979022591296
1337.5755039898775,-2.1177650457420967,278.79168701594904 1344.0305544022126,-41.19198452883618,233.71910448553257
1344.0305544022126,-41.19198452883618,233.71910448553257 1299.0056076687692,-26.707921844790757,270.6374752488156
1344.0305544022126,-41.19198452883618,233.71910448553257 1322.2857638401615,-49.31315127034744,289.04731369357677
1344.0305544022126,-41.19198452883618,233.71910448553257 1291.5700157885453,-21.68328424486494,212.10192378142366
1344.0305544022126,-41.19198452883618,233.71910448553257 1312.7880383230379,-65.62260056213188,278.7418786034852
1344.0305544022126,-41.19198452883618,233.71910448553257 1285.8236508494797,-26.633341422265488,233.6712536929128
1344.0305544022126,-41.19198452883618,233.71910448553257 1331.9639209627592,11.409274219669264,259.9394007369224
1344.0305544022126,-41.19198452883618,233.71910448553257 1331.4073962806456,-86.82258592136267,196.86121393826608
1331.4073962806456,-86.82258592136267,196.86121393826608 1330.0629042658688,-132.57482448364595,235.6545768726924
1330.0629042658688,-132.57482448364595,235.6545768726924 1307.2085795012267,-149.19201437412354,182.72491751523876
1331.4073962806456,-86.82258592136267,196.86121393826608 1329.9114908239812,-146.33812222403142,204.3219917442619
1331.4073962806456,-86.82258592136267,196.86121393826608 1281.2962274916458,-95.73893702060177,228.63178909320266
1331.4073962806456,-86.82258592136267,196.86121393826608 1283.601186773944,-83.37449015488352,160.76859740542744
1331.4073962806456,-86.82258592136267,196.86121393826608 1332.5778074815603,-117.3079089997459,248.5262428691335
1331.4073962806456,-86.82258592136267,196.86121393826608 1290.5384754145584,-50.013445808540745,220.83658695718196
1290.5384754145584,-50.013445808540745,220.83658695718196 1256.723859794244,-45.87768838927844,270.2275505134784
1290.5384754145584,-50.013445808540745,220.83658695718196 1254.928101749058,-88.53036107935739,191.71016380870452
1331.4073962806456,-86.82258592136267,196.86121393826608 1300.343541228766,-138.06193455495355,193.76830900582038
1331.4073962806456,-86.82258592136267,196.86121393826608 1328.6294072388073,-138.04071652537925,165.7326759977632
1328.6294072388073,-138.04071652537925,165.7326759977632 1300.3639644156822,-89.7301288966566,187.34637223371868
1300.3639644156822,-89.7301288966566,187.34637223371868 1268.344282041581,-47.36102453517198,215.26767120542314
1328.6294072388073,-138.04071652537925,165.7326759977632 1336.5703602541867,-100.46500115429345,119.63487909206843
1336.5703602541867,-100.46500115429345,119.63487909206843 1278.2933576841663,-107.46319304397804,132.07739819910574
1336.5703602541867,-100.46500115429345,119.63487909206843 1314.554023651795,-143.48934941932583,155.1902778238981
1336.5703602541867,-100.46500115429345,119.63487909206843 1283.9894739495044,-128.78167229127507,125.41558243457769
1336.5703602541867,-100.46500115429345,119.63487909206843 1293.3751217810855,-109.29651140912674,160.3310189565654
1336.5703602541867,-100.46500115429345,119.63487909206843 1334.695529603165,-158.55349812113985,134.5416403151734
1328.6294072388073,-138.04071652537925,165.7326759977632 1326.058362909196,-103.72422330954012,116.58221288272794
1328.6294072388073,-138.04071652537925,165.7326759977632 1281.9375017390273,-152.81362949043745,131.06818403081775
1328.6294072388073,-138.04071652537925,165.7326759977632 1328.551155307489,-197.77962420321927,171.32345287524217
1328.6294072388073,-138.04071652537925,165.7326759977632 1329.6131106853127,-179.87974482612196,208.72718772169122
1328.6294072388073,-138.04071652537925,165.7326759977632 1292.7129503696156,-116.898042440348,122.57024489735318
1328.6294072388073,-138.04071652537925,165.7326759977632 1282.9939591542138,-176.70826859041586,161.01819878220095
1328.6294072388073,-138.04071652537925,165.7326759977632 1365.395792999531,-162.48199825066712,206.36341098642362
1365.395792999531,-162.48199825066712,206.36341098642362 1416.445970797598,-159.87467370634803,174.9455624683225
1416.445970797598,-159.87467370634803,174.9455624683225 1414.876471930235,-210.2875630004562,142.44822001812602
1414.876471930235,-210.2875630004562,142.44822001812602 1419.3036823244872,-222.67391186876378,200.98861777760152
1414.876471930235,-210.2875630004562,142.44822001812602 1365.7899825703003,-243.7251252934268,150.95974104674985
1414.876471930235,-210.2875630004562,142.44822001812602 1363.2416321417554,-204.51004365374527,172.45594552700825
1414.876471930235,-210.2875630004562,142.44822001812602 1431.8859161830885,-199.95006442555444,199.05047200003023
1431.8859161830885,-199.95006442555444,199.05047200003023 1481.2720204299767,-193.66429491309074,165.56164089245527
1481.2720204299767,-193.66429491309074,165.56164089245527 1530.6581246768649,-187.37852540062704,132.07280978488032
1530.6581246768649,-187.37852540062704,132.07280978488032 1556.8284537272084,-228.91064374569052,166.5720419961686
1556.8284537272084,-228.91064374569052,166.5720419961686 1605.464555782126,-222.03830762573463,132.1148138261895
1605.464555782126,-222.03830762573463,132.1148138261895 1615.9072957153753,-262.1178499284072,175.52655730067804
1605.464555782126,-222.03830762573463,132.1148138261895 1562.7026159219636,-261.1307426969864,116.52000636999328
1562.7026159219636,-261.1307426969864,116.52000636999328 1562.8821629465926,-201.14279083867976,117.70886915073544
1605.464555782126,-222.03830762573463,132.1148138261895 1552.7895382411746,-198.34113867144765,148.3563257820524
1605.464555782126,-222.03830762573463,132.1148138261895 1555.9032937318768,-252.42078694312062,117.26266736464578
1605.464555782126,-222.03830762573463,132.1148138261895 1551.8756085344253,-197.16688595807778,121.64403939863317
1605.464555782126,-222.03830762573463,132.1148138261895 1641.1444182236714,-255.67952547671354,166.68670815750113
1641.1444182236714,-255.67952547671354,166.68670815750113 1687.050695433071,-265.1054503413352,129.21984742404393
1687.050695433071,-265.1054503413352,129.21984742404393 1732.9569726424704,-274.53137520595686,91.75298669058674
1556.8284537272084,-228.91064374569052,166.5720419961686 1598.3032993506654,-211.06858997822226,127.05624391655013
1556.8284537272084,-228.91064374569052,166.5720419961686 1606.8942718512378,-232.66076899322047,199.42551085714962
1414.876471930235,-210.2875630004562,142.44822001812602 1399.5132741885418,-211.91850631065057,200.4250445178221
1399.5132741885418,-211.91850631065057,200.4250445178221 1416.740044095378,-181.6815764240741,151.54798988467968
1414.876471930235,-210.2875630004562,142.44822001812602 1409.7553235566327,-185.67537615816613,196.92770329555583
1414.876471930235,-210.2875630004562,142.44822001812602 1375.8042671434503,-190.14254922763743,183.28375886840303
1328.6294072388073,-138.04071652537925,165.7326759977632 1304.788313055024,-96.63515576157224,129.43967714185902
1328.6294072388073,-138.04071652537925,165.7326759977632 1298.879296204625,-100.63517490992871,202.00603192065273
1344.0305544022126,-41.19198452883618,233.71910448553257 1296.081183841318,-11.900207150282423,254.76309747211337
1296.081183841318,-11.900207150282423,254.76309747211337 1242.392191942292,-37.028230705177336,264.04073623911427
1344.0305544022126,-41.19198452883618,233.71910448553257 1303.5734202800309,-82.44517991219982,249.88679353752227
1344.0305544022126,-41.19198452883618,233.71910448553257 1303.3953868068181,-5.124927285162222,259.17397703040604
1337.5755039898775,-2.1177650457420967,278.79168701594904 1291.1092023069189,-19.030587076628848,312.77461300621417
1337.5755039898775,-2.1177650457420967,278.79168701594904 1293.926862218401,33.762532194548264,258.60752635830113
1293.926862218401,33.762532194548264,258.60752635830113 1313.410895796303,86.05590139104042,236.56720028052823
1337.5755039898775,-2.1177650457420967,278.79168701594904 1281.530053794661,5.079154215729909,298.9687003122561
1337.5755039898775,-2.1177650457420967,278.79168701594904 1288.8941379494058,30.08525851310403,292.6873652686296
1337.5755039898775,-2.1177650457420967,278.79168701594904 1287.2867336840222,-13.773330895253686,309.3725203246187
1287.2867336840222,-13.773330895253686,309.3725203246187 1318.177597743151,-52.664948404798,275.709534640462
1337.5755039898775,-2.1177650457420967,278.79168701594904 1339.6765923796836,-51.146369710670065,313.31387339208146
1339.230021879415,-15.376460688567752,337.28501621171387 1322.7185549989272,-52.12544757033907,381.747173431286
1339.230021879415,-15.376460688567752,337.28501621171387 1298.6468191519382,-51.56516378441468,362.64998072225774
1298.6468191519382,-51.56516378441468,362.64998072225774 1305.161256498412,-23.427980813812017,310.0585266585252
1305.161256498412,-23.427980813812017,310.0585266585252 1309.9661872870859,4.238655119374872,257.0352308701969
1309.9661872870859,4.238655119374872,257.0352308701969 1320.7416646016184,-45.065682043826385,224.58570967894718
1309.9661872870859,4.238655119374872,257.0352308701969 1269.1219861761938,-11.556755238779676,298.0505480971856
1269.1219861761938,-11.556755238779676,298.0505480971856 1264.8861629884782,-11.065822664538125,357.8988295021679
1269.1219861761938,-11.556755238779676,298.0505480971856 1325.206243072685,-24.804282214926257,314.7556119218059
1269.1219861761938,-11.556755238779676,298.0505480971856 1306.8377666353488,-54.07963071136018,278.8327187218314
1309.9661872870859,4.238655119374872,257.0352308701969 1253.379050581157,6.175971462254316,237.18220176096224
1298.6468191519382,-51.56516378441468,362.64998072225774 1262.4346364935268,-95.81668092092255,344.47084272753415
1298.6468191519382,-51.56516378441468,362.64998072225774 1332.940184565327,-82.62236347233464,324.44768450634353
1298.6468191519382,-51.56516378441468,362.64998072225774 1268.9086690037932,-79.25511989199401,318.5035340189644
1339.230021879415,-15.376460688567752,337.28501621171387 1288.5898409717195,-42.925190796487755,353.91750090513403
1288.5898409717195,-42.925190796487755,353.91750090513403 1328.0858550742719,-6.686571171434416,326.957765786226
1339.230021879415,-15.376460688567752,337.28501621171387 1281.257005379187,-4.891117949325048,325.91897268263676
1281.257005379187,-4.891117949325048,325.91897268263676 1260.466893370875,-2.747798137927976,269.67684058517875
1281.257005379187,-4.891117949325048,325.91897268263676 1334.0032766354982,-11.620441135731877,353.7137038021946
1334.0032766354982,-11.620441135731877,353.7137038021946 1298.0033419418849,-47.644598665399286,321.9920270442853
1298.0033419418849,-47.644598665399286,321.9920270442853 1326.275048376917,-2.310119330623337,294.6882617600588
1339.230021879415,-15.376460688567752,337.28501621171387 1342.7400292213426,40.177373997967656,359.67812452835244
1339.230021879415,-15.376460688567752,337.28501621171387 1321.0052667073428,23.386110508196744,295.2692885239326
1321.0052667073428,23.386110508196744,295.2692885239326 1331.8340824794625,-16.05038966159617,339.17258228797056
1339.230021879415,-15.376460688567752,337.28501621171387 1304.083009588638,-12.677396027923265,385.8381065046049
1339.230021879415,-15.376460688567752,337.28501621171387 1317.3563854485124,-52.629289357140806,295.64644292349203
1300.0,0.0,380.0 1307.0651109979885,57.05502078304338,362.8300026199015
1300.0,0.0,380.0 1343.0942855181183,36.13779105572521,400.9031723261244
1343.0942855181183,36.13779105572521,400.9031723261244 1332.3270845269947,-21.22683157829107,386.9975097071172
目标树
2280.0,0.0,0.0 2312.3563557436028,-36.66116840504359,-34.771036426463716
2312.3563557436028,-36.66116840504359,-34.771036426463716 2351.1056093124284,-48.81152080766387,9.397552914277021
2351.1056093124284,-48.81152080766387,9.397552914277021 2400.5790275857203,-23.825633046433268,32.377681224169464
2400.5790275857203,-23.825633046433268,32.377681224169464 2397.356131116909,-46.07918740895634,88.00494303513366
2397.356131116909,-46.07918740895634,88.00494303513366 2441.78326453381,-62.412899460452344,51.13436306985878
2397.356131116909,-46.07918740895634,88.00494303513366 2342.8161259008557,-25.033602100663327,101.51313203529992
2397.356131116909,-46.07918740895634,88.00494303513366 2436.1370163404704,-64.21136916656823,45.96606904942954
2400.5790275857203,-23.825633046433268,32.377681224169464 2368.6316988311905,26.25320784188132,23.92322200238144
2400.5790275857203,-23.825633046433268,32.377681224169464 2441.3522777814237,-32.51239704012931,-10.774169255229424
2400.5790275857203,-23.825633046433268,32.377681224169464 2398.2642286917653,12.77399876870728,-15.11030312004857
2351.1056093124284,-48.81152080766387,9.397552914277021 2400.628650834838,-44.761808125266924,-24.23380426261545
2312.3563557436028,-36.66116840504359,-34.771036426463716 2357.7140477607336,-51.31636220133464,-71.21146822511649
2312.3563557436028,-36.66116840504359,-34.771036426463716 2287.8047833987744,-5.344315766534912,10.134141851932888
2280.0,0.0,0.0 2320.910964830539,38.674425757001906,-20.75046382615471
2320.910964830539,38.674425757001906,-20.75046382615471 2370.746585639121,69.0674974881841,-6.869826615765785
2370.746585639121,69.0674974881841,-6.869826615765785 2405.8049740936763,40.8955866483128,32.84481600631794
2320.910964830539,38.674425757001906,-20.75046382615471 2371.2495913334637,29.710548704679187,10.644943321864186
2371.2495913334637,29.710548704679187,10.644943321864186 2412.9467199237724,4.167906614951402,45.41451194730621
2320.910964830539,38.674425757001906,-20.75046382615471 2304.8895826709604,-2.9664692705895064,19.36625556860456
2280.0,0.0,0.0 2224.9327466300147,-7.668778623700981,-22.556317090928488
2224.9327466300147,-7.668778623700981,-22.556317090928488 2198.7190469011384,-30.69388951052034,-71.36908401899757
2198.7190469011384,-30.69388951052034,-71.36908401899757 2183.1887557423993,18.31729021160727,-102.2998828895424
2198.7190469011384,-30.69388951052034,-71.36908401899757 2228.0021625637078,-67.69126083135858,-34.30571055622991
2228.0021625637078,-67.69126083135858,-34.30571055622991 2251.7491134299016,-117.82381904067765,-57.17072601539375
2228.0021625637078,-67.69126083135858,-34.30571055622991 2271.893311198567,-68.42729179620704,6.5969217543128735
2228.0021625637078,-67.69126083135858,-34.30571055622991 2186.551451509372,-97.4399052858328,-65.87874820247542
2228.0021625637078,-67.69126083135858,-34.30571055622991 2267.605009493998,-22.676196672936555,-36.59885552093935
2267.605009493998,-22.676196672936555,-36.59885552093935 2242.6569180207853,-69.53743051897894,-64.55627840415131
2198.7190469011384,-30.69388951052034,-71.36908401899757 2189.983020346664,25.79524231468464,-53.13011952881524
2189.983020346664,25.79524231468464,-53.13011952881524 2215.9301022366594,-22.42430988346977,-77.65813875588154
2215.9301022366594,-22.42430988346977,-77.65813875588154 2224.284939227022,-81.7574682167306,-80.78432190225605
2224.284939227022,-81.7574682167306,-80.78432190225605 2257.766621508295,-53.52353433241677,-39.77429960243178
2215.9301022366594,-22.42430988346977,-77.65813875588154 2226.5553778950452,-53.673194141676575,-27.552143607591034
2189.983020346664,25.79524231468464,-53.13011952881524 2229.0596520728027,5.0919466569135245,-12.579035673427875
2229.0596520728027,5.0919466569135245,-12.579035673427875 2275.5079027965044,42.93299583305033,-9.320968461516125
2229.0596520728027,5.0919466569135245,-12.579035673427875 2270.255609945765,4.831576974183391,31.04234970756862
2189.983020346664,25.79524231468464,-53.13011952881524 2184.719815463013,-27.198338086189562,-80.77029157330148
2189.983020346664,25.79524231468464,-53.13011952881524 2165.465738336233,76.59874938620706,-73.57288235713077
2198.7190469011384,-30.69388951052034,-71.36908401899757 2157.915840412919,-0.3234570230225735,-103.19258431048117
2157.915840412919,-0.3234570230225735,-103.19258431048117 2146.999619919337,25.30538493699519,-156.33389206559696
2146.999619919337,25.30538493699519,-156.33389206559696 2132.8736029032298,-25.839727198084994,-128.32258813395674
2132.8736029032298,-25.839727198084994,-128.32258813395674 2173.955994941085,-42.988778587102274,-168.5487873193736
2173.955994941085,-42.988778587102274,-168.5487873193736 2129.5175464461863,-4.568207815354931,-180.75878473703793
2132.8736029032298,-25.839727198084994,-128.32258813395674 2157.072190879253,-60.07188442138547,-171.24796235254573
2157.072190879253,-60.07188442138547,-171.24796235254573 2153.9436293178724,-100.35249795955367,-126.88937495906134
2157.072190879253,-60.07188442138547,-171.24796235254573 2212.1013462479887,-51.04124026924084,-193.38931564453927
2212.1013462479887,-51.04124026924084,-193.38931564453927 2232.290973517911,-66.36256666726722,-139.00516438604535
2157.072190879253,-60.07188442138547,-171.24796235254573 2107.8957839425075,-27.130671484858972,-161.42159521804393
2132.8736029032298,-25.839727198084994,-128.32258813395674 2176.3626996626062,-2.5569873565061485,-162.47829759113185
2176.3626996626062,-2.5569873565061485,-162.47829759113185 2195.6857784168487,35.134423696016015,-119.9815193564568
2132.8736029032298,-25.839727198084994,-128.32258813395674 2178.440849665395,-64.855249363088,-127.13302825395529
2178.440849665395,-64.855249363088,-127.13302825395529 2158.25060387963,-81.04667165412542,-73.00178201572714
2132.8736029032298,-25.839727198084994,-128.32258813395674 2107.1341192427353,-63.83769001626202,-166.97014695155303
2107.1341192427353,-63.83769001626202,-166.97014695155303 2144.9866457027774,-96.22307677188164,-133.52806320545915
2146.999619919337,25.30538493699519,-156.33389206559696 2127.6445926078914,80.92402526899212,-167.8208309699858
2127.6445926078914,80.92402526899212,-167.8208309699858 2097.830009031526,120.12738759143593,-202.08724293247653
2097.830009031526,120.12738759143593,-202.08724293247653 2102.0803654745614,172.67590145045216,-230.7331529601913
2102.0803654745614,172.67590145045216,-230.7331529601913 2095.5601239039756,151.03937944169928,-175.15125514061376
2102.0803654745614,172.67590145045216,-230.7331529601913 2070.730498164119,206.40352502055646,-269.19915389518593
2102.0803654745614,172.67590145045216,-230.7331529601913 2094.7165659959223,210.87267289788355,-276.414452287499
2094.7165659959223,210.87267289788355,-276.414452287499 2077.7928174331246,156.97089812948923,-256.2108533160164
2097.830009031526,120.12738759143593,-202.08724293247653 2039.8496059372355,132.89779882711895,-193.41605766775422
2146.999619919337,25.30538493699519,-156.33389206559696 2129.6542865255533,82.60313481406749,-160.3472782273004
2129.6542865255533,82.60313481406749,-160.3472782273004 2158.8997571413975,108.7224467554571,-205.76185729797078
2158.8997571413975,108.7224467554571,-205.76185729797078 2186.8033873613085,71.1116655637471,-168.2543039426829
2158.8997571413975,108.7224467554571,-205.76185729797078 2134.1656966594223,57.23569926958227,-187.3950098439365
2134.1656966594223,57.23569926958227,-187.3950098439365 2182.502039034418,80.66700682487425,-160.66353341526687
2146.999619919337,25.30538493699519,-156.33389206559696 2149.771369808229,7.670141120337675,-213.6166606620996
2149.771369808229,7.670141120337675,-213.6166606620996 2127.996696134667,-0.3252919531756193,-268.9514294460827
2127.996696134667,-0.3252919531756193,-268.9514294460827 2119.123352367428,-13.400662997623769,-326.83319205261023
2119.123352367428,-13.400662997623769,-326.83319205261023 2151.2411813884505,27.69162439570603,-356.4957775056749
2119.123352367428,-13.400662997623769,-326.83319205261023 2081.4250418711663,8.596329779670175,-285.6631824038003
2127.996696134667,-0.3252919531756193,-268.9514294460827 2165.8503718374354,38.12293599761581,-295.1970577150655
2149.771369808229,7.670141120337675,-213.6166606620996 2169.1733192796223,-9.544945271125602,-267.7203126390591
2149.771369808229,7.670141120337675,-213.6166606620996 2161.0362179376134,10.809140513277812,-154.76727766250457
2149.771369808229,7.670141120337675,-213.6166606620996 2138.6751202288265,-41.10759645471594,-246.7467913942717
2146.999619919337,25.30538493699519,-156.33389206559696 2150.9552429195314,-34.52954546112926,-158.36715322244208
2150.9552429195314,-34.52954546112926,-158.36715322244208 2146.880225209948,-42.318335860620785,-99.01457135122632
2146.999619919337,25.30538493699519,-156.33389206559696 2107.4907690007,59.193024841183735,-126.48965374707116
2107.4907690007,59.193024841183735,-126.48965374707116 2064.118317256939,50.20750793486657,-166.96298960738056
2064.118317256939,50.20750793486657,-166.96298960738056 2029.438094659525,22.990369963358,-207.6632299166672
2029.438094659525,22.990369963358,-207.6632299166672 2002.0004319831849,65.85309614720231,-239.44311932723875
2002.0004319831849,65.85309614720231,-239.44311932723875 2008.978525064837,118.63795471421298,-267.10292632230795
2008.978525064837,118.63795471421298,-267.10292632230795 2051.0291199611224,76.18224110497681,-261.69368877908664
2029.438094659525,22.990369963358,-207.6632299166672 2000.8137806916702,72.82206632479522,-190.41647115998475
2000.8137806916702,72.82206632479522,-190.41647115998475 2049.430531711989,38.35190609817118,-183.4724396091341
2000.8137806916702,72.82206632479522,-190.41647115998475 2040.4286299823684,34.90539529764713,-166.06508980503276
2000.8137806916702,72.82206632479522,-190.41647115998475 2054.066059036654,67.91876934812383,-217.62221558697885
2054.066059036654,67.91876934812383,-217.62221558697885 2073.2568066671447,123.59747882803333,-229.09376805535268
2000.8137806916702,72.82206632479522,-190.41647115998475 2049.024085104384,97.60502643756568,-216.13750217513453
2049.024085104384,97.60502643756568,-216.13750217513453 2083.1460217149265,63.94001315851197,-252.2257318749584
2000.8137806916702,72.82206632479522,-190.41647115998475 1997.8524872333937,127.75843072362596,-214.35862243535786
2000.8137806916702,72.82206632479522,-190.41647115998475 2049.830486102825,39.80594886392056,-180.0579684474412
2049.830486102825,39.80594886392056,-180.0579684474412 2093.8940214274176,66.49064439252066,-149.29546075960295
2049.830486102825,39.80594886392056,-180.0579684474412 2081.5409760525868,66.6842423792131,-136.79132812430257
2049.830486102825,39.80594886392056,-180.0579684474412 2098.9749216741093,65.39991792993169,-203.07477100183468
2000.8137806916702,72.82206632479522,-190.41647115998475 2044.044657990456,85.894940744988,-229.9157268791904
2044.044657990456,85.894940744988,-229.9157268791904 2031.7185774784648,113.76028000978893,-281.6031586868306
2000.8137806916702,72.82206632479522,-190.41647115998475 2016.8802079760912,36.12044248033493,-235.0803348698583
2029.438094659525,22.990369963358,-207.6632299166672 2060.4938085760073,43.885316101374755,-254.5561276627756
2060.4938085760073,43.885316101374755,-254.5561276627756 2021.4178950278151,0.300418071776015,-241.38685873379924
2021.4178950278151,0.300418071776015,-241.38685873379924 1990.6227166911342,20.169622137441475,-193.88031475290165
1990.6227166911342,20.169622137441475,-193.88031475290165 2018.7408921935585,7.622433345012821,-245.3772686416708
1990.6227166911342,20.169622137441475,-193.88031475290165 2014.876378798945,38.767273509175865,-245.51254536339886
2014.876378798945,38.767273509175865,-245.51254536339886 2030.3956113156326,87.1995085215377,-277.3476208902504
1990.6227166911342,20.169622137441475,-193.88031475290165 2020.1255494342356,54.696910047977326,-233.09063545645557
1990.6227166911342,20.169622137441475,-193.88031475290165 2025.1694069620269,51.897054037466916,-231.2955022622041
1990.6227166911342,20.169622137441475,-193.88031475290165 2040.0451551811414,54.157211554279996,-195.38575134534483
1990.6227166911342,20.169622137441475,-193.88031475290165 2036.737778877505,-18.12092360048589,-196.57013754238963
1990.6227166911342,20.169622137441475,-193.88031475290165 2034.1309579930066,0.14984084407819154,-230.02227507306057
1990.6227166911342,20.169622137441475,-193.88031475290165 2038.7764410541704,-15.479538383025517,-190.6622121823299
1990.6227166911342,20.169622137441475,-193.88031475290165 2029.9979824741679,62.05586093753986,-211.0597048380179
1990.6227166911342,20.169622137441475,-193.88031475290165 2031.71208871946,-0.7107958281938735,-232.2947866599604
1990.6227166911342,20.169622137441475,-193.88031475290165 2030.1285191428717,65.14755598455805,-197.91479606884454
1990.6227166911342,20.169622137441475,-193.88031475290165 2041.0253266409093,-12.322574226594373,-195.8383968992284
2041.0253266409093,-12.322574226594373,-195.8383968992284 2009.2020981062383,14.18465937881043,-239.2509376244451
1990.6227166911342,20.169622137441475,-193.88031475290165 2031.993558478627,27.389208642919854,-236.73274782833104
1990.6227166911342,20.169622137441475,-193.88031475290165 1994.8677568263183,-38.94462950184803,-184.52697912450503
1994.8677568263183,-38.94462950184803,-184.52697912450503 2043.089329314824,-71.12131074388283,-169.05632526035697
1994.8677568263183,-38.94462950184803,-184.52697912450503 2016.2392918132293,-78.24336404073233,-224.512813565536
1994.8677568263183,-38.94462950184803,-184.52697912450503 2028.4477565788752,-58.35241477993304,-230.306029870649
1994.8677568263183,-38.94462950184803,-184.52697912450503 2037.6762839061291,1.7987564036761796,-194.89069053551174
1994.8677568263183,-38.94462950184803,-184.52697912450503 2044.832867823418,-41.88891995639651,-217.61502585994674
2044.832867823418,-41.88891995639651,-217.61502585994674 2057.4468633320525,-72.29462011354387,-267.7785635667492
1994.8677568263183,-38.94462950184803,-184.52697912450503 2022.3231565933122,-58.52910204095509,-234.15206813197702
2022.3231565933122,-58.52910204095509,-234.15206813197702 2034.5303443787689,-0.2892739820578214,-226.46396081998674
2034.5303443787689,-0.2892739820578214,-226.46396081998674 1998.1105399156909,-33.330214752944514,-192.08527445988977
1994.8677568263183,-38.94462950184803,-184.52697912450503 2001.007590186109,14.498491464609494,-211.1001849468854
1994.8677568263183,-38.94462950184803,-184.52697912450503 2052.161214784908,-55.51470048723828,-177.9777484302607
1994.8677568263183,-38.94462950184803,-184.52697912450503 2045.8471977722888,-70.43294109459418,-181.4313638586121
1994.8677568263183,-38.94462950184803,-184.52697912450503 2004.8145873949209,-81.22771007134267,-225.91781940581774
1994.8677568263183,-38.94462950184803,-184.52697912450503 2047.4895068411106,-63.18836693894826,-200.12161347294884
1994.8677568263183,-38.94462950184803,-184.52697912450503 2050.4249842911972,-35.94213418067318,-206.98537395276503
1994.8677568263183,-38.94462950184803,-184.52697912450503 2037.4763915898675,2.633577170522166,-177.0599198977316
1994.8677568263183,-38.94462950184803,-184.52697912450503 2012.8581218167428,0.44462421568871946,-226.058093473711
1994.8677568263183,-38.94462950184803,-184.52697912450503 2041.5500018784544,-76.34019895844813,-189.2534346578746
1994.8677568263183,-38.94462950184803,-184.52697912450503 2017.9979200922087,-4.445523727978127,-227.82602354925638
1994.8677568263183,-38.94462950184803,-184.52697912450503 2027.2305715251966,1.8216635781534904,-214.37254116112098
1994.8677568263183,-38.94462950184803,-184.52697912450503 2050.978825277359,-19.149395850259538,-192.25334450297382
1994.8677568263183,-38.94462950184803,-184.52697912450503 1992.1253041283774,-80.60820825766055,-227.61555253391094
1994.8677568263183,-38.94462950184803,-184.52697912450503 1985.1512764062718,-93.47931539149626,-207.5825216937931
1985.1512764062718,-93.47931539149626,-207.5825216937931 2029.0327930768008,-78.19541255430933,-245.54058814557018
1985.1512764062718,-93.47931539149626,-207.5825216937931 1999.9309468596548,-141.10998239629845,-240.94239132733702
1985.1512764062718,-93.47931539149626,-207.5825216937931 1968.1279068456731,-131.69820274075448,-164.57645771918604
1968.1279068456731,-131.69820274075448,-164.57645771918604 2012.3824490602415,-140.96580822491424,-204.01814863082103
1968.1279068456731,-131.69820274075448,-164.57645771918604 1981.500840412844,-95.50988594277977,-210.52828439819257
1968.1279068456731,-131.69820274075448,-164.57645771918604 1978.5398675992758,-190.4937011749941,-170.46546757949085
1968.1279068456731,-131.69820274075448,-164.57645771918604 1993.4847701242109,-94.5738749505019,-204.31074732898568
1968.1279068456731,-131.69820274075448,-164.57645771918604 1961.75645290299,-171.69386038638703,-120.30737207073804
1961.75645290299,-171.69386038638703,-120.30737207073804 1929.9221800388282,-189.02011533385104,-168.12347773301002
1961.75645290299,-171.69386038638703,-120.30737207073804 1966.6136373167215,-172.1726146862227,-60.50621360460636
1961.75645290299,-171.69386038638703,-120.30737207073804 2015.5112299282655,-149.9793855680673,-104.85080290654544
1961.75645290299,-171.69386038638703,-120.30737207073804 1939.566016640005,-223.7256965852495,-100.30055922528106
1939.566016640005,-223.7256965852495,-100.30055922528106 1905.476361983536,-233.8602778637511,-51.976799978797374
1905.476361983536,-233.8602778637511,-51.976799978797374 1854.3653205149894,-231.84624642037005,-20.61432052730002
1854.3653205149894,-231.84624642037005,-20.61432052730002 1803.254279046443,-229.832214976989,10.748158924197341
1803.254279046443,-229.832214976989,10.748158924197341 1752.1432375778963,-227.81818353360796,42.110638375694705
1752.1432375778963,-227.81818353360796,42.110638375694705 1755.2730306650915,-271.9502506467973,1.582067619396156
1752.1432375778963,-227.81818353360796,42.110638375694705 1749.604943081138,-269.8183342660059,-0.6625354544477275
1752.1432375778963,-227.81818353360796,42.110638375694705 1759.285793705565,-262.1196808194668,-6.596560023631447
1752.1432375778963,-227.81818353360796,42.110638375694705 1802.240455661235,-238.45748094637912,73.368822757917
1752.1432375778963,-227.81818353360796,42.110638375694705 1767.9835151181487,-281.7233667529347,63.16572872312835
1752.1432375778963,-227.81818353360796,42.110638375694705 1775.097985250104,-280.72285523386614,58.66887715864418
1803.254279046443,-229.832214976989,10.748158924197341 1826.5566775142577,-283.2184190327631,25.132575567302297
1803.254279046443,-229.832214976989,10.748158924197341 1783.4975403729609,-255.32658068198285,-39.8454038509994
1854.3653205149894,-231.84624642037005,-20.61432052730002 1896.2381284489493,-273.5498968400387,-10.247377998290983
1854.3653205149894,-231.84624642037005,-20.61432052730002 1862.9665757413122,-231.17200562478075,38.76213783694749
1985.1512764062718,-93.47931539149626,-207.5825216937931 2023.2823404025792,-126.73491404194692,-175.33214003853732
1985.1512764062718,-93.47931539149626,-207.5825216937931 2030.4567455548909,-93.22309417993718,-246.91887658229632
1985.1512764062718,-93.47931539149626,-207.5825216937931 2025.2816459462774,-66.19828700920155,-242.8713149713625
1985.1512764062718,-93.47931539149626,-207.5825216937931 2019.3528643910645,-139.92562714735155,-224.10497622078094
1994.8677568263183,-38.94462950184803,-184.52697912450503 1999.2952038938258,20.87184484453394,-186.07200638415057
1994.8677568263183,-38.94462950184803,-184.52697912450503 1994.5243513208125,6.927539130039172,-223.2003060781884
1994.8677568263183,-38.94462950184803,-184.52697912450503 2041.810773371358,-2.0464220445305727,-178.62143223290354
1990.6227166911342,20.169622137441475,-193.88031475290165 2036.5562828756338,-3.590271649294035,-224.30357797066375
2036.5562828756338,-3.590271649294035,-224.30357797066375 2036.273020620506,-46.941990602008715,-182.824086335162
2036.5562828756338,-3.590271649294035,-224.30357797066375 2063.489103813205,-36.28728440393081,-266.79508904367515
2063.489103813205,-36.28728440393081,-266.79508904367515 2117.348357168946,-62.719672727916276,-266.0811734659391
1990.6227166911342,20.169622137441475,-193.88031475290165 2042.9736243993145,47.54514986073552,-204.3666365103505
2042.9736243993145,47.54514986073552,-204.3666365103505 2064.536583407619,100.008222259474,-223.92845731749654
1990.6227166911342,20.169622137441475,-193.88031475290165 2016.572655654086,-16.8350498185884,-233.3423841518281
1990.6227166911342,20.169622137441475,-193.88031475290165 2012.396923862728,-28.65936148426923,-221.1129103052764
2012.396923862728,-28.65936148426923,-221.1129103052764 2042.939365908187,-69.25386176901043,-189.18728140729024
2021.4178950278151,0.300418071776015,-241.38685873379924 2007.9113962267368,-16.314665100663415,-185.33765266172907
2021.4178950278151,0.300418071776015,-241.38685873379924 2077.8276793922983,-17.43533610059232,-251.55441753076943
2077.8276793922983,-17.43533610059232,-251.55441753076943 2067.6568498921197,-76.56639564023932,-251.28604279831043
2067.6568498921197,-76.56639564023932,-251.28604279831043 2068.913195388179,-116.65073324784157,-206.6579409503235
2067.6568498921197,-76.56639564023932,-251.28604279831043 2088.6020765944413,-116.38216834033385,-290.9849309777389
2088.6020765944413,-116.38216834033385,-290.9849309777389 2133.4269084100792,-82.94900459669614,-269.2373330692141
2021.4178950278151,0.300418071776015,-241.38685873379924 2033.161774419883,-33.70420007855366,-193.36845349919327
2021.4178950278151,0.300418071776015,-241.38685873379924 2058.2293092180985,-37.66002022744511,-269.74042834050715
2021.4178950278151,0.300418071776015,-241.38685873379924 2019.6847476080018,-47.827707179790224,-277.17344504474465
2021.4178950278151,0.300418071776015,-241.38685873379924 2040.9175178877686,-34.22021387370388,-196.352530955933
2021.4178950278151,0.300418071776015,-241.38685873379924 2027.4299259559698,57.949896119849136,-225.88224119889537
2021.4178950278151,0.300418071776015,-241.38685873379924 2055.862436455137,-41.76130947409705,-266.7715911869539
2021.4178950278151,0.300418071776015,-241.38685873379924 2007.0287671154438,49.103552150143564,-209.58737600136638
2007.0287671154438,49.103552150143564,-209.58737600136638 1989.8373390125728,106.38851795178172,-214.3714634680593
1989.8373390125728,106.38851795178172,-214.3714634680593 2037.3974741610182,93.79701178986643,-180.02779567855177
2037.3974741610182,93.79701178986643,-180.02779567855177 2043.113009608192,135.96032566803308,-222.33131346801343
1989.8373390125728,106.38851795178172,-214.3714634680593 2018.3635474287382,60.50724522058504,-240.47058693922284
2021.4178950278151,0.300418071776015,-241.38685873379924 1993.1599362256723,34.752164084944965,-201.2052091785546
2021.4178950278151,0.300418071776015,-241.38685873379924 2074.11808863036,10.51795910566537,-214.58589887272248
2021.4178950278151,0.300418071776015,-241.38685873379924 2053.9920509209946,48.432495554537546,-256.2941551030371
2053.9920509209946,48.432495554537546,-256.2941551030371 2037.1069272679028,30.980774590315153,-201.42768050691674
2021.4178950278151,0.300418071776015,-241.38685873379924 2046.382512215073,34.80178955557726,-283.6529592687483
2021.4178950278151,0.300418071776015,-241.38685873379924 2032.7647206387412,-43.80610835131755,-202.3245511285875
2060.4938085760073,43.885316101374755,-254.5561276627756 2103.5550974957455,47.99957669523848,-212.97730785825712
2060.4938085760073,43.885316101374755,-254.5561276627756 2081.685343286615,91.1886834162224,-224.33510356884884
2081.685343286615,91.1886834162224,-224.33510356884884 2065.3262546383407,138.58888732041083,-191.3866455102497
2060.4938085760073,43.885316101374755,-254.5561276627756 2009.9128288874986,37.17759586418297,-222.98761513889767
2060.4938085760073,43.885316101374755,-254.5561276627756 2097.837423569402,10.73878919389469,-287.82416296991113
2060.4938085760073,43.885316101374755,-254.5561276627756 2067.085548098236,3.9252678253142577,-298.8251180719322
2060.4938085760073,43.885316101374755,-254.5561276627756 2051.7849934069013,97.41265501893189,-280.22674368100394
2051.7849934069013,97.41265501893189,-280.22674368100394 2034.258220561822,110.7207554300095,-224.4082279618837
2060.4938085760073,43.885316101374755,-254.5561276627756 2030.2476331071462,36.871574706336204,-305.8978874802028
2029.438094659525,22.990369963358,-207.6632299166672 2061.8906572131204,-21.310961863864094,-183.4925207413179
2061.8906572131204,-21.310961863864094,-183.4925207413179 2069.597350436897,-70.4445414311675,-217.05586739295646
2029.438094659525,22.990369963358,-207.6632299166672 2075.3710488013066,51.339238314802905,-181.46198210284305
2064.118317256939,50.20750793486657,-166.96298960738056 2115.5270834770913,51.17746105221426,-136.04053907913362
2064.118317256939,50.20750793486657,-166.96298960738056 2080.961009467258,18.83372546345742,-215.25387376314188
2064.118317256939,50.20750793486657,-166.96298960738056 2084.183829331538,-4.899030271073499,-179.63755753458744
2146.999619919337,25.30538493699519,-156.33389206559696 2191.6427054937717,33.55067257708825,-117.10367230931922
2191.6427054937717,33.55067257708825,-117.10367230931922 2133.1263134026353,37.00623103958015,-129.9056632618496
2191.6427054937717,33.55067257708825,-117.10367230931922 2170.275414863523,49.05230188196326,-170.98445162826303
2146.999619919337,25.30538493699519,-156.33389206559696 2189.651968681803,-16.88660137411368,-157.11711372526304
2189.651968681803,-16.88660137411368,-157.11711372526304 2238.5945338694983,-44.059573131827364,-135.52417694717056
2238.5945338694983,-44.059573131827364,-135.52417694717056 2194.7194939642695,-14.30879400729616,-107.4195151488503
2194.7194939642695,-14.30879400729616,-107.4195151488503 2235.963475491838,-17.100511033842686,-150.90675814949697
2157.915840412919,-0.3234570230225735,-103.19258431048117 2204.2488538832426,34.3390402670597,-87.32553844888946
2204.2488538832426,34.3390402670597,-87.32553844888946 2239.5913744272384,68.8031586829787,-53.220835204164324
2239.5913744272384,68.8031586829787,-53.220835204164324 2274.2426797828425,111.95271887177873,-76.4027784502729
2204.2488538832426,34.3390402670597,-87.32553844888946 2256.288309275498,25.501495169436268,-58.79848323590002
2157.915840412919,-0.3234570230225735,-103.19258431048117 2184.7808165635597,41.9453991686417,-70.1529588181439
2184.7808165635597,41.9453991686417,-70.1529588181439 2219.2669455708296,-3.993263772654416,-87.48345659691337
2219.2669455708296,-3.993263772654416,-87.48345659691337 2236.4105679870595,53.38611997176242,-83.78176353012616
2198.7190469011384,-30.69388951052034,-71.36908401899757 2190.7685636652454,-28.85020896711799,-130.8114145450601
2190.7685636652454,-28.85020896711799,-130.8114145450601 2155.908570983364,-77.6062438043582,-128.04917321436898
2198.7190469011384,-30.69388951052034,-71.36908401899757 2225.5292868034026,-1.3221186462203747,-116.29691629118823
2225.5292868034026,-1.3221186462203747,-116.29691629118823 2197.2124620440204,-47.40742918156248,-90.32959859359912
2280.0,0.0,0.0 2307.930746247338,12.973089398968796,51.493420604123465
