起始树
1200.0,0.0,280.0 1163.8063522768198,47.85352683301208,279.75538983559846
1200.0,0.0,280.0 1161.0425177061434,4.929259292926635,234.63462800607778
1200.0,0.0,280.0 1161.8403614872263,-45.29506687643197,270.3979738995354
1200.0,0.0,280.0 1160.228524225541,-31.779732489080242,248.246601478832
1200.0,0.0,280.0 1236.2202317373135,47.717586051915546,283.33568497813394
1236.2202317373135,47.717586051915546,283.33568497813394 1197.4056196323852,9.217373401430493,308.0573255590376
1236.2202317373135,47.717586051915546,283.33568497813394 1190.544623791652,74.15597209941467,311.87952112532366
1236.2202317373135,47.717586051915546,283.33568497813394 1181.836992957822,50.51797882225574,258.14399705960346
1236.2202317373135,47.717586051915546,283.33568497813394 1217.8424000971413,104.76977756244581,286.0380446972062
1236.2202317373135,47.717586051915546,283.33568497813394 1202.2181965772738,10.023307860737091,315.32010300662824
1236.2202317373135,47.717586051915546,283.33568497813394 1227.0310496411043,16.902647541735845,333.99137071050313
1236.2202317373135,47.717586051915546,283.33568497813394 1183.2307481052692,22.590672961086632,296.0145202138821
1236.2202317373135,47.717586051915546,283.33568497813394 1217.0555672114463,87.02038655066346,324.42102916029444
1236.2202317373135,47.717586051915546,283.33568497813394 1228.0517108779559,-4.518080312106264,311.70310337454146
1236.2202317373135,47.717586051915546,283.33568497813394 1179.7241050824036,30.12729876115597,293.2739678288545
1236.2202317373135,47.717586051915546,283.33568497813394 1184.368775971856,38.71803984376377,254.51842100234776
1236.2202317373135,47.717586051915546,283.33568497813394 1236.2125758538111,104.91002785651119,265.19665132649226
1236.2125758538111,104.91002785651119,265.19665132649226 1202.4331179490127,102.04873022140292,215.69148796446217
1236.2125758538111,104.91002785651119,265.19665132649226 1178.093064871743,119.4186490647349,268.60580867715146
1236.2125758538111,104.91002785651119,265.19665132649226 1231.3112729089387,52.09573209515336,293.2435298101026
1236.2125758538111,104.91002785651119,265.19665132649226 1202.6136260976582,80.64571348244239,221.81055190236944
1236.2125758538111,104.91002785651119,265.19665132649226 1197.196584077214,150.14716583902174,270.79609173065927
1236.2125758538111,104.91002785651119,265.19665132649226 1199.3475066108358,66.01670293522076,292.18323959321407
1236.2125758538111,104.91002785651119,265.19665132649226 1231.8124220642549,114.97987018602264,206.21159455711182
1231.8124220642549,114.97987018602264,206.21159455711182 1215.4818072639605,103.48507921769621,262.79057299291327
1231.8124220642549,114.97987018602264,206.21159455711182 1195.0733113111378,108.94362667341053,159.16054244000557
1231.8124220642549,114.97987018602264,206.21159455711182 1240.901926428089,82.47033832109572,255.81513524064712
1240.901926428089,82.47033832109572,255.81513524064712 1202.6590908502378,60.815424179293146,214.96724397957223
1240.901926428089,82.47033832109572,255.81513524064712 1227.6317757118763,98.03496565162413,199.40905865282932
1240.901926428089,82.47033832109572,255.81513524064712 1200.6126634208902,120.33852990698483,232.5175956205251
1240.901926428089,82.47033832109572,255.81513524064712 1211.3638969599301,33.30830199171489,238.19131615717896
1240.901926428089,82.47033832109572,255.81513524064712 1201.4974919783922,80.14784652190195,210.62778548939218
1240.901926428089,82.47033832109572,255.81513524064712 1211.9442138919255,134.60156078025457,249.19799616196485
1240.901926428089,82.47033832109572,255.81513524064712 1226.6255431672053,73.87359993938388,198.17590406790538
1240.901926428089,82.47033832109572,255.81513524064712 1235.1633176963078,72.09577732429027,314.6321128402067
1240.901926428089,82.47033832109572,255.81513524064712 1184.0226229776038,68.45359364289709,242.84302255173583
1240.901926428089,82.47033832109572,255.81513524064712 1206.0984470146846,131.21691368438542,252.28112744894005
1240.901926428089,82.47033832109572,255.81513524064712 1195.0104117301278,45.312311187623536,266.4570287880834
1240.901926428089,82.47033832109572,255.81513524064712 1206.9781357702266,36.117288742697184,273.1521252384542
1240.901926428089,82.47033832109572,255.81513524064712 1203.0670134129111,37.796775085455906,242.67009416177547
1240.901926428089,82.47033832109572,255.81513524064712 1205.289296325118,54.342371399373086,295.0650786036564
1240.901926428089,82.47033832109572,255.81513524064712 1198.9139989964253,92.55407783899366,214.1578171881304
1240.901926428089,82.47033832109572,255.81513524064712 1211.6912516049676,87.38488003895594,203.63675124802734
1240.901926428089,82.47033832109572,255.81513524064712 1203.225610783401,100.25721247254558,212.63965206602217
1240.901926428089,82.47033832109572,255.81513524064712 1202.3857976481738,66.90531097738025,299.10760280254965
1240.901926428089,82.47033832109572,255.81513524064712 1241.3343554336727,23.559505227741468,244.4429433058402
1240.901926428089,82.47033832109572,255.81513524064712 1247.3455922812068,24.326020166074755,242.48406489123178
1247.3455922812068,24.326020166074755,242.48406489123178 1208.9636388317776,68.70348421998777,229.9355058683995
1247.3455922812068,24.326020166074755,242.48406489123178 1226.5220561648005,49.23267489685033,292.942353543649
1247.3455922812068,24.326020166074755,242.48406489123178 1198.1180443228145,3.084924033338293,215.5496193412665
1247.3455922812068,24.326020166074755,242.48406489123178 1192.3614732035383,20.930534925081126,266.2583646544415
1247.3455922812068,24.326020166074755,242.48406489123178 1235.6848985016752,74.4860835096597,273.2736128896604
1247.3455922812068,24.326020166074755,242.48406489123178 1228.5087380343016,-9.291063658317299,196.49423343660857
1247.3455922812068,24.326020166074755,242.48406489123178 1187.7493646737962,26.835063854954715,248.96437003319892
1247.3455922812068,24.326020166074755,242.48406489123178 1241.3239755096881,71.5501756801242,279.00281716238476
1247.3455922812068,24.326020166074755,242.48406489123178 1208.8936935675442,-14.360178402015912,217.4874746104657
1247.3455922812068,24.326020166074755,242.48406489123178 1204.36433509676,28.723590375894887,284.1166591785705
1247.3455922812068,24.326020166074755,242.48406489123178 1241.77007296398,38.96436011293201,184.56487473854168
1247.3455922812068,24.326020166074755,242.48406489123178 1228.3080466561364,32.11008626627722,298.84877168121733
1240.901926428089,82.47033832109572,255.81513524064712 1199.4329601311952,58.452060429048515,219.71185060659366
1240.901926428089,82.47033832109572,255.81513524064712 1198.1898680092793,51.10140086202382,283.9517631181491
1240.901926428089,82.47033832109572,255.81513524064712 1186.2208247039255,73.79633171341554,232.69071689981936
1240.901926428089,82.47033832109572,255.81513524064712 1189.4985564102724,113.1278292267085,251.5947321575621
1240.901926428089,82.47033832109572,255.81513524064712 1222.2911442978118,118.4909436982928,300.0435737927778
1240.901926428089,82.47033832109572,255.81513524064712 1198.5433305164293,64.75340272954492,217.19053756458635
1240.901926428089,82.47033832109572,255.81513524064712 1220.660413532572,53.7144991818985,207.20049885301967
1231.8124220642549,114.97987018602264,206.21159455711182 1210.6709836275313,70.84608789069875,171.49490057373856
1231.8124220642549,114.97987018602264,206.21159455711182 1225.2146326082416,146.87232043275674,155.8197222803874
1225.2146326082416,146.87232043275674,155.8197222803874 1182.0634254712836,154.96617558354427,114.92396661526479
1225.2146326082416,146.87232043275674,155.8197222803874 1234.0161800159171,89.63349735412118,171.5120737868729
1231.8124220642549,114.97987018602264,206.21159455711182 1232.53518685965,90.7301706869005,261.0880893909914
1231.8124220642549,114.97987018602264,206.21159455711182 1204.0683654350291,66.96799454147843,183.29594228956472
1231.8124220642549,114.97987018602264,206.21159455711182 1176.7980606216613,138.70518972939897,202.96671433923524
1231.8124220642549,114.97987018602264,206.21159455711182 1178.5034937124271,90.62032233610655,219.0478941223041
1231.8124220642549,114.97987018602264,206.21159455711182 1204.8156277715705,145.5865000519089,250.1934920397253
1236.2125758538111,104.91002785651119,265.19665132649226 1200.039827622447,152.75298587009738,266.80402617405286
1236.2125758538111,104.91002785651119,265.19665132649226 1232.457201804423,104.82408056455243,325.07895070462394
1236.2125758538111,104.91002785651119,265.19665132649226 1207.941638451572,121.98106776720408,215.10340133444032
1236.2125758538111,104.91002785651119,265.19665132649226 1188.4896887410277,90.76934032855699,231.69192028955828
1236.2125758538111,104.91002785651119,265.19665132649226 1234.0697437054291,102.7365824762058,325.1189710876855
1236.2125758538111,104.91002785651119,265.19665132649226 1193.6107155764657,71.00662553516264,290.4085693801888
1236.2125758538111,104.91002785651119,265.19665132649226 1199.7758011432816,133.21256259587415,303.55454459530034
1236.2125758538111,104.91002785651119,265.19665132649226 1194.694387504438,70.42769041069721,238.98199053412287
1236.2125758538111,104.91002785651119,265.19665132649226 1190.8612863582935,109.4830649905293,226.17937473695258
1236.2125758538111,104.91002785651119,265.19665132649226 1218.9000477692844,98.60039580484234,322.2971321886971
1236.2125758538111,104.91002785651119,265.19665132649226 1193.785088001288,136.81472058988433,293.160893782047
1236.2125758538111,104.91002785651119,265.19665132649226 1238.3944240546434,97.76917448351145,324.73023639856603
1238.3944240546434,97.76917448351145,324.73023639856603 1209.0590568783937,59.75780631239596,360.710399299733
1238.3944240546434,97.76917448351145,324.73023639856603 1211.4912474893026,132.92702318069587,365.22893718859126
1238.3944240546434,97.76917448351145,324.73023639856603 1230.317757115786,125.24181548548586,272.0043277052547
1230.317757115786,125.24181548548586,272.0043277052547 1189.214431817107,109.32739980141626,231.29501645063374
1230.317757115786,125.24181548548586,272.0043277052547 1186.8698734245304,91.3928073158524,295.80613538205125
1238.3944240546434,97.76917448351145,324.73023639856603 1237.4709744886645,42.60855026391863,348.3194876924067
1238.3944240546434,97.76917448351145,324.73023639856603 1216.316687406866,72.0080176316352,275.2435074486302
1238.3944240546434,97.76917448351145,324.73023639856603 1205.2723521084406,67.03446222563376,364.20561875790514
1238.3944240546434,97.76917448351145,324.73023639856603 1189.7397790925595,92.96724195138869,289.9499694707447
1238.3944240546434,97.76917448351145,324.73023639856603 1217.528806373749,91.07107125282731,380.58506082677314
1238.3944240546434,97.76917448351145,324.73023639856603 1243.3798626980952,56.526931020808114,281.4379419837919
1238.3944240546434,97.76917448351145,324.73023639856603 1223.9787575021762,55.14836570256413,285.0357126363894
1238.3944240546434,97.76917448351145,324.73023639856603 1191.602382563122,112.03938973061162,289.99026216344055
1238.3944240546434,97.76917448351145,324.73023639856603 1185.4922638546927,126.00040885213363,322.6424499624886
1238.3944240546434,97.76917448351145,324.73023639856603 1188.5693662665037,124.05175137102555,345.3867067785814
1236.2125758538111,104.91002785651119,265.19665132649226 1194.3087921580377,140.18254419108604,289.6899668106194
1236.2125758538111,104.91002785651119,265.19665132649226 1224.564437042039,156.11225422879258,236.16816744008622
1224.564437042039,156.11225422879258,236.16816744008622 1220.1519983130595,211.20964536793025,259.5092872530659
1220.1519983130595,211.20964536793025,259.5092872530659 1181.1961982940888,244.8018168808019,290.3963663951891
1220.1519983130595,211.20964536793025,259.5092872530659 1200.458527790539,164.08762382131363,291.0002749184094
1220.1519983130595,211.20964536793025,259.5092872530659 1189.1202947695822,215.5193454999891,208.3383984591289
1220.1519983130595,211.20964536793025,259.5092872530659 1188.679537154977,237.114658147409,215.48185828488712
1220.1519983130595,211.20964536793025,259.5092872530659 1250.2670358741893,244.13406037686832,299.6224697372686
1236.2125758538111,104.91002785651119,265.19665132649226 1226.3622821542485,96.13634279161599,206.66465866936164
1236.2125758538111,104.91002785651119,265.19665132649226 1226.772092190672,68.46050474149816,311.9118472791385
1236.2125758538111,104.91002785651119,265.19665132649226 1196.8501282544973,114.37797707440112,220.913972358314
1236.2125758538111,104.91002785651119,265.19665132649226 1213.6283146722988,73.88253721214176,219.07457449555585
1236.2125758538111,104.91002785651119,265.19665132649226 1206.875535343994,69.07126963453042,303.34008409324457
目标树
2280.0,0.0,-200.0 2224.918833920488,2.361443343057987,-176.3253568419974
2224.918833920488,2.361443343057987,-176.3253568419974 2169.837667840976,4.722886686115975,-152.6507136839948
2169.837667840976,4.722886686115975,-152.6507136839948 2114.756501761464,7.084330029173962,-128.97607052599218
2114.756501761464,7.084330029173962,-128.97607052599218 2059.6753356819518,9.445773372231951,-105.30142736798958
2059.6753356819518,9.445773372231951,-105.30142736798958 2004.59416960244,11.80721671528994,-81.62678420998695
2004.59416960244,11.80721671528994,-81.62678420998695 1949.513003522928,14.168660058347928,-57.952141051984334
1949.513003522928,14.168660058347928,-57.952141051984334 1986.4338049190528,-23.902447621868003,-86.01359476110866
1949.513003522928,14.168660058347928,-57.952141051984334 1997.7814512316133,38.62956813681684,-32.03263234192933
1949.513003522928,14.168660058347928,-57.952141051984334 1957.102635250221,58.44215968212134,-97.72970660479064
1949.513003522928,14.168660058347928,-57.952141051984334 1986.88132312898,3.7911479160167367,-103.73331547505612
1949.513003522928,14.168660058347928,-57.952141051984334 1961.4449705924105,72.95211387748171,-56.49141556560763
1949.513003522928,14.168660058347928,-57.952141051984334 1968.1381513006222,61.894476738236364,-89.18273970933868
1949.513003522928,14.168660058347928,-57.952141051984334 2000.2847735511486,44.77348542527309,-67.20265630582229
1949.513003522928,14.168660058347928,-57.952141051984334 1952.1326270107998,42.384197012720676,-110.83901132389792
1949.513003522928,14.168660058347928,-57.952141051984334 1965.1101655611735,-43.40134539172922,-64.46543582734988
1949.513003522928,14.168660058347928,-57.952141051984334 1959.8112976591406,72.76599979794511,-50.18703233888333
1949.513003522928,14.168660058347928,-57.952141051984334 1970.7212762529914,14.07555741665493,-1.8254940854554675
1970.7212762529914,14.07555741665493,-1.8254940854554675 1945.6042963514049,59.62594855411358,28.079341440723667
1945.6042963514049,59.62594855411358,28.079341440723667 1972.8880776527194,112.04291272355832,17.684287561056458
1945.6042963514049,59.62594855411358,28.079341440723667 1968.7398728214077,19.17275415654786,65.8719884032401
1945.6042963514049,59.62594855411358,28.079341440723667 1938.7094282595692,100.94207234589464,71.03791111917559
1938.7094282595692,100.94207234589464,71.03791111917559 1942.0218471480055,110.76886463743547,130.13496717416402
1942.0218471480055,110.76886463743547,130.13496717416402 1883.0930559286055,110.27970392009527,141.41141551630494
1883.0930559286055,110.27970392009527,141.41141551630494 1824.1642647092056,109.79054320275507,152.68786385844584
1824.1642647092056,109.79054320275507,152.68786385844584 1765.2354734898056,109.30138248541488,163.96431220058673
1765.2354734898056,109.30138248541488,163.96431220058673 1706.3066822704056,108.81222176807468,175.24076054272763
1706.3066822704056,108.81222176807468,175.24076054272763 1677.1759690382178,60.36065672020394,195.33671513553023
1677.1759690382178,60.36065672020394,195.33671513553023 1708.5997809990336,111.42588407031272,197.54728011602575
1677.1759690382178,60.36065672020394,195.33671513553023 1682.0971287980353,101.73818093036405,238.5071063412625
1677.1759690382178,60.36065672020394,195.33671513553023 1686.0759308288489,108.1285329684477,230.53644068641736
1677.1759690382178,60.36065672020394,195.33671513553023 1657.8096788576863,108.9154446477026,224.78802026720626
1657.8096788576863,108.9154446477026,224.78802026720626 1691.9435430447645,108.10154370423493,175.45023676498235
1657.8096788576863,108.9154446477026,224.78802026720626 1654.788264148183,151.10729133826345,267.3405657374059
1654.788264148183,151.10729133826345,267.3405657374059 1656.1959928364977,198.39228725619208,230.4332837867993
1654.788264148183,151.10729133826345,267.3405657374059 1710.4959556722265,141.3202267112648,247.3189156793068
1654.788264148183,151.10729133826345,267.3405657374059 1641.8062587359993,179.49150751464558,216.09796814974996
1641.8062587359993,179.49150751464558,216.09796814974996 1689.4654377082168,161.30338749255634,247.6858606048699
1641.8062587359993,179.49150751464558,216.09796814974996 1686.7860057534917,219.20027732031235,215.9083401904607
1641.8062587359993,179.49150751464558,216.09796814974996 1681.119693559067,156.3781233675074,255.08803503452506
1641.8062587359993,179.49150751464558,216.09796814974996 1634.7150543168877,217.83029008365043,261.7033688278818
1634.7150543168877,217.83029008365043,261.7033688278818 1690.414537475827,232.34515143730698,278.64108932714487
1634.7150543168877,217.83029008365043,261.7033688278818 1651.8716478429103,256.9636708797989,219.58176147433363
1634.7150543168877,217.83029008365043,261.7033688278818 1643.8911592779416,246.75538698805786,209.94297985316132
1634.7150543168877,217.83029008365043,261.7033688278818 1678.3066797851372,182.80090872339048,283.44532436443205
1634.7150543168877,217.83029008365043,261.7033688278818 1646.4321556155132,235.43627438445444,317.8526239783964
1634.7150543168877,217.83029008365043,261.7033688278818 1673.6898104583174,197.09206909297396,302.33457080195524
1634.7150543168877,217.83029008365043,261.7033688278818 1665.0485460012392,174.15986784422657,233.9045648308424
1634.7150543168877,217.83029008365043,261.7033688278818 1632.2801462929367,276.42582196006856,249.0291877089863
1632.2801462929367,276.42582196006856,249.0291877089863 1672.3168169323876,314.2591944267054,272.8136560004757
1632.2801462929367,276.42582196006856,249.0291877089863 1610.0561267774945,299.38990970731123,299.8105192247528
1610.0561267774945,299.38990970731123,299.8105192247528 1550.7514488188597,290.2819894486799,299.7795226921244
1550.7514488188597,290.2819894486799,299.7795226921244 1491.446770860225,281.17406919004856,299.74852615949595
1491.446770860225,281.17406919004856,299.74852615949595 1432.14209290159,272.0661489314172,299.71752962686753
1432.14209290159,272.0661489314172,299.71752962686753 1372.8374149429553,262.9582286727859,299.6865330942391
1372.8374149429553,262.9582286727859,299.6865330942391 1313.5327369843205,253.85030841415457,299.6555365616107
1313.5327369843205,253.85030841415457,299.6555365616107 1254.2280590256858,244.74238815552326,299.6245400289822
1634.7150543168877,217.83029008365043,261.7033688278818 1673.1036957182491,235.2586367986457,304.3948778447764
1634.7150543168877,217.83029008365043,261.7033688278818 1647.4928811709774,177.78915737826708,218.88474165982808
1634.7150543168877,217.83029008365043,261.7033688278818 1637.3972227703844,255.55159583277145,308.28565156465197
1634.7150543168877,217.83029008365043,261.7033688278818 1647.7849821434734,272.16734057438805,239.8707800996784
1634.7150543168877,217.83029008365043,261.7033688278818 1672.2761685186297,253.83479711805722,291.58376663535853
1634.7150543168877,217.83029008365043,261.7033688278818 1693.9808354087634,226.61165146990012,264.936770098055
1634.7150543168877,217.83029008365043,261.7033688278818 1660.8059666948159,271.8599697533882,261.94421332709317
1641.8062587359993,179.49150751464558,216.09796814974996 1682.603655674885,209.70061074650164,248.0820655254469
1641.8062587359993,179.49150751464558,216.09796814974996 1654.8443161689659,224.8747865581397,179.0794992236178
1641.8062587359993,179.49150751464558,216.09796814974996 1694.7825034652196,188.16036379400552,242.90036403514716
1641.8062587359993,179.49150751464558,216.09796814974996 1677.492373949056,179.377483793451,264.33165118962836
1641.8062587359993,179.49150751464558,216.09796814974996 1671.7768753212479,216.37102728126317,179.469247679555
1641.8062587359993,179.49150751464558,216.09796814974996 1697.9420384476318,199.81586365969505,222.07247929763992
1641.8062587359993,179.49150751464558,216.09796814974996 1681.7381887601023,187.1435671510384,260.22151002788155
1641.8062587359993,179.49150751464558,216.09796814974996 1669.6177787906943,130.93125407321597,237.7410071681369
1641.8062587359993,179.49150751464558,216.09796814974996 1696.3076702304254,154.47592159231218,214.1443545549998
1641.8062587359993,179.49150751464558,216.09796814974996 1701.2854794009174,186.91456536120967,213.4295376558917
1641.8062587359993,179.49150751464558,216.09796814974996 1687.9966412979531,148.86671926677565,193.10729822576815
1641.8062587359993,179.49150751464558,216.09796814974996 1666.7498278885666,160.93284947689335,267.41457920084014
1641.8062587359993,179.49150751464558,216.09796814974996 1675.669956143647,138.28265277628145,188.61924385192856
1641.8062587359993,179.49150751464558,216.09796814974996 1643.1235764284197,174.84245924218328,275.9030768300086
1643.1235764284197,174.84245924218328,275.9030768300086 1679.2283451826547,220.6068758163824,261.68816041005084
1643.1235764284197,174.84245924218328,275.9030768300086 1679.7368375688857,144.20399663693564,239.5609013606331
1643.1235764284197,174.84245924218328,275.9030768300086 1675.7470069225567,218.40938320734392,250.65164283096357
1643.1235764284197,174.84245924218328,275.9030768300086 1682.3672725766928,181.68318662407592,320.77106944733697
1643.1235764284197,174.84245924218328,275.9030768300086 1680.8635351939342,143.73689082236467,310.66137261183957
1643.1235764284197,174.84245924218328,275.9030768300086 1687.2588721316995,143.65471482388278,301.96838464102115
1643.1235764284197,174.84245924218328,275.9030768300086 1683.5737107251832,136.42149151053988,297.9851028678931
1643.1235764284197,174.84245924218328,275.9030768300086 1635.309859689211,218.44593832147166,316.3713661798374
1635.309859689211,218.44593832147166,316.3713661798374 1652.3739882082157,272.7352246758371,335.38422774827586
1635.309859689211,218.44593832147166,316.3713661798374 1669.3831239772571,261.3715684481001,291.95000383068003
1635.309859689211,218.44593832147166,316.3713661798374 1651.3955978421825,163.07756260803828,299.7704023846201
1635.309859689211,218.44593832147166,316.3713661798374 1646.3394290161687,262.7662133247463,355.28231353525325
1643.1235764284197,174.84245924218328,275.9030768300086 1697.6046220214332,173.92779919272184,250.7837801024744
1643.1235764284197,174.84245924218328,275.9030768300086 1675.9608054565588,125.58925809691772,266.1133594338036
1643.1235764284197,174.84245924218328,275.9030768300086 1657.9978462425038,214.44416209702317,233.3535618093319
1643.1235764284197,174.84245924218328,275.9030768300086 1685.5145240894483,216.15883488242886,266.10692144363077
1643.1235764284197,174.84245924218328,275.9030768300086 1656.1020994116504,198.09340737609196,329.67064467576523
1643.1235764284197,174.84245924218328,275.9030768300086 1686.904904333764,158.3794434793836,313.4818532714859
1643.1235764284197,174.84245924218328,275.9030768300086 1683.7183138552455,155.63510694206406,236.1143232573446
1643.1235764284197,174.84245924218328,275.9030768300086 1678.7914328461243,195.43526961386485,319.53494797441374
1641.8062587359993,179.49150751464558,216.09796814974996 1688.1378490908558,190.62906919948435,179.63787414402668
1641.8062587359993,179.49150751464558,216.09796814974996 1674.7399929813964,153.62396938433014,259.06585871619785
1641.8062587359993,179.49150751464558,216.09796814974996 1652.7596707951877,122.00992820224633,202.8355851054408
1641.8062587359993,179.49150751464558,216.09796814974996 1681.4326293895751,135.1927948112706,207.88975265250093
1641.8062587359993,179.49150751464558,216.09796814974996 1689.2102195079312,153.71884057352236,189.85612862057297
1641.8062587359993,179.49150751464558,216.09796814974996 1662.6331163941807,215.95106727481573,173.238400930978
1641.8062587359993,179.49150751464558,216.09796814974996 1647.886149701026,220.30866185634807,172.54346393607506
1641.8062587359993,179.49150751464558,216.09796814974996 1697.780244795376,159.51184309786956,207.86839377328786
1641.8062587359993,179.49150751464558,216.09796814974996 1681.7664448812552,212.50542012015148,185.87769188177865
1641.8062587359993,179.49150751464558,216.09796814974996 1684.130287106147,173.0986285315418,174.05266257552054
1641.8062587359993,179.49150751464558,216.09796814974996 1686.2744737014887,144.65714593448018,236.32530388843116
1654.788264148183,151.10729133826345,267.3405657374059 1684.4064277817454,112.6525715602715,232.07019701560702
1657.8096788576863,108.9154446477026,224.78802026720626 1685.4132314171677,57.28553720823593,211.65803382821673
1657.8096788576863,108.9154446477026,224.78802026720626 1671.4436881360052,116.03224838740334,282.78340711417275
1657.8096788576863,108.9154446477026,224.78802026720626 1715.8575762403154,123.1543371498024,219.52536411566047
1657.8096788576863,108.9154446477026,224.78802026720626 1714.2092125741094,110.92729577387925,245.16067477309144
1657.8096788576863,108.9154446477026,224.78802026720626 1649.5691171003916,152.25827298344103,184.1248628174592
1657.8096788576863,108.9154446477026,224.78802026720626 1680.2481142980328,147.8910781825992,185.07131590313736
1657.8096788576863,108.9154446477026,224.78802026720626 1653.7357252262348,60.00882082308825,190.26925655981884
1653.7357252262348,60.00882082308825,190.26925655981884 1701.6229811969065,86.00595399361092,215.3881694047944
1653.7357252262348,60.00882082308825,190.26925655981884 1695.3319819166836,78.06396792270088,229.56000728506757
1653.7357252262348,60.00882082308825,190.26925655981884 1692.5019408344317,100.33349435802617,211.97412310443178
1653.7357252262348,60.00882082308825,190.26925655981884 1697.951516530359,94.56713164331401,211.4986454488756
1653.7357252262348,60.00882082308825,190.26925655981884 1702.1443289123563,24.574758241025037,191.2862610290573
1653.7357252262348,60.00882082308825,190.26925655981884 1682.6823664504097,14.863373162371587,217.17614261808248
1653.7357252262348,60.00882082308825,190.26925655981884 1687.5495697642207,23.006159670707227,223.24541438942336
1653.7357252262348,60.00882082308825,190.26925655981884 1695.2508834802672,77.57976994038103,150.67439095504454
1653.7357252262348,60.00882082308825,190.26925655981884 1669.0253339049077,15.745960822049284,227.77961634190405
1653.7357252262348,60.00882082308825,190.26925655981884 1697.8580045896986,21.24641266350462,177.99325650107403
1653.7357252262348,60.00882082308825,190.26925655981884 1683.9444877398407,111.59265931345814,185.11772533153444
1653.7357252262348,60.00882082308825,190.26925655981884 1680.2615779951598,20.388535645156445,226.6919436833779
1653.7357252262348,60.00882082308825,190.26925655981884 1702.364211011676,30.168874104188806,208.83933868210306
1653.7357252262348,60.00882082308825,190.26925655981884 1696.3251713547006,22.141866283301283,209.0371235764037
