起始树
1200.0,0.0,280.0 1237.803867216403,-3.448920156098862,233.53525451224954
1237.803867216403,-3.448920156098862,233.53525451224954 1239.938288410819,-59.31027369524724,255.328680744467
1239.938288410819,-59.31027369524724,255.328680744467 1239.7120138395942,-3.0912129531013193,234.36762139410675
1239.7120138395942,-3.0912129531013193,234.36762139410675 1231.9625562083352,56.149316282144795,228.8444336959318
1231.9625562083352,56.149316282144795,228.8444336959318 1206.7188040447013,96.39211616904058,192.19378521648065
1239.938288410819,-59.31027369524724,255.328680744467 1202.1605723269745,-91.8516857953035,288.70383117143496
1237.803867216403,-3.448920156098862,233.53525451224954 1180.543340867259,-21.10754054242518,236.60205223473088
1180.543340867259,-21.10754054242518,236.60205223473088 1223.9548899683462,0.4384289055853898,271.9744794229987
1223.9548899683462,0.4384289055853898,271.9744794229987 1205.1448725189807,43.94013017596565,235.18065888017972
1180.543340867259,-21.10754054242518,236.60205223473088 1218.1222756887132,-10.192252424968958,191.11930668218292
1218.1222756887132,-10.192252424968958,191.11930668218292 1217.1171210086566,19.215016567702556,243.40890597747128
1180.543340867259,-21.10754054242518,236.60205223473088 1200.5903431315326,-53.85270713132354,282.7092291737011
1237.803867216403,-3.448920156098862,233.53525451224954 1236.8895585388887,-45.15217353966698,190.40750594049894
1236.8895585388887,-45.15217353966698,190.40750594049894 1244.8105235031478,-6.140289596200532,145.51506531608553
1244.8105235031478,-6.140289596200532,145.51506531608553 1212.9836712138328,-44.240044122567895,179.21165532731177
1212.9836712138328,-44.240044122567895,179.21165532731177 1166.1865575080342,-50.68713349369441,216.20442742467225
1166.1865575080342,-50.68713349369441,216.20442742467225 1151.7736349020506,-42.076230116276015,273.8075523831213
1151.7736349020506,-42.076230116276015,273.8075523831213 1140.0953483879032,-46.192270595609635,332.5159490131262
1244.8105235031478,-6.140289596200532,145.51506531608553 1233.36058755685,-44.73102287462924,190.00837123797513
1233.36058755685,-44.73102287462924,190.00837123797513 1239.997029389552,12.173079976084708,172.17916153713495
1239.997029389552,12.173079976084708,172.17916153713495 1201.8853302359494,35.609790824504884,212.1568924911653
1239.997029389552,12.173079976084708,172.17916153713495 1211.4936749674437,50.64769292864246,208.33525293040577
1211.4936749674437,50.64769292864246,208.33525293040577 1200.6596885742672,96.72603344787188,171.46505800514933
1211.4936749674437,50.64769292864246,208.33525293040577 1247.5334708463888,3.0788265283398744,202.14364066911784
1233.36058755685,-44.73102287462924,190.00837123797513 1197.3191332684296,-81.47737043799987,220.84211109430245
1244.8105235031478,-6.140289596200532,145.51506531608553 1206.247513199691,35.14823153649965,165.71784381336263
1244.8105235031478,-6.140289596200532,145.51506531608553 1238.4867843264583,-36.776631518117625,196.71491762513605
1238.4867843264583,-36.776631518117625,196.71491762513605 1185.9273444679447,-64.55758672823033,188.60789539912736
1238.4867843264583,-36.776631518117625,196.71491762513605 1197.2785499978208,-34.615108866581096,240.27188312255103
1197.2785499978208,-34.615108866581096,240.27188312255103 1157.5088913940776,-61.08780716986284,276.5702370671191
1157.5088913940776,-61.08780716986284,276.5702370671191 1152.2349327697016,-106.83741605710034,315.03006867222587
1238.4867843264583,-36.776631518117625,196.71491762513605 1198.231246742998,-3.709622213204433,226.4817547009055
1198.231246742998,-3.709622213204433,226.4817547009055 1172.335933029288,1.3656517861162412,280.36750719171107
1238.4867843264583,-36.776631518117625,196.71491762513605 1229.046307935378,-72.0699225317417,244.30967589678926
1238.4867843264583,-36.776631518117625,196.71491762513605 1189.5800185370435,-32.31554736060478,162.24424910595982
1244.8105235031478,-6.140289596200532,145.51506531608553 1209.2379513139426,-33.10014912309086,185.61192407252844
1244.8105235031478,-6.140289596200532,145.51506531608553 1212.9294031391948,28.759403442484405,182.46916644362904
1212.9294031391948,28.759403442484405,182.46916644362904 1222.5759531910087,-21.940784596848736,151.86794089833248
1212.9294031391948,28.759403442484405,182.46916644362904 1169.544485822212,-0.8874303408694715,211.4314556490897
1244.8105235031478,-6.140289596200532,145.51506531608553 1224.2123325355847,-48.08360516861267,183.15112259706078
1244.8105235031478,-6.140289596200532,145.51506531608553 1220.256232957126,48.3791307771835,150.4869480512051
1244.8105235031478,-6.140289596200532,145.51506531608553 1235.3300896605037,37.407880885139775,185.68567922580027
1235.3300896605037,37.407880885139775,185.68567922580027 1218.1835224182028,71.17946334462843,232.22034855939722
1218.1835224182028,71.17946334462843,232.22034855939722 1190.5299059843746,124.19129390516201,227.21801722770903
1218.1835224182028,71.17946334462843,232.22034855939722 1207.4470315308188,72.60201299052211,291.2347884527834
1235.3300896605037,37.407880885139775,185.68567922580027 1206.3249864500938,79.19612643529311,217.504644036013
1244.8105235031478,-6.140289596200532,145.51506531608553 1208.7476132223373,-45.82952691509137,172.4266045348479
1244.8105235031478,-6.140289596200532,145.51506531608553 1241.9370834580927,-38.015577103859016,196.26651247389162
1244.8105235031478,-6.140289596200532,145.51506531608553 1242.6023753509135,34.660039664856626,189.4520339635367
1242.6023753509135,34.660039664856626,189.4520339635367 1227.789304351394,92.18194086424656,180.97832108364628
1244.8105235031478,-6.140289596200532,145.51506531608553 1212.4443397979794,35.43307979101623,174.22194794303257
1212.4443397979794,35.43307979101623,174.22194794303257 1182.902928948159,84.60205121627376,191.82073466213095
1244.8105235031478,-6.140289596200532,145.51506531608553 1203.108875306262,19.877541698521743,179.92502016032424
1244.8105235031478,-6.140289596200532,145.51506531608553 1249.764136037023,4.547877822765079,204.34724018739547
1249.764136037023,4.547877822765079,204.34724018739547 1191.6163206391225,15.053370319752098,214.7619505457026
1191.6163206391225,15.053370319752098,214.7619505457026 1199.4639207375872,-23.765411602476995,169.68959379825708
1199.4639207375872,-23.765411602476995,169.68959379825708 1205.4775284017471,-83.44594849769402,171.12835672528712
1205.4775284017471,-83.44594849769402,171.12835672528712 1232.6684752748129,-127.23578247830727,201.83833634261097
1232.6684752748129,-127.23578247830727,201.83833634261097 1205.6725449801042,-170.41159911424,233.57268059837816
1232.6684752748129,-127.23578247830727,201.83833634261097 1239.1881299181523,-172.14317684916406,162.58505578987348
1239.1881299181523,-172.14317684916406,162.58505578987348 1292.2771494137608,-190.45623422620386,141.46189460362686
1292.2771494137608,-190.45623422620386,141.46189460362686 1345.3661689093692,-208.76929160324366,120.33873341738024
1345.3661689093692,-208.76929160324366,120.33873341738024 1391.645259461956,-223.07035914295378,155.74671620163576
1391.645259461956,-223.07035914295378,155.74671620163576 1443.2201493700193,-240.99561916171604,130.87271804631465
1443.2201493700193,-240.99561916171604,130.87271804631465 1487.2149556605816,-204.09530648620847,148.2745554178586
1487.2149556605816,-204.09530648620847,148.2745554178586 1538.9751301776403,-224.1348634451772,125.48638983017067
1538.9751301776403,-224.1348634451772,125.48638983017067 1528.630804778502,-193.77286225847328,176.19283730951327
1538.9751301776403,-224.1348634451772,125.48638983017067 1526.6906305789444,-279.60882911132165,144.76669591905494
1526.6906305789444,-279.60882911132165,144.76669591905494 1581.2838777754316,-294.0485723262048,124.4918056251106
1581.2838777754316,-294.0485723262048,124.4918056251106 1619.9861730078333,-299.89750484944307,169.9662196629257
1619.9861730078333,-299.89750484944307,169.9662196629257 1580.0607642646144,-268.93720183784643,202.33010963488385
1580.0607642646144,-268.93720183784643,202.33010963488385 1630.885431897141,-285.13294875776575,174.86101897375838
1630.885431897141,-285.13294875776575,174.86101897375838 1595.0343084562528,-250.3201839694857,208.06897518642063
1595.0343084562528,-250.3201839694857,208.06897518642063 1644.6081922127175,-268.7365031423458,179.72697036276935
1644.6081922127175,-268.7365031423458,179.72697036276935 1613.699374411165,-229.9790768817029,213.5279598713809
1613.699374411165,-229.9790768817029,213.5279598713809 1661.7111212213297,-250.90342205633334,184.2526469396706
1661.7111212213297,-250.90342205633334,184.2526469396706 1709.7228680314943,-271.8277672309638,154.9773340079603
1709.7228680314943,-271.8277672309638,154.9773340079603 1697.6985529590447,-223.18250641154685,187.9781589499123
1709.7228680314943,-271.8277672309638,154.9773340079603 1662.4015622199433,-271.1987550603418,191.85955682572015
1709.7228680314943,-271.8277672309638,154.9773340079603 1729.217195410908,-220.83363338581566,179.86848732409558
1709.7228680314943,-271.8277672309638,154.9773340079603 1753.8486086043995,-259.66525375829536,193.77156405470598
1753.8486086043995,-259.66525375829536,193.77156405470598 1796.2097017571905,-282.8116559452492,158.13756550415965
1796.2097017571905,-282.8116559452492,158.13756550415965 1848.3855318863868,-309.0892546006644,171.818594677221
1848.3855318863868,-309.0892546006644,171.818594677221 1883.4541563899659,-277.4165276534999,208.79196270283285
1883.4541563899659,-277.4165276534999,208.79196270283285 1911.7390729282304,-302.6013960395937,162.25503219814075
1911.7390729282304,-302.6013960395937,162.25503219814075 1940.0239894664949,-327.7862644256875,115.71810169344866
1940.0239894664949,-327.7862644256875,115.71810169344866 1913.0734051897202,-340.567474248873,167.7787075542738
1913.0734051897202,-340.567474248873,167.7787075542738 1942.1127497457132,-357.85576636107635,118.20218666382162
1942.1127497457132,-357.85576636107635,118.20218666382162 1918.5767315457524,-383.99560735990525,166.81046332373882
1918.5767315457524,-383.99560735990525,166.81046332373882 1947.7571656534108,-391.5339382290724,114.92910026343003
1947.7571656534108,-391.5339382290724,114.92910026343003 1928.534558051814,-428.6836633839707,157.94525162440777
1928.534558051814,-428.6836633839707,157.94525162440777 1956.9079813702788,-425.06912952998545,105.20168335101934
1956.9079813702788,-425.06912952998545,105.20168335101934 1941.7004186763468,-469.6116178560004,142.41319730351725
1941.7004186763468,-469.6116178560004,142.41319730351725 1968.1740300643955,-454.49236540288166,90.73577374802792
1968.1740300643955,-454.49236540288166,90.73577374802792 2026.7084336772675,-461.78568838387326,79.75711109812646
2026.7084336772675,-461.78568838387326,79.75711109812646 2029.9120886665912,-467.6557079900381,20.13094683668313
2029.9120886665912,-467.6557079900381,20.13094683668313 2033.115743655915,-473.52572759620296,-39.4952174247602
1709.7228680314943,-271.8277672309638,154.9773340079603 1690.7007111128657,-325.43359450170726,135.88354368800836
1538.9751301776403,-224.1348634451772,125.48638983017067 1491.6457396674662,-260.3929953946408,118.75759636694717
1538.9751301776403,-224.1348634451772,125.48638983017067 1480.1335848090769,-212.75772849023164,122.61701030555929
1487.2149556605816,-204.09530648620847,148.2745554178586 1518.0336239111505,-208.0349052962004,199.60377953509698
1443.2201493700193,-240.99561916171604,130.87271804631465 1430.4492408857152,-298.0665621052427,144.2820941698428
1292.2771494137608,-190.45623422620386,141.46189460362686 1322.0205190818126,-229.09891301279882,106.50370047141153
1191.6163206391225,15.053370319752098,214.7619505457026 1237.2262512744567,18.72242388793956,253.5726742358604
1237.2262512744567,18.72242388793956,253.5726742358604 1243.3075332237095,62.409671416256586,294.2475118293069
1237.2262512744567,18.72242388793956,253.5726742358604 1187.5820329164599,49.819335395087535,240.5944741164239
1187.5820329164599,49.819335395087535,240.5944741164239 1228.3323012061983,10.813919707478547,220.14959257235128
1237.2262512744567,18.72242388793956,253.5726742358604 1231.2222426189817,47.94095220227849,201.51280981796975
1191.6163206391225,15.053370319752098,214.7619505457026 1131.914772765351,14.480112709072609,220.71145112874126
1131.914772765351,14.480112709072609,220.71145112874126 1149.914383888743,-33.59885755388088,251.76666997937406
1149.914383888743,-33.59885755388088,251.76666997937406 1189.084275500134,-77.51875109433547,240.07211814755868
1191.6163206391225,15.053370319752098,214.7619505457026 1148.1645462397234,31.69551511066343,252.64311101237894
1244.8105235031478,-6.140289596200532,145.51506531608553 1205.0665824477296,2.936414383184255,189.53815691872137
1244.8105235031478,-6.140289596200532,145.51506531608553 1205.416746679969,-18.24173839260101,189.12338200721308
1244.8105235031478,-6.140289596200532,145.51506531608553 1229.6049446252746,9.647501194036154,201.3678721654507
1244.8105235031478,-6.140289596200532,145.51506531608553 1236.2645345291282,-49.92526787543189,185.6378985852251
1236.2645345291282,-49.92526787543189,185.6378985852251 1205.8162065320073,-13.503953228289618,222.33104728567866
1244.8105235031478,-6.140289596200532,145.51506531608553 1243.4176710891527,39.760948137824386,184.1302998309419
1243.4176710891527,39.760948137824386,184.1302998309419 1204.8497969730759,75.972898366491,212.4360191611942
1244.8105235031478,-6.140289596200532,145.51506531608553 1226.599280716247,43.362956652521774,174.11190512391948
1244.8105235031478,-6.140289596200532,145.51506531608553 1228.5568160245032,-56.92733876143371,173.0194764220671
1244.8105235031478,-6.140289596200532,145.51506531608553 1228.712910324014,-61.16796772120733,163.20182562162552
1228.712910324014,-61.16796772120733,163.20182562162552 1221.8415613616346,-95.76064212746357,211.74182398235843
1244.8105235031478,-6.140289596200532,145.51506531608553 1206.6616639058925,36.245313703269765,164.17317734192656
1244.8105235031478,-6.140289596200532,145.51506531608553 1228.1247303345851,-57.66439643328298,171.33851824122434
1244.8105235031478,-6.140289596200532,145.51506531608553 1210.9002658131935,-22.184315501572666,192.34116547559753
1244.8105235031478,-6.140289596200532,145.51506531608553 1206.0032692655425,-25.687605120471748,186.8901722565207
1244.8105235031478,-6.140289596200532,145.51506531608553 1210.6353928924536,4.61167627840357,193.64463707372067
1244.8105235031478,-6.140289596200532,145.51506531608553 1238.4770954155665,-65.15240439391764,154.31608774308194
1238.4770954155665,-65.15240439391764,154.31608774308194 1238.7396098020556,-40.79412449557704,209.14860808084302
1238.4770954155665,-65.15240439391764,154.31608774308194 1186.400390306446,-62.522440384970906,183.9994176487605
1238.4770954155665,-65.15240439391764,154.31608774308194 1186.838876379124,-93.24683904082879,166.3242964610724
1238.4770954155665,-65.15240439391764,154.31608774308194 1214.2047568002818,-73.20193756329773,208.5936944874844
1214.2047568002818,-73.20193756329773,208.5936944874844 1165.4592098096784,-93.74595218310347,236.91003450324388
1244.8105235031478,-6.140289596200532,145.51506531608553 1222.6142793994732,-50.986660508932076,178.62291579973652
1222.6142793994732,-50.986660508932076,178.62291579973652 1202.9342912673783,1.2962403268727059,156.73236196220174
1244.8105235031478,-6.140289596200532,145.51506531608553 1233.434397542257,-31.988382084359202,198.45333004818215
1244.8105235031478,-6.140289596200532,145.51506531608553 1227.1362572044827,-48.997551157033136,183.60542423156764
1244.8105235031478,-6.140289596200532,145.51506531608553 1215.5337392590413,-42.86236935144935,182.8561788877666
1215.5337392590413,-42.86236935144935,182.8561788877666 1196.5522042421617,13.68205569589393,189.36995847172162
1196.5522042421617,13.68205569589393,189.36995847172162 1240.028374455527,-26.616412762508645,180.10410376286578
1196.5522042421617,13.68205569589393,189.36995847172162 1217.4450849130196,-30.492424288268012,224.18522603355677
1215.5337392590413,-42.86236935144935,182.8561788877666 1181.9444491851284,-54.07737674157649,231.2915296304827
1181.9444491851284,-54.07737674157649,231.2915296304827 1157.5612785203648,-100.13717009049968,201.56012493801148
1181.9444491851284,-54.07737674157649,231.2915296304827 1150.680135562155,-84.52619541655788,272.4669122635861
1181.9444491851284,-54.07737674157649,231.2915296304827 1180.5911117556936,-99.86849694956729,192.5443776332142
1181.9444491851284,-54.07737674157649,231.2915296304827 1145.2131336664886,-50.673268693634725,278.61195343107926
1145.2131336664886,-50.673268693634725,278.61195343107926 1157.5705218675246,-62.62532172700856,221.12766527217173
1244.8105235031478,-6.140289596200532,145.51506531608553 1218.7699972081405,-10.090016528790606,199.4250889428379
1244.8105235031478,-6.140289596200532,145.51506531608553 1245.7835931930665,42.39802821675735,180.7724736052218
1244.8105235031478,-6.140289596200532,145.51506531608553 1217.8269119517497,-34.37490253226942,191.06384510208665
1244.8105235031478,-6.140289596200532,145.51506531608553 1245.752094549095,-30.717879405144135,200.24216576137445
1245.752094549095,-30.717879405144135,200.24216576137445 1191.8503313326846,-4.433003821386556,202.16706516352465
1244.8105235031478,-6.140289596200532,145.51506531608553 1202.4165578123884,-46.43159112211643,158.90770114173415
1244.8105235031478,-6.140289596200532,145.51506531608553 1217.8537929992424,31.921422965287697,183.259478378504
1236.8895585388887,-45.15217353966698,190.40750594049894 1182.2110486606584,-28.261999188386888,172.38023304969118
1182.2110486606584,-28.261999188386888,172.38023304969118 1212.4507554272036,-79.57699094340938,165.1461639419664
1236.8895585388887,-45.15217353966698,190.40750594049894 1203.9083961017766,-8.473597738403939,156.24722196205647
1203.9083961017766,-8.473597738403939,156.24722196205647 1218.6924546598086,-64.15620602672485,173.00665950518712
1218.6924546598086,-64.15620602672485,173.00665950518712 1237.664599621797,-87.25684212423978,225.02990745676635
1218.6924546598086,-64.15620602672485,173.00665950518712 1161.822715887278,-51.463359788483615,187.31485527951511
1161.822715887278,-51.463359788483615,187.31485527951511 1217.6473335331004,-38.865244615917135,205.33982570380377
1203.9083961017766,-8.473597738403939,156.24722196205647 1197.2447198547686,-66.37407651786083,170.4995893438188
1197.2447198547686,-66.37407651786083,170.4995893438188 1144.6005605871342,-54.50704651791614,196.7248842703654
1236.8895585388887,-45.15217353966698,190.40750594049894 1189.5740430118806,-82.04416822603126,189.93557535796106
1236.8895585388887,-45.15217353966698,190.40750594049894 1245.8543537860126,6.243610693413338,220.04035611127728
1245.8543537860126,6.243610693413338,220.04035611127728 1241.9508441557891,-37.06903759267338,261.37771344108853
1241.9508441557891,-37.06903759267338,261.37771344108853 1211.907803702939,-80.5905684391748,233.035305760628
1211.907803702939,-80.5905684391748,233.035305760628 1214.8210954597962,-104.833437381488,287.8422034705445
1245.8543537860126,6.243610693413338,220.04035611127728 1205.177397260931,-28.79249642349683,246.83319855005234
1245.8543537860126,6.243610693413338,220.04035611127728 1244.4491990237425,44.98674176179728,174.24739447837902
1245.8543537860126,6.243610693413338,220.04035611127728 1232.4122320371482,40.37871047864951,267.5177646919978
1232.4122320371482,40.37871047864951,267.5177646919978 1216.6805095305751,86.17890492265533,232.093830750841
1236.8895585388887,-45.15217353966698,190.40750594049894 1206.3833385163014,-0.2664522335777235,215.99348965747922
1206.3833385163014,-0.2664522335777235,215.99348965747922 1167.0198631680169,-45.40076935545781,219.6554872607765
1167.0198631680169,-45.40076935545781,219.6554872607765 1111.1116161853138,-52.96432904302377,240.0775460251055
1167.0198631680169,-45.40076935545781,219.6554872607765 1198.4701249877442,-90.96119693642365,196.52264329142912
1167.0198631680169,-45.40076935545781,219.6554872607765 1129.4192541325447,-0.07256932167238261,208.18602860490665
1129.4192541325447,-0.07256932167238261,208.18602860490665 1099.9447842925247,-42.15411859462326,239.17633093382815
1236.8895585388887,-45.15217353966698,190.40750594049894 1199.1984057463148,-20.796733108505276,230.23450083806796
1199.1984057463148,-20.796733108505276,230.23450083806796 1208.784346414682,-79.83691670977831,225.50518145463485
1208.784346414682,-79.83691670977831,225.50518145463485 1172.1067304293194,-40.06962926072329,199.55686099695382
1208.784346414682,-79.83691670977831,225.50518145463485 1228.8924497063167,-120.49913259994446,264.7766517723409
1199.1984057463148,-20.796733108505276,230.23450083806796 1170.8946880507367,9.821044450064669,187.08996164730883
1199.1984057463148,-20.796733108505276,230.23450083806796 1165.8950196272192,13.240356756748685,266.7360211695151
1236.8895585388887,-45.15217353966698,190.40750594049894 1188.4613322216042,-9.800232808800438,188.18327971028583
1188.4613322216042,-9.800232808800438,188.18327971028583 1226.221900274802,22.139697683512935,222.15356585047024
1188.4613322216042,-9.800232808800438,188.18327971028583 1144.284436881297,-5.999267122829451,228.6054837316605
1144.284436881297,-5.999267122829451,228.6054837316605 1130.9520985502838,-63.85275334681868,237.27859657296986
1144.284436881297,-5.999267122829451,228.6054837316605 1167.272102955166,-24.28225317120519,176.28627473887093
1236.8895585388887,-45.15217353966698,190.40750594049894 1217.6987501867445,3.551218818261269,219.72801834429185
1217.6987501867445,3.551218818261269,219.72801834429185 1175.340406016138,-6.904072943732698,260.91609372171195
1175.340406016138,-6.904072943732698,260.91609372171195 1208.7900945582066,15.702386698125961,305.30152284997007
1236.8895585388887,-45.15217353966698,190.40750594049894 1242.042544605188,0.12289549956753376,151.37399651471105
1242.042544605188,0.12289549956753376,151.37399651471105 1234.638716103353,38.42977312417378,196.95652003161237
1236.8895585388887,-45.15217353966698,190.40750594049894 1206.8396602275684,-89.83475264624249,216.87391362767738
1206.8396602275684,-89.83475264624249,216.87391362767738 1166.893834031589,-123.65325143922713,187.5372452941821
1236.8895585388887,-45.15217353966698,190.40750594049894 1209.4138243245818,-1.058432618445032,220.4212701322315
1209.4138243245818,-1.058432618445032,220.4212701322315 1179.679088996985,47.84492666087151,202.41274531214017
1236.8895585388887,-45.15217353966698,190.40750594049894 1225.8917253423697,-100.64271007624302,170.41130580486148
1225.8917253423697,-100.64271007624302,170.41130580486148 1210.553641867583,-142.31560425469675,210.7611891518041
1210.553641867583,-142.31560425469675,210.7611891518041 1223.8014526191564,-86.58848747186718,192.90106694160153
1225.8917253423697,-100.64271007624302,170.41130580486148 1221.1717440593563,-41.18784320283837,176.95657751455647
1236.8895585388887,-45.15217353966698,190.40750594049894 1196.6676416948953,-61.83709455968214,231.68474925870927
1236.8895585388887,-45.15217353966698,190.40750594049894 1209.3743242988228,-59.58107395529045,241.7370171159459
1236.8895585388887,-45.15217353966698,190.40750594049894 1177.4402781118795,-43.00844514818469,198.22974892409292
1236.8895585388887,-45.15217353966698,190.40750594049894 1195.0949169235446,-33.268990469048035,231.78380220243022
1195.0949169235446,-33.268990469048035,231.78380220243022 1148.6949021781484,-17.84376770392708,266.555933777492
1236.8895585388887,-45.15217353966698,190.40750594049894 1230.3681456227705,13.6430627034226,200.4370307895021
1236.8895585388887,-45.15217353966698,190.40750594049894 1239.6708670464618,-11.31880301775012,239.8804011672025
1236.8895585388887,-45.15217353966698,190.40750594049894 1213.9189732236364,-15.64162121802909,237.32743253833786
1213.9189732236364,-15.64162121802909,237.32743253833786 1174.7493667617282,-58.098794593421744,221.10613916847728
1236.8895585388887,-45.15217353966698,190.40750594049894 1245.7945864544029,-13.30087829299437,140.3455895875146
1245.7945864544029,-13.30087829299437,140.3455895875146 1203.1360588960556,-8.200046472795819,182.22913696946136
1245.7945864544029,-13.30087829299437,140.3455895875146 1195.5584305124644,-18.91985794425583,172.66827053844986
1245.7945864544029,-13.30087829299437,140.3455895875146 1247.3075639969938,28.015114020554336,183.82776614414985
1245.7945864544029,-13.30087829299437,140.3455895875146 1248.4560580300054,23.506300751992754,187.65465996310454
1248.4560580300054,23.506300751992754,187.65465996310454 1207.3603533057512,18.624917582394573,231.0979005370821
1207.3603533057512,18.624917582394573,231.0979005370821 1233.267581441014,-14.794170476297111,273.6652599063554
1207.3603533057512,18.624917582394573,231.0979005370821 1247.250261168158,-17.462156151439935,257.6783136275042
1245.7945864544029,-13.30087829299437,140.3455895875146 1217.7863502056405,33.13401787517593,166.02318916544937
1245.7945864544029,-13.30087829299437,140.3455895875146 1228.2152394638128,-49.20196425143378,185.09018240485042
1245.7945864544029,-13.30087829299437,140.3455895875146 1222.786650814837,-51.15216453315435,180.81675250101472
1245.7945864544029,-13.30087829299437,140.3455895875146 1231.1783627027976,-69.58733028931182,155.11722879612185
1231.1783627027976,-69.58733028931182,155.11722879612185 1188.0131374061896,-82.86651609345341,194.61946353635076
1245.7945864544029,-13.30087829299437,140.3455895875146 1244.7925562957491,-29.449224188106193,198.1229801517567
1245.7945864544029,-13.30087829299437,140.3455895875146 1207.041225740936,26.672342400080446,162.71339370044996
1245.7945864544029,-13.30087829299437,140.3455895875146 1199.2147828616849,-12.29146214645867,178.1517131167385
1245.7945864544029,-13.30087829299437,140.3455895875146 1198.312792076021,-37.299027370137054,168.08667903043852
1198.312792076021,-37.299027370137054,168.08667903043852 1161.6424450354878,-0.6153140348200026,198.2461024973938
1245.7945864544029,-13.30087829299437,140.3455895875146 1200.6173620679979,-26.41816372404133,177.58743728148457
1200.6173620679979,-26.41816372404133,177.58743728148457 1212.1334148903825,-73.84655921958979,212.4862600139191
1200.6173620679979,-26.41816372404133,177.58743728148457 1163.3465048619908,-46.47842183243729,220.11353806387413
1245.7945864544029,-13.30087829299437,140.3455895875146 1216.957040890825,-2.8464444127239883,191.91205910125612
1245.7945864544029,-13.30087829299437,140.3455895875146 1210.5850788452894,11.653273649538288,182.02988968662612
1245.7945864544029,-13.30087829299437,140.3455895875146 1199.3651852321675,-2.823870333029129,176.8769871292392
1245.7945864544029,-13.30087829299437,140.3455895875146 1197.2354890339334,-8.038089561333452,175.1926427265573
1245.7945864544029,-13.30087829299437,140.3455895875146 1235.2894344462302,36.00350115960709,172.88356660021591
1236.8895585388887,-45.15217353966698,190.40750594049894 1204.9677699803465,-16.119728240298745,232.09823075025628
1236.8895585388887,-45.15217353966698,190.40750594049894 1183.0594135098004,-34.8699463540815,165.98228761493775
1236.8895585388887,-45.15217353966698,190.40750594049894 1229.2409180899485,-4.9695747600599915,234.30348587716244
1229.2409180899485,-4.9695747600599915,234.30348587716244 1189.0478558650036,32.359921164286504,209.9924496381225
1236.8895585388887,-45.15217353966698,190.40750594049894 1248.9328234547754,11.725637571454008,205.2356674372393
1236.8895585388887,-45.15217353966698,190.40750594049894 1201.8205307084727,-86.3467792535825,216.35298236905106
1201.8205307084727,-86.3467792535825,216.35298236905106 1219.6843969491742,-50.14837339807659,171.96201823833638
1236.8895585388887,-45.15217353966698,190.40750594049894 1226.8275757957613,-100.67608856775755,210.79993991073377
1226.8275757957613,-100.67608856775755,210.79993991073377 1184.1514660555285,-142.82342836931798,209.26651071725757
1184.1514660555285,-142.82342836931798,209.26651071725757 1164.0015945013763,-97.2835674777114,175.79855968460112
1236.8895585388887,-45.15217353966698,190.40750594049894 1189.2179673752355,-80.21160475713853,180.49510569470087
1189.2179673752355,-80.21160475713853,180.49510569470087 1225.8220694225786,-38.34514674889145,157.97090965685348
1236.8895585388887,-45.15217353966698,190.40750594049894 1210.632609768546,-82.59340980312066,229.24983424784742
1236.8895585388887,-45.15217353966698,190.40750594049894 1196.8624528748508,-17.537881221897123,225.55408005446785
1236.8895585388887,-45.15217353966698,190.40750594049894 1248.512082078073,12.298837512718045,203.22539483219393
1236.8895585388887,-45.15217353966698,190.40750594049894 1226.8125454844635,-46.319424641745734,249.54371593712995
1236.8895585388887,-45.15217353966698,190.40750594049894 1193.4899386080278,-6.752117262243033,205.96091931980246
1236.8895585388887,-45.15217353966698,190.40750594049894 1190.3758088967952,-9.444563657524746,203.11331920598465
1236.8895585388887,-45.15217353966698,190.40750594049894 1242.305722279067,-38.03668743360262,249.73738903337198
1236.8895585388887,-45.15217353966698,190.40750594049894 1182.99152715894,-55.296040701914166,166.0743151846454
1237.803867216403,-3.448920156098862,233.53525451224954 1180.614509792276,-3.8520234299628577,215.3909742794582
1180.614509792276,-3.8520234299628577,215.3909742794582 1214.326579100877,29.75297854778933,178.86426863814202
1214.326579100877,29.75297854778933,178.86426863814202 1178.6083871704761,24.252370129138253,226.7595092393511
1180.614509792276,-3.8520234299628577,215.3909742794582 1147.5100232926839,32.23306812818422,250.06025666081794
1180.614509792276,-3.8520234299628577,215.3909742794582 1239.1830959781776,-16.744516860855803,217.26295860605055
1239.1830959781776,-16.744516860855803,217.26295860605055 1202.0099991717861,17.870332577442184,249.19997587733963
1202.0099991717861,17.870332577442184,249.19997587733963 1244.6784194816357,33.812835888812984,210.14562277260947
1244.6784194816357,33.812835888812984,210.14562277260947 1229.6652160419092,-13.661569637867835,176.66750241967387
1202.0099991717861,17.870332577442184,249.19997587733963 1211.6668570227553,-18.02591795516264,296.2977921127729
1202.0099991717861,17.870332577442184,249.19997587733963 1197.2996628770657,-29.6431437997882,212.86428688509662
1239.1830959781776,-16.744516860855803,217.26295860605055 1187.3033493295595,-32.291838096650665,191.44101657865434
1180.614509792276,-3.8520234299628577,215.3909742794582 1177.3311169269475,6.186458391799341,274.4540610088703
1180.614509792276,-3.8520234299628577,215.3909742794582 1226.1908618492332,8.272141769612249,178.299186085928
1226.1908618492332,8.272141769612249,178.299186085928 1183.4927574102883,-32.05772505526229,190.56188233140506
1180.614509792276,-3.8520234299628577,215.3909742794582 1212.0666881229931,-44.76335170946043,246.0018170751074
1237.803867216403,-3.448920156098862,233.53525451224954 1181.4092611991596,-3.423646188948123,254.0205607922757
1181.4092611991596,-3.423646188948123,254.0205607922757 1154.7727041706817,44.49249505487731,278.4036950856847
1181.4092611991596,-3.423646188948123,254.0205607922757 1231.9690352710743,-28.713364549920477,274.123779216688
1237.803867216403,-3.448920156098862,233.53525451224954 1183.660931801984,7.263142649622753,210.00242095663384
1237.803867216403,-3.448920156098862,233.53525451224954 1237.8442935470093,-53.325919670124236,266.886165821983
1237.803867216403,-3.448920156098862,233.53525451224954 1238.6466189348196,-45.11603199785107,190.37113097999165
1237.803867216403,-3.448920156098862,233.53525451224954 1193.5052846620779,25.584653312895796,205.34505771800687
1193.5052846620779,25.584653312895796,205.34505771800687 1150.8276937417322,21.59811310403409,247.32994464650488
1237.803867216403,-3.448920156098862,233.53525451224954 1242.8832870811364,35.717316016090294,278.7038878537848
1242.8832870811364,35.717316016090294,278.7038878537848 1208.6275504470266,51.25424353765628,325.4494586690407
1237.803867216403,-3.448920156098862,233.53525451224954 1182.035218872992,-3.181603170183897,255.66637295615084
1182.035218872992,-3.181603170183897,255.66637295615084 1133.4723721944908,-19.4245947839865,224.39633704452535
1237.803867216403,-3.448920156098862,233.53525451224954 1209.7955585508798,3.4576440044115753,180.9250462139209
1237.803867216403,-3.448920156098862,233.53525451224954 1227.7436589463664,39.039239910823675,274.6880000305143
1200.0,0.0,280.0 1214.6572211496382,-46.06117748153312,244.4537794247362
1214.6572211496382,-46.06117748153312,244.4537794247362 1171.182289767806,-10.72770229109453,222.97178993792107
1214.6572211496382,-46.06117748153312,244.4537794247362 1174.1593286625282,-88.62883888790523,232.29175218850074
1200.0,0.0,280.0 1169.7139380239532,41.774347044716755,310.6212079933274
1169.7139380239532,41.774347044716755,310.6212079933274 1168.7753532698305,76.0919744720322,261.4132868177759
1200.0,0.0,280.0 1181.5240988555258,-55.42079597694409,266.31875553242475
目标树
2480.0,0.0,0.0 2489.8262822151046,13.664829379201468,-57.59094213386714
2489.8262822151046,13.664829379201468,-57.59094213386714 2488.579179184527,-17.091174721542533,-109.09349494230706
2488.579179184527,-17.091174721542533,-109.09349494230706 2483.759921993514,26.062781897578066,-150.50014643988564
2483.759921993514,26.062781897578066,-150.50014643988564 2480.8290576203012,-31.311721051157694,-167.80842322907935
2480.8290576203012,-31.311721051157694,-167.80842322907935 2474.8792021447794,16.649754725699264,-203.36536433944997
2474.8792021447794,16.649754725699264,-203.36536433944997 2484.5382192430716,-13.456886015877473,-152.37229057494224
2484.5382192430716,-13.456886015877473,-152.37229057494224 2479.0211002794226,-9.528345093765774,-211.9887980587276
2484.5382192430716,-13.456886015877473,-152.37229057494224 2478.2613610976405,5.889955270340849,-208.81961809421466
2478.2613610976405,5.889955270340849,-208.81961809421466 2483.9530541393597,19.325452496726932,-150.62088920260896
2474.8792021447794,16.649754725699264,-203.36536433944997 2475.160666707035,61.485834194786335,-243.23573874880188
2475.160666707035,61.485834194786335,-243.23573874880188 2458.3496434555545,105.77161422611815,-280.06180538990094
2474.8792021447794,16.649754725699264,-203.36536433944997 2469.536204813203,-12.714368630840607,-255.41534646256582
2469.536204813203,-12.714368630840607,-255.41534646256582 2460.881001755673,-72.04600904165183,-253.21445886999805
2460.881001755673,-72.04600904165183,-253.21445886999805 2458.45076930372,-69.20205865331452,-313.09772795593017
2469.536204813203,-12.714368630840607,-255.41534646256582 2474.832227137352,23.59536592257405,-207.9437199452168
2469.536204813203,-12.714368630840607,-255.41534646256582 2464.1935707925945,-61.77852206466757,-289.53521031844497
2464.1935707925945,-61.77852206466757,-289.53521031844497 2470.2302677279895,-45.260765533129174,-232.1703952374651
2464.1935707925945,-61.77852206466757,-289.53521031844497 2446.8048381494104,-85.80357598277185,-341.6929399593721
2446.8048381494104,-85.80357598277185,-341.6929399593721 2425.2306331078835,-40.50182657602553,-374.59134687390997
2474.8792021447794,16.649754725699264,-203.36536433944997 2466.1901182061324,-36.4112282363852,-229.9930173979629
2466.1901182061324,-36.4112282363852,-229.9930173979629 2461.9307871869482,21.41406042303565,-245.4233152150392
2466.1901182061324,-36.4112282363852,-229.9930173979629 2478.8954798246127,-37.91923956297447,-171.37305758918677
2474.8792021447794,16.649754725699264,-203.36536433944997 2466.6074542445685,-27.358821926618642,-243.30060401210525
2466.6074542445685,-27.358821926618642,-243.30060401210525 2477.8791968671394,-23.10575124663309,-184.52255361876908
2477.8791968671394,-23.10575124663309,-184.52255361876908 2484.273120107775,31.09230668974898,-159.58887636254724
2466.6074542445685,-27.358821926618642,-243.30060401210525 2463.7807159316244,-86.55519990486528,-252.67068324158305
2463.7807159316244,-86.55519990486528,-252.67068324158305 2458.8145099399735,-44.82291844950439,-295.4930311755653
2480.8290576203012,-31.311721051157694,-167.80842322907935 2469.886748047129,-35.40568968163621,-226.65997615725212
2469.886748047129,-35.40568968163621,-226.65997615725212 2462.2975244238405,-81.9585413018336,-263.7441465109705
2462.2975244238405,-81.9585413018336,-263.7441465109705 2455.651113399906,-102.00403140494358,-319.90466241874185
2455.651113399906,-102.00403140494358,-319.90466241874185 2464.5232479207643,-145.79109562546842,-279.8549653413428
2464.5232479207643,-145.79109562546842,-279.8549653413428 2457.2621067433415,-204.3432207911109,-268.94971580781674
2457.2621067433415,-204.3432207911109,-268.94971580781674 2465.8319451608254,-165.08299345160708,-224.39421762017784
2465.8319451608254,-165.08299345160708,-224.39421762017784 2464.2006591897266,-185.8079589768002,-280.6775607161601
2464.2006591897266,-185.8079589768002,-280.6775607161601 2458.4362290443905,-225.9098905289561,-324.93370640109
2465.8319451608254,-165.08299345160708,-224.39421762017784 2453.0818080841655,-154.54210624122618,-282.0685073977244
2453.0818080841655,-154.54210624122618,-282.0685073977244 2443.121463633991,-105.3762724654884,-314.9852558332913
2443.121463633991,-105.3762724654884,-314.9852558332913 2456.3909171133187,-163.88539132591518,-315.76282546773854
2456.3909171133187,-163.88539132591518,-315.76282546773854 2458.3828786332742,-105.42427605095705,-302.4087964835303
2458.3828786332742,-105.42427605095705,-302.4087964835303 2460.9678767256823,-66.31669373972562,-256.9784675101175
2456.3909171133187,-163.88539132591518,-315.76282546773854 2470.2401201876255,-165.0636540676538,-257.39492957352246
2453.0818080841655,-154.54210624122618,-282.0685073977244 2478.601207307572,-161.4147210109156,-228.20267936636637
2465.8319451608254,-165.08299345160708,-224.39421762017784 2463.79121463986,-109.88413809766108,-247.82329755420312
2457.2621067433415,-204.3432207911109,-268.94971580781674 2455.753336189172,-243.65393789937622,-314.25303943698117
2455.753336189172,-243.65393789937622,-314.25303943698117 2447.7858381312203,-223.86646871231375,-258.17296242323596
2447.7858381312203,-223.86646871231375,-258.17296242323596 2442.717980833798,-263.0840623940386,-303.29831193133504
2455.753336189172,-243.65393789937622,-314.25303943698117 2415.6669516774245,-210.53192905945812,-344.18653751496583
2415.6669516774245,-210.53192905945812,-344.18653751496583 2443.991227223256,-159.20442329767033,-356.9623962758266
2443.991227223256,-159.20442329767033,-356.9623962758266 2398.5232835513307,-168.0131987389981,-395.10779669934925
2415.6669516774245,-210.53192905945812,-344.18653751496583 2451.7541395096127,-171.1063375343409,-316.922319072858
2455.753336189172,-243.65393789937622,-314.25303943698117 2464.1172118976456,-200.05578520705265,-273.8891116678697
2457.2621067433415,-204.3432207911109,-268.94971580781674 2459.148514753173,-144.38692953769626,-270.24763874703933
2459.148514753173,-144.38692953769626,-270.24763874703933 2461.5527504449947,-184.66106222926936,-225.83802394709164
2459.148514753173,-144.38692953769626,-270.24763874703933 2440.216689100712,-177.57157709604684,-316.51171924036447
2440.216689100712,-177.57157709604684,-316.51171924036447 2429.167181009304,-204.9130903627281,-368.764470586354
2429.167181009304,-204.9130903627281,-368.764470586354 2443.7160958336585,-149.4942999427676,-350.957540872836
2429.167181009304,-204.9130903627281,-368.764470586354 2440.5830718844786,-146.8342443840471,-378.58918866428127
2429.167181009304,-204.9130903627281,-368.764470586354 2423.2956388897474,-240.88067010584075,-321.1004569013829
2429.167181009304,-204.9130903627281,-368.764470586354 2450.0450782017488,-238.12454558904136,-323.36499205881705
2459.148514753173,-144.38692953769626,-270.24763874703933 2454.884916297084,-110.97593830856354,-319.9017160548703
2454.884916297084,-110.97593830856354,-319.9017160548703 2421.6948680927244,-149.84925015400609,-351.3228288034546
2457.2621067433415,-204.3432207911109,-268.94971580781674 2439.9736203178195,-245.1390967457568,-309.4071594023851
2439.9736203178195,-245.1390967457568,-309.4071594023851 2419.01614800653,-213.6154040299807,-355.95864865764787
2464.5232479207643,-145.79109562546842,-279.8549653413428 2436.507812215119,-194.4876371670527,-300.92110414539525
2464.5232479207643,-145.79109562546842,-279.8549653413428 2473.598074606193,-103.18210536096237,-238.59819051261127
2473.598074606193,-103.18210536096237,-238.59819051261127 2452.643020993287,-97.17499964711043,-294.49810472562973
2455.651113399906,-102.00403140494358,-319.90466241874185 2437.6940817299724,-58.12384855152257,-356.6752289952217
2437.6940817299724,-58.12384855152257,-356.6752289952217 2411.188064519695,-33.4949157217939,-404.5380195460996
2411.188064519695,-33.4949157217939,-404.5380195460996 2369.595774698293,-31.3318247140669,-447.72832476271935
2369.595774698293,-31.3318247140669,-447.72832476271935 2399.324273977593,-83.44611540997666,-447.1652653849465
2369.595774698293,-31.3318247140669,-447.72832476271935 2399.2446040171,5.9121240769953225,-411.20661617080106
2369.595774698293,-31.3318247140669,-447.72832476271935 2354.836140692441,8.981552281030876,-489.64472774847684
2354.836140692441,8.981552281030876,-489.64472774847684 2396.465516167049,23.241847363018707,-448.8569957476809
2411.188064519695,-33.4949157217939,-404.5380195460996 2385.5912505851934,-46.70851234167449,-457.17074682456735
2385.5912505851934,-46.70851234167449,-457.17074682456735 2413.812952585399,-13.66770649674374,-415.7963503295226
2413.812952585399,-13.66770649674374,-415.7963503295226 2380.197667184261,34.06301780072616,-429.6451966872135
2413.812952585399,-13.66770649674374,-415.7963503295226 2404.0187015241386,45.32585002577784,-420.6782490352566
2404.0187015241386,45.32585002577784,-420.6782490352566 2387.0800519108407,6.962553898589903,-463.58908286001
2404.0187015241386,45.32585002577784,-420.6782490352566 2413.66922842835,89.25361838046061,-380.9640387592304
2404.0187015241386,45.32585002577784,-420.6782490352566 2427.774744480081,2.575877954644014,-385.9206554621582
2404.0187015241386,45.32585002577784,-420.6782490352566 2435.3561300123147,37.98218538255792,-370.04193632040386
2385.5912505851934,-46.70851234167449,-457.17074682456735 2339.3798328192092,-37.27480772356917,-494.2586166101995
2411.188064519695,-33.4949157217939,-404.5380195460996 2391.699949659353,-17.628925632662277,-459.0218128949633
2437.6940817299724,-58.12384855152257,-356.6752289952217 2452.7232723903853,-105.94061832335822,-323.695235716262
2452.7232723903853,-105.94061832335822,-323.695235716262 2426.888938646176,-65.74194796643872,-359.9809643368716
2426.888938646176,-65.74194796643872,-359.9809643368716 2433.4683258735845,-9.2000247090808,-378.94731817915937
2433.4683258735845,-9.2000247090808,-378.94731817915937 2414.211460868714,47.38671076750642,-384.15447846927316
2452.7232723903853,-105.94061832335822,-323.695235716262 2419.8267257111856,-71.61503310403113,-360.2953916713117
2452.7232723903853,-105.94061832335822,-323.695235716262 2454.0282372006627,-162.39461989821314,-343.97435732027185
2437.6940817299724,-58.12384855152257,-356.6752289952217 2443.192662548465,-116.43696319210981,-343.6619177372736
2437.6940817299724,-58.12384855152257,-356.6752289952217 2428.8604884686347,-114.86170712628586,-374.0758908919259
2428.8604884686347,-114.86170712628586,-374.0758908919259 2427.9104786665353,-56.45410943071456,-360.37735035622615
2427.9104786665353,-56.45410943071456,-360.37735035622615 2446.995700182124,-25.72441058245657,-312.50836323098736
2428.8604884686347,-114.86170712628586,-374.0758908919259 2396.508199292083,-73.27462961673768,-402.77858012571784
2396.508199292083,-73.27462961673768,-402.77858012571784 2436.221615526444,-49.672126471435305,-364.4932511304957
2437.6940817299724,-58.12384855152257,-356.6752289952217 2408.498545080869,-99.84802351432356,-388.4039835160728
2455.651113399906,-102.00403140494358,-319.90466241874185 2440.4761678921027,-159.34337988391923,-328.95563721938
2455.651113399906,-102.00403140494358,-319.90466241874185 2433.5666218464203,-147.61237007258134,-352.03182657622824
2433.5666218464203,-147.61237007258134,-352.03182657622824 2453.602750036538,-189.78882832899055,-314.3529208583795
2453.602750036538,-189.78882832899055,-314.3529208583795 2449.7211084875144,-249.4372684009084,-319.5487322359908
2449.7211084875144,-249.4372684009084,-319.5487322359908 2405.815666790504,-245.39977049319134,-360.24284483272424
2405.815666790504,-245.39977049319134,-360.24284483272424 2396.136722175319,-282.86516531718695,-406.09763980357
2396.136722175319,-282.86516531718695,-406.09763980357 2443.0719719336653,-251.70422690487095,-385.4559769009474
2396.136722175319,-282.86516531718695,-406.09763980357 2373.7647385817613,-335.67282222213737,-388.4668224005502
2373.7647385817613,-335.67282222213737,-388.4668224005502 2408.190996986219,-300.09091740018374,-354.5734486895881
2373.7647385817613,-335.67282222213737,-388.4668224005502 2396.810260974057,-293.60482160489306,-424.51106218631503
2373.7647385817613,-335.67282222213737,-388.4668224005502 2337.32677409379,-380.0046232882156,-370.94637268568874
2337.32677409379,-380.0046232882156,-370.94637268568874 2360.989095895726,-431.70882784817275,-390.0976065301104
2360.989095895726,-431.70882784817275,-390.0976065301104 2337.50408400162,-402.8450666196846,-437.1649784992199
2337.50408400162,-402.8450666196846,-437.1649784992199 2319.417552552426,-359.1908976116949,-400.1894337654476
2337.32677409379,-380.0046232882156,-370.94637268568874 2284.916402481035,-364.9875357688383,-345.89362772933055
2284.916402481035,-364.9875357688383,-345.89362772933055 2232.5060308682805,-349.970448249461,-320.84088277297235
2232.5060308682805,-349.970448249461,-320.84088277297235 2180.095659255526,-334.9533607300837,-295.78813781661415
2180.095659255526,-334.9533607300837,-295.78813781661415 2127.685287642771,-319.9362732107064,-270.73539286025596
2127.685287642771,-319.9362732107064,-270.73539286025596 2075.2749160300164,-304.9191856913291,-245.68264790389776
2075.2749160300164,-304.9191856913291,-245.68264790389776 2098.2622803759905,-345.80168991526676,-283.10192006150606
2075.2749160300164,-304.9191856913291,-245.68264790389776 2058.695279121998,-355.14123147292435,-217.3478326140531
2058.695279121998,-355.14123147292435,-217.3478326140531 2070.654957564111,-384.8389957489461,-166.6032872070135
2058.695279121998,-355.14123147292435,-217.3478326140531 2102.971786329249,-337.8421371641301,-180.73728433050962
2058.695279121998,-355.14123147292435,-217.3478326140531 2059.041651868127,-398.4794269255444,-175.85469052007272
2059.041651868127,-398.4794269255444,-175.85469052007272 2106.7839728212152,-396.19269904241094,-212.12370850513554
2059.041651868127,-398.4794269255444,-175.85469052007272 2076.141871426202,-355.9870422993833,-214.6100738861033
2059.041651868127,-398.4794269255444,-175.85469052007272 2079.524447989659,-453.24470896760727,-189.31644916807392
2059.041651868127,-398.4794269255444,-175.85469052007272 2096.9424665345814,-360.7209364811676,-203.01761832583315
2059.041651868127,-398.4794269255444,-175.85469052007272 2117.613853451007,-396.94530013315347,-162.93402270763744
2059.041651868127,-398.4794269255444,-175.85469052007272 2103.776743455654,-382.03058081839634,-212.2992654578999
2059.041651868127,-398.4794269255444,-175.85469052007272 2096.904232060337,-443.4878259001063,-187.71508861352237
2059.041651868127,-398.4794269255444,-175.85469052007272 2029.2890092072155,-444.68847667838986,-151.7818017106428
2029.2890092072155,-444.68847667838986,-151.7818017106428 2067.437973580762,-488.68444072618433,-166.23903743297387
2029.2890092072155,-444.68847667838986,-151.7818017106428 2081.1863423954487,-470.7775135921238,-136.74754213913934
2029.2890092072155,-444.68847667838986,-151.7818017106428 2055.0543520743113,-423.94097034170966,-101.72495315072631
2055.0543520743113,-423.94097034170966,-101.72495315072631 2071.2187075356796,-468.89356447811446,-138.02891840145614
2055.0543520743113,-423.94097034170966,-101.72495315072631 2053.212451229812,-366.03750521894034,-117.33892535690337
2053.212451229812,-366.03750521894034,-117.33892535690337 2095.536859563168,-406.5957978045408,-130.13225806469185
2053.212451229812,-366.03750521894034,-117.33892535690337 2089.685402556715,-331.4319466957537,-150.08307202166893
2053.212451229812,-366.03750521894034,-117.33892535690337 2086.655816114166,-381.0218709673935,-164.84692603393185
2053.212451229812,-366.03750521894034,-117.33892535690337 2063.7624784162804,-372.03920227545916,-58.579444770307376
2063.7624784162804,-372.03920227545916,-58.579444770307376 2097.4654019441386,-410.58579453382004,-89.85680352936859
2097.4654019441386,-410.58579453382004,-89.85680352936859 2130.0884590312894,-449.82156705190323,-121.42087014312602
2130.0884590312894,-449.82156705190323,-121.42087014312602 2077.869967692126,-429.8845793333096,-99.60927499351922
2077.869967692126,-429.8845793333096,-99.60927499351922 2102.789806186466,-473.28047762109395,-132.7121096336566
2102.789806186466,-473.28047762109395,-132.7121096336566 2052.170621703927,-450.9122273012159,-109.53109283218944
2063.7624784162804,-372.03920227545916,-58.579444770307376 2079.754245824532,-362.7193433713127,-115.65311299977357
2055.0543520743113,-423.94097034170966,-101.72495315072631 2037.7196502886204,-414.77440725330115,-45.01973085905908
2037.7196502886204,-414.77440725330115,-45.01973085905908 2053.8099386356344,-468.7061847221058,-65.81554774528134
2037.7196502886204,-414.77440725330115,-45.01973085905908 2054.0409491228847,-468.6620112630296,-65.74993439046057
2037.7196502886204,-414.77440725330115,-45.01973085905908 2054.6144789749746,-468.502715035114,-65.7038722858025
2037.7196502886204,-414.77440725330115,-45.01973085905908 2092.762386260576,-393.0549555461343,-54.94760244674684
2037.7196502886204,-414.77440725330115,-45.01973085905908 2033.6398014363954,-474.4859525444058,-49.248937911374824
2033.6398014363954,-474.4859525444058,-49.248937911374824 2051.9398755541906,-417.48430735045093,-53.23889185417722
2037.7196502886204,-414.77440725330115,-45.01973085905908 2093.3679144099683,-434.63836746251764,-34.594099698914114
2037.7196502886204,-414.77440725330115,-45.01973085905908 2054.898722961133,-468.4079858299272,-65.71559303432028
2037.7196502886204,-414.77440725330115,-45.01973085905908 2031.7903009160402,-441.0919025696251,-98.61294177511776
2037.7196502886204,-414.77440725330115,-45.01973085905908 2083.9579637958327,-423.5110007251101,-82.24459215520233
2055.0543520743113,-423.94097034170966,-101.72495315072631 2106.0654328373716,-429.3907062002654,-132.84038370305026
2055.0543520743113,-423.94097034170966,-101.72495315072631 2054.5535479167647,-476.51516363604577,-130.63348812995986
2055.0543520743113,-423.94097034170966,-101.72495315072631 2092.94391792827,-456.5600577014416,-134.8968680670636
2055.0543520743113,-423.94097034170966,-101.72495315072631 2100.385336076957,-422.968876712401,-141.0207153055405
2055.0543520743113,-423.94097034170966,-101.72495315072631 2077.1205723720727,-471.78726419004744,-130.42711485937065
2029.2890092072155,-444.68847667838986,-151.7818017106428 2053.532320751228,-437.9496195472387,-206.2505969051934
2059.041651868127,-398.4794269255444,-175.85469052007272 2097.8984720215594,-426.71874098164335,-211.80867039998034
2059.041651868127,-398.4794269255444,-175.85469052007272 2065.751674458221,-454.56228116508674,-196.09546760956886
2059.041651868127,-398.4794269255444,-175.85469052007272 2101.7645776236964,-439.48944328187645,-185.49472025744706
2059.041651868127,-398.4794269255444,-175.85469052007272 2108.3161291871775,-389.54812203919846,-142.80536862140926
2059.041651868127,-398.4794269255444,-175.85469052007272 2096.03669618371,-354.4544003835726,-158.73266569627535
2127.685287642771,-319.9362732107064,-270.73539286025596 2139.435445410603,-364.59279618582764,-309.04634101092864
2139.435445410603,-364.59279618582764,-309.04634101092864 2185.5759062162474,-326.24596776864496,-309.8070163595067
2180.095659255526,-334.9533607300837,-295.78813781661415 2220.212180487292,-372.16386802761014,-271.17019982575073
2180.095659255526,-334.9533607300837,-295.78813781661415 2165.2799110630226,-384.4431595393456,-265.2716927530894
2165.2799110630226,-384.4431595393456,-265.2716927530894 2122.6086353091314,-349.86864093178457,-289.4329197209149
2284.916402481035,-364.9875357688383,-345.89362772933055 2294.3949696989152,-332.79851333500994,-395.63318540981885
2373.7647385817613,-335.67282222213737,-388.4668224005502 2349.2358621989074,-386.38807154474205,-409.11380061869926
2396.136722175319,-282.86516531718695,-406.09763980357 2368.100682779595,-243.8878481619011,-442.08026397660217
2405.815666790504,-245.39977049319134,-360.24284483272424 2452.944313803771,-208.3414284758613,-357.8827775401439
2449.7211084875144,-249.4372684009084,-319.5487322359908 2468.8329581332305,-221.61657381695105,-269.9428237574063
2468.8329581332305,-221.61657381695105,-269.9428237574063 2462.450511402561,-212.495399835306,-210.98463044276406
2468.8329581332305,-221.61657381695105,-269.9428237574063 2439.584161637203,-199.5844588890373,-317.4727492290202
2449.7211084875144,-249.4372684009084,-319.5487322359908 2439.1349628672137,-233.25468667433475,-376.3471263116032
2439.1349628672137,-233.25468667433475,-376.3471263116032 2413.2256115793434,-280.75330474301984,-402.28140473624643
2453.602750036538,-189.78882832899055,-314.3529208583795 2422.8876733098245,-211.52599048392838,-361.08706087530976
2422.8876733098245,-211.52599048392838,-361.08706087530976 2412.8258041165186,-266.49512091695544,-382.93090412171813
2453.602750036538,-189.78882832899055,-314.3529208583795 2460.931983333995,-229.11757774332236,-269.6367961517802
2460.931983333995,-229.11757774332236,-269.6367961517802 2445.9375362258506,-281.2182719737833,-295.340574407614
2445.9375362258506,-281.2182719737833,-295.340574407614 2457.8481340259505,-266.5122909134548,-238.40313697759333
2457.8481340259505,-266.5122909134548,-238.40313697759333 2465.611408112895,-220.91230191436807,-276.61795843124065
2445.9375362258506,-281.2182719737833,-295.340574407614 2452.1187860852656,-264.24869416821343,-352.5579282373411
2452.1187860852656,-264.24869416821343,-352.5579282373411 2425.72843106229,-225.86482316614305,-390.3762783951379
2445.9375362258506,-281.2182719737833,-295.340574407614 2458.037862312549,-299.57237795706567,-239.51308205707033
2460.931983333995,-229.11757774332236,-269.6367961517802 2457.8853088445103,-286.6616717881179,-252.92168277738614
2453.602750036538,-189.78882832899055,-314.3529208583795 2435.1409565109257,-176.72355089431062,-369.92684194887397
2435.1409565109257,-176.72355089431062,-369.92684194887397 2401.36445112298,-217.82761032374856,-397.66857913671635
2401.36445112298,-217.82761032374856,-397.66857913671635 2381.285183286175,-253.8955223773316,-441.2108427805929
2433.5666218464203,-147.61237007258134,-352.03182657622824 2397.22696695382,-163.06926732350917,-397.2038733492159
2433.5666218464203,-147.61237007258134,-352.03182657622824 2399.375161562128,-179.39015049579749,-389.72952829664547
2455.651113399906,-102.00403140494358,-319.90466241874185 2428.5771777902237,-108.56245424974877,-373.04588088794424
2428.5771777902237,-108.56245424974877,-373.04588088794424 2434.7633074494765,-54.77491969691382,-347.1879434882501
2428.5771777902237,-108.56245424974877,-373.04588088794424 2439.6624748379645,-128.65433784158714,-317.60733470304353
2428.5771777902237,-108.56245424974877,-373.04588088794424 2433.9550642723625,-60.04315294316111,-338.16098820205815
2462.2975244238405,-81.9585413018336,-263.7441465109705 2452.5062735935926,-78.56119395284276,-322.8422804761768
2452.5062735935926,-78.56119395284276,-322.8422804761768 2413.4785887262137,-64.27440605759548,-366.11730220382924
2462.2975244238405,-81.9585413018336,-263.7441465109705 2461.5926935713096,-39.04104951772499,-305.6677927315736
2461.5926935713096,-39.04104951772499,-305.6677927315736 2466.1262226573253,-59.941825108628166,-249.6088532684964
2466.1262226573253,-59.941825108628166,-249.6088532684964 2454.8835425543493,-99.03186944504841,-293.71747575751607
2461.5926935713096,-39.04104951772499,-305.6677927315736 2436.3495696278924,0.6931606874690317,-342.86963721470005
2462.2975244238405,-81.9585413018336,-263.7441465109705 2447.7416879474154,-46.305682591564974,-309.7550288134996
2462.2975244238405,-81.9585413018336,-263.7441465109705 2471.945385933293,-43.440661499852766,-218.763131584064
2471.945385933293,-43.440661499852766,-218.763131584064 2467.3038838208176,-72.64559866471663,-270.96972219613366
2467.3038838208176,-72.64559866471663,-270.96972219613366 2449.01715024458,-90.41898072631571,-325.2808837120148
2449.01715024458,-90.41898072631571,-325.2808837120148 2474.9764506622632,-121.20783824411741,-280.8043621014732
2471.945385933293,-43.440661499852766,-218.763131584064 2464.713847415957,-65.16876528663006,-274.22117298928606
2462.2975244238405,-81.9585413018336,-263.7441465109705 2450.6120115796234,-117.21939026280347,-310.8623098890066
2450.6120115796234,-117.21939026280347,-310.8623098890066 2432.2462648122178,-90.57223645410066,-361.3858542972412
2469.886748047129,-35.40568968163621,-226.65997615725212 2454.613921349542,-64.17694301289669,-277.0480277807662
2454.613921349542,-64.17694301289669,-277.0480277807662 2470.2485811351626,-24.892560888432826,-234.4769726553995
2470.2485811351626,-24.892560888432826,-234.4769726553995 2484.3204341850337,17.55256152101537,-194.47204126700956
2470.2485811351626,-24.892560888432826,-234.4769726553995 2474.453426502282,22.725130702547226,-198.2157713103679
2474.453426502282,22.725130702547226,-198.2157713103679 2485.116347307428,-8.737097472923391,-148.25148088072396
2454.613921349542,-64.17694301289669,-277.0480277807662 2445.6842201917298,-104.64949915440862,-320.4327328806551
2445.6842201917298,-104.64949915440862,-320.4327328806551 2458.3801258850103,-159.03688098965648,-342.3604932709521
2458.3801258850103,-159.03688098965648,-342.3604932709521 2447.468386989326,-102.71032396395543,-324.8033600225298
2447.468386989326,-102.71032396395543,-324.8033600225298 2443.26044256859,-43.840530676817885,-314.0033302965665
2447.468386989326,-102.71032396395543,-324.8033600225298 2415.5806657679045,-69.13956003081032,-362.96324791872166
2458.3801258850103,-159.03688098965648,-342.3604932709521 2450.3884125715595,-121.45031442400776,-296.2803182265616
2454.613921349542,-64.17694301289669,-277.0480277807662 2454.414258141685,-14.859823075623154,-311.22085054529657
2454.414258141685,-14.859823075623154,-311.22085054529657 2464.6950653857616,-60.34461035578274,-273.46586241804675
2454.414258141685,-14.859823075623154,-311.22085054529657 2440.1716055390025,13.017558414687347,-362.40677095396944
2440.1716055390025,13.017558414687347,-362.40677095396944 2442.3903964230494,61.01686309891909,-326.4742826343003
2469.886748047129,-35.40568968163621,-226.65997615725212 2461.3524861233404,-13.672924006078684,-281.9307032151395
2480.8290576203012,-31.311721051157694,-167.80842322907935 2476.1061106362026,-75.5730707428266,-208.04058319169127
2476.1061106362026,-75.5730707428266,-208.04058319169127 2484.731186031652,-32.053276728569976,-167.64707377025715
2484.731186031652,-32.053276728569976,-167.64707377025715 2483.71047183308,-86.31471326187096,-142.0608538879185
2484.731186031652,-32.053276728569976,-167.64707377025715 2472.265368322609,-4.862517594180293,-219.65924548554426
2472.265368322609,-4.862517594180293,-219.65924548554426 2480.6265389709297,-54.540261762805486,-187.06764289060752
2472.265368322609,-4.862517594180293,-219.65924548554426 2478.461514842057,54.76695293626092,-217.22326261024003
2472.265368322609,-4.862517594180293,-219.65924548554426 2473.189147658917,40.69859747017465,-258.6891241150048
2473.189147658917,40.69859747017465,-258.6891241150048 2450.6054179439607,29.23746418232066,-313.0822999362403
2472.265368322609,-4.862517594180293,-219.65924548554426 2467.0403804934626,-21.840286900844834,-276.96940908289366
2484.731186031652,-32.053276728569976,-167.64707377025715 2486.3268819810332,10.518484256154501,-125.39664275356077
2476.1061106362026,-75.5730707428266,-208.04058319169127 2469.4221761939884,-98.23829910292065,-263.19139863223546
2469.4221761939884,-98.23829910292065,-263.19139863223546 2473.8166031307996,-132.9187549406122,-214.42711872586386
2469.4221761939884,-98.23829910292065,-263.19139863223546 2444.3373801847642,-111.96117237892733,-315.9401972747286
2444.3373801847642,-111.96117237892733,-315.9401972747286 2458.9275203956445,-170.1597803403744,-316.16344596262417
2458.9275203956445,-170.1597803403744,-316.16344596262417 2437.914935310324,-222.67561224958501,-296.1494841630277
2458.9275203956445,-170.1597803403744,-316.16344596262417 2472.343282555702,-175.95016606635986,-257.9699002826342
2444.3373801847642,-111.96117237892733,-315.9401972747286 2430.451116602641,-164.29329782871255,-341.79595736094024
2430.451116602641,-164.29329782871255,-341.79595736094024 2463.5040673912426,-193.84109793318785,-301.36787364241326
2444.3373801847642,-111.96117237892733,-315.9401972747286 2459.138300658059,-141.09709791074076,-265.62091074811116
2469.4221761939884,-98.23829910292065,-263.19139863223546 2447.8346605190736,-79.34797509507764,-315.88992637129115
2447.8346605190736,-79.34797509507764,-315.88992637129115 2430.3209044433243,-39.55001229796172,-357.2347024054957
2430.3209044433243,-39.55001229796172,-357.2347024054957 2433.806270757727,-88.21596365728229,-322.31368581166396
2430.3209044433243,-39.55001229796172,-357.2347024054957 2446.841572757819,-48.918995424771076,-300.31994444578885
2469.4221761939884,-98.23829910292065,-263.19139863223546 2479.671306594534,-143.99262848935376,-225.7548300337329
2469.4221761939884,-98.23829910292065,-263.19139863223546 2473.26618658713,-148.45578395604954,-230.58115792286338
2483.759921993514,26.062781897578066,-150.50014643988564 2475.8210969879856,63.560410349796,-196.6618504594624
2475.8210969879856,63.560410349796,-196.6618504594624 2479.6465855512083,120.6455220794363,-178.58823277878943
2479.6465855512083,120.6455220794363,-178.58823277878943 2479.3740633239336,61.356084200544956,-169.3856088246813
2475.8210969879856,63.560410349796,-196.6618504594624 2481.487955065187,4.203550220936798,-189.9797942507867
2481.487955065187,4.203550220936798,-189.9797942507867 2474.560999919975,63.676137687100486,-193.85647227400835
2474.560999919975,63.676137687100486,-193.85647227400835 2486.604560694449,32.50966310703352,-144.02070694305758
2486.604560694449,32.50966310703352,-144.02070694305758 2473.870153881295,61.63159635706889,-194.91027254247672
2473.870153881295,61.63159635706889,-194.91027254247672 2484.130692800263,3.065302859328064,-186.86598220529808
2484.130692800263,3.065302859328064,-186.86598220529808 2470.760323758671,41.499962164176075,-230.95691319809853
2473.870153881295,61.63159635706889,-194.91027254247672 2473.7272577956805,9.748724171882593,-225.04575253739864
2473.7272577956805,9.748724171882593,-225.04575253739864 2468.0886061015294,48.236752396391594,-270.728104605363
2473.7272577956805,9.748724171882593,-225.04575253739864 2451.7325969372046,-9.335598677876181,-277.5054848574058
2474.560999919975,63.676137687100486,-193.85647227400835 2481.2486348096195,102.27813213439134,-148.4124235517154
2481.2486348096195,102.27813213439134,-148.4124235517154 2476.5287987521347,76.44404565070141,-202.35983426941058
2476.5287987521347,76.44404565070141,-202.35983426941058 2481.51505646453,17.73598547311235,-213.69565820109548
2481.51505646453,17.73598547311235,-213.69565820109548 2463.3087627655436,-29.006007770087535,-246.61551447962307
2481.2486348096195,102.27813213439134,-148.4124235517154 2481.4364611568267,156.22210689841722,-174.6805089010787
2481.2486348096195,102.27813213439134,-148.4124235517154 2484.7950072285844,148.62020353461344,-110.4672570478941
2481.2486348096195,102.27813213439134,-148.4124235517154 2479.642241019309,57.92674431210348,-188.79031226853004
2474.560999919975,63.676137687100486,-193.85647227400835 2484.557499770112,69.0868161907688,-134.943022630687
2481.487955065187,4.203550220936798,-189.9797942507867 2485.508160288203,-22.55886583894004,-136.42971454400305
2485.508160288203,-22.55886583894004,-136.42971454400305 2484.62117577101,-61.033908506108546,-182.46105550020184
2484.62117577101,-61.033908506108546,-182.46105550020184 2484.8218775613,-14.640505409321776,-144.413560603817
2481.487955065187,4.203550220936798,-189.9797942507867 2465.849573185238,38.69253456806004,-236.5195726224202
2465.849573185238,38.69253456806004,-236.5195726224202 2471.700114122401,92.83783521349949,-211.33907245348882
2465.849573185238,38.69253456806004,-236.5195726224202 2471.852515099005,94.07150043314866,-214.22305208460332
2465.849573185238,38.69253456806004,-236.5195726224202 2463.291491646661,86.74544182223829,-272.3577411479369
2475.8210969879856,63.560410349796,-196.6618504594624 2482.294893729432,119.45203252596309,-175.8239876547737
2482.294893729432,119.45203252596309,-175.8239876547737 2483.223407055958,70.20652664552159,-141.56004139077973
2483.759921993514,26.062781897578066,-150.50014643988564 2489.0493714226477,-28.70267925218207,-126.56761649023859
2489.0493714226477,-28.70267925218207,-126.56761649023859 2477.956501150236,-30.259725972237245,-185.51270818268577
2480.0,0.0,0.0 2489.780614870042,14.977030064365078,-57.27152995350326
