起始树
1300.0,0.0,380.0 1270.8630862598286,16.705138819387056,330.281003683473
1270.8630862598286,16.705138819387056,330.281003683473 1226.1874702827574,52.25973698334913,311.84300253181755
1226.1874702827574,52.25973698334913,311.84300253181755 1253.435388154519,102.47692917403353,293.51857675261226
1253.435388154519,102.47692917403353,293.51857675261226 1209.9993702224072,110.79441856547204,334.06647085852813
1253.435388154519,102.47692917403353,293.51857675261226 1309.8225483710883,120.26653418735822,283.31964954526137
1226.1874702827574,52.25973698334913,311.84300253181755 1253.6859102285314,1.6601848991134815,295.00491685014373
1270.8630862598286,16.705138819387056,330.281003683473 1246.113781054446,55.21591656427306,291.4945126159014
1246.113781054446,55.21591656427306,291.4945126159014 1207.7060634166862,15.202980454868303,268.607569400111
1207.7060634166862,15.202980454868303,268.607569400111 1254.9346610019502,-21.790394152985947,269.58214892593355
1254.9346610019502,-21.790394152985947,269.58214892593355 1218.5039753756466,-68.92594085125864,276.7267540411514
1207.7060634166862,15.202980454868303,268.607569400111 1254.8859644577242,39.16071424035498,240.3218145114465
1207.7060634166862,15.202980454868303,268.607569400111 1253.7478245673715,2.104354687342587,232.43323826399228
1246.113781054446,55.21591656427306,291.4945126159014 1298.5689972779903,26.10463060889481,292.48613803177483
1270.8630862598286,16.705138819387056,330.281003683473 1269.039582434673,1.7055696347183478,272.2147677276787
1269.039582434673,1.7055696347183478,272.2147677276787 1265.8339241954923,60.051194292671525,258.59449465674436
1265.8339241954923,60.051194292671525,258.59449465674436 1316.315627465763,41.28314006478054,285.0398680787869
1269.039582434673,1.7055696347183478,272.2147677276787 1296.00417320898,-10.534831400910603,324.3979396019633
1296.00417320898,-10.534831400910603,324.3979396019633 1334.8074446377202,-42.251757206646424,291.4078995313455
1300.0,0.0,380.0 1331.1942771876716,36.892496606351045,344.4210629038881
1331.1942771876716,36.892496606351045,344.4210629038881 1277.389688295585,11.988334386118037,335.20971564836213
1331.1942771876716,36.892496606351045,344.4210629038881 1338.0193386896033,82.37004025850958,382.9595055146225
1338.0193386896033,82.37004025850958,382.9595055146225 1299.7061214737432,108.53133965187874,344.9110653281862
1299.7061214737432,108.53133965187874,344.9110653281862 1312.7940508682404,68.62184906127524,302.06321048149425
1331.1942771876716,36.892496606351045,344.4210629038881 1327.4483140174943,81.88702469925278,304.9057468653601
1331.1942771876716,36.892496606351045,344.4210629038881 1315.1947800680525,93.16335419208363,331.0941473385557
1315.1947800680525,93.16335419208363,331.0941473385557 1292.1414769525295,39.50306941398834,344.84620365743154
1315.1947800680525,93.16335419208363,331.0941473385557 1262.3040319455642,88.01822526644712,303.23564035447464
1262.3040319455642,88.01822526644712,303.23564035447464 1276.1431930435829,92.49423581642368,361.445974056143
1315.1947800680525,93.16335419208363,331.0941473385557 1333.448769402073,122.08048915403315,380.39517348391973
1331.1942771876716,36.892496606351045,344.4210629038881 1342.0906416343998,86.44098578794541,312.38644941058214
1342.0906416343998,86.44098578794541,312.38644941058214 1295.255326800727,49.04333148914683,315.19157639136415
1295.255326800727,49.04333148914683,315.19157639136415 1332.1535321549416,6.383931072711128,294.72946511836915
1342.0906416343998,86.44098578794541,312.38644941058214 1299.8876729151211,55.06444370986344,283.50008517930627
1299.8876729151211,55.06444370986344,283.50008517930627 1242.768493449686,39.09702207349228,274.4203944642124
1242.768493449686,39.09702207349228,274.4203944642124 1254.5650969319688,94.15784872404942,295.1362221049101
1254.5650969319688,94.15784872404942,295.1362221049101 1216.556274382744,60.17984368979945,263.5004103986485
1254.5650969319688,94.15784872404942,295.1362221049101 1286.4925471383424,115.71346843862544,341.1361479965908
1242.768493449686,39.09702207349228,274.4203944642124 1261.8975344410248,78.80248723849257,315.13348605380594
1299.8876729151211,55.06444370986344,283.50008517930627 1324.1963257160417,19.72459448635005,241.54553291303083
1324.1963257160417,19.72459448635005,241.54553291303083 1298.6774105397612,-21.653155923835577,276.71180566432184
1298.6774105397612,-21.653155923835577,276.71180566432184 1291.548173848133,26.922858764927696,242.22202774169966
1291.548173848133,26.922858764927696,242.22202774169966 1234.1387765271986,43.41580422927581,247.89158232359807
1291.548173848133,26.922858764927696,242.22202774169966 1247.241646474143,52.00556829761686,273.9677253172234
1247.241646474143,52.00556829761686,273.9677253172234 1272.9072798020493,47.386598317327014,328.00419802037686
1272.9072798020493,47.386598317327014,328.00419802037686 1236.078196102383,0.41602822750791546,334.11845507094006
1236.078196102383,0.41602822750791546,334.11845507094006 1288.9272362865236,-27.200926677406898,327.4639262825901
1298.6774105397612,-21.653155923835577,276.71180566432184 1324.6215610670895,-65.3900861700217,308.55488946686177
1298.6774105397612,-21.653155923835577,276.71180566432184 1341.9605477955342,-4.6344378307054654,314.6187082516408
1324.1963257160417,19.72459448635005,241.54553291303083 1313.0583464309348,23.654276792254638,300.37157318788866
1313.0583464309348,23.654276792254638,300.37157318788866 1343.063321601421,6.728124219247967,251.2471716740401
1343.063321601421,6.728124219247967,251.2471716740401 1332.9325272743945,54.59376569357405,285.9782438221147
1342.0906416343998,86.44098578794541,312.38644941058214 1311.2919731504585,108.50466676697208,265.8608005567293
1311.2919731504585,108.50466676697208,265.8608005567293 1309.2953080053485,155.75282212604054,302.78809592835967
1342.0906416343998,86.44098578794541,312.38644941058214 1331.628317145217,133.81357010107712,277.08237001770925
1331.628317145217,133.81357010107712,277.08237001770925 1285.7844071925163,145.10940577729414,314.10587628905756
1285.7844071925163,145.10940577729414,314.10587628905756 1299.1503666691533,101.21399872905954,275.4465389002883
1299.1503666691533,101.21399872905954,275.4465389002883 1296.1603943435643,152.41060214605662,244.30223181127226
1285.7844071925163,145.10940577729414,314.10587628905756 1252.778167349142,140.66208755360822,264.19786598991897
1285.7844071925163,145.10940577729414,314.10587628905756 1283.3713831624982,163.75264613183975,371.08488035295113
1285.7844071925163,145.10940577729414,314.10587628905756 1260.071259388174,188.83967831183114,346.14487274723604
1285.7844071925163,145.10940577729414,314.10587628905756 1274.3783789046952,196.58980931530505,342.7357657450261
1342.0906416343998,86.44098578794541,312.38644941058214 1317.9606746759737,46.74602303382116,350.3608437643299
1342.0906416343998,86.44098578794541,312.38644941058214 1299.8330842192424,53.7269428390453,339.6644668466459
1331.1942771876716,36.892496606351045,344.4210629038881 1294.5086161123163,27.905300568596573,297.801404187386
1294.5086161123163,27.905300568596573,297.801404187386 1256.6947453819625,-16.011413118261387,313.3395327534212
1294.5086161123163,27.905300568596573,297.801404187386 1246.6873516999499,51.73499084073556,325.1010842502815
1246.6873516999499,51.73499084073556,325.1010842502815 1284.8235153743433,61.72059423112833,370.33293967463544
1284.8235153743433,61.72059423112833,370.33293967463544 1298.8702534286306,118.85959825278469,382.07275949639495
1331.1942771876716,36.892496606351045,344.4210629038881 1303.8671161641637,-16.13535436602485,337.9966336182035
1303.8671161641637,-16.13535436602485,337.9966336182035 1349.767630538509,3.1330797190917146,304.502302335462
1349.767630538509,3.1330797190917146,304.502302335462 1325.2393184089306,-49.494813413053436,289.3805706705538
1325.2393184089306,-49.494813413053436,289.3805706705538 1331.1782508979259,-8.47294640815231,332.76185129161615
1331.1782508979259,-8.47294640815231,332.76185129161615 1322.2030582049333,18.439513721146977,279.89252742689735
1349.767630538509,3.1330797190917146,304.502302335462 1307.5920198351205,41.62795347857191,286.0805066564867
1349.767630538509,3.1330797190917146,304.502302335462 1297.2370999384018,7.10046168058169,333.221690129126
1297.2370999384018,7.10046168058169,333.221690129126 1298.4160284104,43.9094587418556,285.8538966086226
1298.4160284104,43.9094587418556,285.8538966086226 1327.1235011836338,59.188971150789214,235.43150567444252
1297.2370999384018,7.10046168058169,333.221690129126 1296.4870924160932,27.23188584752932,276.7047612517806
1349.767630538509,3.1330797190917146,304.502302335462 1314.600446727522,45.045220733349026,329.1323981210101
1349.767630538509,3.1330797190917146,304.502302335462 1314.4478975324328,47.52341406778578,324.04749808251563
1331.1942771876716,36.892496606351045,344.4210629038881 1330.426237378725,7.270690344404429,292.24866877987296
1330.426237378725,7.270690344404429,292.24866877987296 1341.3410963719236,33.62215624939466,239.46168082055925
1341.3410963719236,33.62215624939466,239.46168082055925 1299.3118001034381,1.8740938463719736,210.728445902965
1341.3410963719236,33.62215624939466,239.46168082055925 1294.3200762877407,63.884054995880156,217.70757420823608
1294.3200762877407,63.884054995880156,217.70757420823608 1251.0262334543927,99.08727490180885,239.76151900222226
1251.0262334543927,99.08727490180885,239.76151900222226 1229.2941240165312,153.28233385551295,253.56771342303753
1229.2941240165312,153.28233385551295,253.56771342303753 1175.978855246135,175.92032556241807,269.2202993888937
1341.3410963719236,33.62215624939466,239.46168082055925 1325.053319412607,83.53304332247747,210.416686874932
1325.053319412607,83.53304332247747,210.416686874932 1276.6483691291962,117.55783523874739,220.38033696488716
1325.053319412607,83.53304332247747,210.416686874932 1287.8398540828143,108.86933422694439,250.08065492343346
1287.8398540828143,108.86933422694439,250.08065492343346 1274.7796855811143,51.22374783626128,260.39658282069485
1274.7796855811143,51.22374783626128,260.39658282069485 1245.0338954756514,102.13980227754067,249.31762207816953
1325.053319412607,83.53304332247747,210.416686874932 1283.520642829808,93.29818649085972,252.6029258015015
1325.053319412607,83.53304332247747,210.416686874932 1293.2310457862861,34.74805997734111,224.81697511046164
1325.053319412607,83.53304332247747,210.416686874932 1318.6042532027616,52.51252813484116,261.3689898897581
1325.053319412607,83.53304332247747,210.416686874932 1274.7642610122746,83.21365780965587,243.1414267226703
1325.053319412607,83.53304332247747,210.416686874932 1304.8796274271283,131.46745640833564,240.33848818750909
1325.053319412607,83.53304332247747,210.416686874932 1305.214574268521,50.044524843771,256.07786646119916
1305.214574268521,50.044524843771,256.07786646119916 1317.3676158979194,68.68124786359024,311.80017917555665
1317.3676158979194,68.68124786359024,311.80017917555665 1308.254583543592,125.66508981512757,328.22559843203805
1317.3676158979194,68.68124786359024,311.80017917555665 1340.0183895968112,99.267676383782,265.416854141437
1325.053319412607,83.53304332247747,210.416686874932 1306.9971905481254,123.26069506396848,251.59544229002492
1306.9971905481254,123.26069506396848,251.59544229002492 1337.0876989524193,91.26444320276148,292.4708770987867
1325.053319412607,83.53304332247747,210.416686874932 1275.6298985419685,85.64292563742927,244.37068319437554
1325.053319412607,83.53304332247747,210.416686874932 1293.999104482716,98.17887397880322,259.6217209616427
1325.053319412607,83.53304332247747,210.416686874932 1302.3001305942505,122.94500392798672,249.51898552636692
1325.053319412607,83.53304332247747,210.416686874932 1304.9438212002174,47.87166471483311,254.2786767687814
1304.9438212002174,47.87166471483311,254.2786767687814 1265.4867781163593,92.86643250466194,258.5929116508843
1304.9438212002174,47.87166471483311,254.2786767687814 1274.9696671240185,0.8460614446447465,232.13950956468042
1325.053319412607,83.53304332247747,210.416686874932 1293.2921867582531,46.10844514689023,244.92219228940718
1293.2921867582531,46.10844514689023,244.92219228940718 1297.3471558630738,105.91150796411841,242.24807500745928
1325.053319412607,83.53304332247747,210.416686874932 1325.549617310907,143.36809024624046,214.83492725173642
1325.549617310907,143.36809024624046,214.83492725173642 1271.0464645158443,162.8406761757212,199.016433877934
1325.549617310907,143.36809024624046,214.83492725173642 1265.617759638843,143.35941887121237,217.69366137415915
1325.549617310907,143.36809024624046,214.83492725173642 1300.964076613472,193.23547799450924,192.27844641410184
1325.549617310907,143.36809024624046,214.83492725173642 1312.2394695084747,193.08042939724524,245.6816985838043
1325.549617310907,143.36809024624046,214.83492725173642 1341.6019090038078,95.12767274732838,246.69691166791307
1325.549617310907,143.36809024624046,214.83492725173642 1314.768769640194,181.39021632975818,259.98015126923315
1325.549617310907,143.36809024624046,214.83492725173642 1319.2171763120982,182.86620969969297,259.5540367088511
1325.549617310907,143.36809024624046,214.83492725173642 1283.5081867959852,179.54093827898635,237.72691679958646
1325.549617310907,143.36809024624046,214.83492725173642 1328.0161555865518,183.34901141196667,259.5052992187882
1325.549617310907,143.36809024624046,214.83492725173642 1266.177296446939,143.35096239668576,206.17887608144048
1325.549617310907,143.36809024624046,214.83492725173642 1324.7919930337953,194.16341000715715,246.7608022724928
1325.549617310907,143.36809024624046,214.83492725173642 1297.989744531442,101.89636504020193,248.30953585011343
1325.549617310907,143.36809024624046,214.83492725173642 1286.3936248741848,151.0544818897543,170.0272533576603
1325.549617310907,143.36809024624046,214.83492725173642 1301.4475285629221,187.01712660286282,181.46052174208702
1301.4475285629221,187.01712660286282,181.46052174208702 1271.2012478559739,151.80362637256476,219.47593841647435
1301.4475285629221,187.01712660286282,181.46052174208702 1252.9627439216083,165.70033995797206,209.65307865737262
1301.4475285629221,187.01712660286282,181.46052174208702 1315.0897406310003,145.33452339141803,222.40500414700736
1301.4475285629221,187.01712660286282,181.46052174208702 1242.758360334451,197.66808846921052,187.9519425397117
1301.4475285629221,187.01712660286282,181.46052174208702 1295.9020514362235,190.7456065184296,241.0872449537182
1301.4475285629221,187.01712660286282,181.46052174208702 1266.4770234595821,156.57640841023652,143.37605707820617
1301.4475285629221,187.01712660286282,181.46052174208702 1248.9640059835124,195.4783262151689,153.6416799477688
1301.4475285629221,187.01712660286282,181.46052174208702 1255.4696012039005,218.981624910653,159.9128758451493
1301.4475285629221,187.01712660286282,181.46052174208702 1292.7096295201318,225.69050767981474,226.49405054446783
1301.4475285629221,187.01712660286282,181.46052174208702 1249.7024337496953,205.96936279351027,157.72746660491427
1301.4475285629221,187.01712660286282,181.46052174208702 1316.5795278329695,209.4118764957523,235.0282151339647
1301.4475285629221,187.01712660286282,181.46052174208702 1243.464164806416,201.33898272488148,175.73217427524366
1301.4475285629221,187.01712660286282,181.46052174208702 1256.6024634522353,220.2350084403399,159.42662827203333
1301.4475285629221,187.01712660286282,181.46052174208702 1255.9978223839937,193.29797372594527,220.12413729554441
1325.549617310907,143.36809024624046,214.83492725173642 1285.790985472371,184.76899414157285,232.30536946071328
1325.053319412607,83.53304332247747,210.416686874932 1332.2239275999814,44.17350977056314,255.13144391104802
1325.053319412607,83.53304332247747,210.416686874932 1307.6427375435687,117.06713438436782,257.02501634118045
1325.053319412607,83.53304332247747,210.416686874932 1295.897000991788,32.605079774415586,222.916751874407
1325.053319412607,83.53304332247747,210.416686874932 1275.6164974524777,98.08391124735746,241.1457102423476
1275.6164974524777,98.08391124735746,241.1457102423476 1305.5290288446233,131.5692429509528,280.9448688567466
1325.053319412607,83.53304332247747,210.416686874932 1280.5897983113218,103.67880891951138,245.30426947655303
1325.053319412607,83.53304332247747,210.416686874932 1289.8770046022003,99.33568074897269,256.38301723451036
1325.053319412607,83.53304332247747,210.416686874932 1317.4116052262652,135.09101301093665,240.13839553877213
1325.053319412607,83.53304332247747,210.416686874932 1278.1842871365818,67.27315958784764,244.16442745775072
1325.053319412607,83.53304332247747,210.416686874932 1271.9503310996947,88.17469664097304,237.9580682257214
1325.053319412607,83.53304332247747,210.416686874932 1318.1126360948092,135.38088513756495,239.80423890295418
1325.053319412607,83.53304332247747,210.416686874932 1277.4842063929796,103.5178534947604,241.03999252444876
1341.3410963719236,33.62215624939466,239.46168082055925 1290.8921933659667,11.887323168735481,215.3265359804838
1290.8921933659667,11.887323168735481,215.3265359804838 1336.3532555063814,9.23162085204891,254.39364585913353
1341.3410963719236,33.62215624939466,239.46168082055925 1327.9457403476192,53.49257916138644,294.46832342198263
1341.3410963719236,33.62215624939466,239.46168082055925 1302.8258491428612,74.19809984190843,217.77831086888125
1341.3410963719236,33.62215624939466,239.46168082055925 1328.2447112469977,78.74330725485652,276.7787872009035
1341.3410963719236,33.62215624939466,239.46168082055925 1306.805283579853,62.363333652074886,279.22626753158545
1306.805283579853,62.363333652074886,279.22626753158545 1263.4727250919295,47.286683491687846,240.56124464484725
1341.3410963719236,33.62215624939466,239.46168082055925 1328.3593631146723,3.744524365903928,289.84820396586264
1328.3593631146723,3.744524365903928,289.84820396586264 1289.82016991181,36.21468961892755,322.41227858366466
1341.3410963719236,33.62215624939466,239.46168082055925 1310.0185078790216,23.189280932930295,289.5620856366427
1341.3410963719236,33.62215624939466,239.46168082055925 1303.731899366492,-6.293972757947699,215.12547434387469
1341.3410963719236,33.62215624939466,239.46168082055925 1297.5065562839613,62.61013624049478,268.4138847317024
1341.3410963719236,33.62215624939466,239.46168082055925 1323.7147065293307,-21.421138268912614,255.57211562809363
1330.426237378725,7.270690344404429,292.24866877987296 1289.1420803289718,-36.22422253072007,290.29650826479116
1330.426237378725,7.270690344404429,292.24866877987296 1295.3216476549783,-31.54440007234752,321.59243364171004
1295.3216476549783,-31.54440007234752,321.59243364171004 1332.6464134128237,-56.032881995971685,281.50283256863486
1330.426237378725,7.270690344404429,292.24866877987296 1277.0053194233938,34.58697985997799,292.40945407501914
1330.426237378725,7.270690344404429,292.24866877987296 1327.4455868593886,-41.570467168911875,257.52609607506025
1327.4455868593886,-41.570467168911875,257.52609607506025 1285.3075428985012,-40.00052778627063,300.2100572488447
1330.426237378725,7.270690344404429,292.24866877987296 1300.387424487728,-15.984698355911672,338.6906391999237
1330.426237378725,7.270690344404429,292.24866877987296 1304.0068639781794,-29.600380147525044,252.9734747014001
1304.0068639781794,-29.600380147525044,252.9734747014001 1285.1895050798798,-2.945257321772445,303.32634384742425
1330.426237378725,7.270690344404429,292.24866877987296 1277.4501621103989,-20.313502550257105,286.5348476840785
1277.4501621103989,-20.313502550257105,286.5348476840785 1248.8503318021967,-43.94300251847724,333.6909335860479
1330.426237378725,7.270690344404429,292.24866877987296 1311.3268371170052,-15.857738058340058,344.21297103884433
1330.426237378725,7.270690344404429,292.24866877987296 1313.5476076297273,24.81032603242221,347.0891012884506
1313.5476076297273,24.81032603242221,347.0891012884506 1282.1008210327936,-24.573688224057328,360.2161248902705
1331.1942771876716,36.892496606351045,344.4210629038881 1322.9837811008301,12.609584384131448,290.1723032128506
1322.9837811008301,12.609584384131448,290.1723032128506 1314.3269612167292,69.09516542766482,308.4599658209767
1322.9837811008301,12.609584384131448,290.1723032128506 1315.67061573842,35.41680179229867,235.16004597431655
1331.1942771876716,36.892496606351045,344.4210629038881 1332.273658558803,56.8720430684122,287.8555905817551
1332.273658558803,56.8720430684122,287.8555905817551 1279.4607486536106,34.868373931002715,305.9286393516074
1332.273658558803,56.8720430684122,287.8555905817551 1281.143519191242,34.2697114776746,309.6464936129775
1300.0,0.0,380.0 1270.4312824634774,-34.67641269341384,340.9713266179673
1270.4312824634774,-34.67641269341384,340.9713266179673 1316.9835151608,-13.929761573260834,372.63307164557114
1300.0,0.0,380.0 1318.3197276847573,50.78970847552433,353.8314484442186
1300.0,0.0,380.0 1313.4850991916344,-51.93110963260306,353.14274861199783
目标树
2280.0,0.0,0.0 2320.144500736815,-26.323621667513674,-35.99286044339135
2320.144500736815,-26.323621667513674,-35.99286044339135 2296.4075757961828,26.238932646438602,-19.447883007456337
2280.0,0.0,0.0 2312.3925262252365,-21.594387761045372,-45.65530267091623
2280.0,0.0,0.0 2322.974854475272,40.80629829828921,-9.381252689285986
2280.0,0.0,0.0 2259.8997757582642,55.20280541394784,-12.19144207474011
2259.8997757582642,55.20280541394784,-12.19144207474011 2277.654997492609,100.34505374648032,-47.50333124323724
2259.8997757582642,55.20280541394784,-12.19144207474011 2227.54079634314,72.92617938290672,-59.50717377539099
2227.54079634314,72.92617938290672,-59.50717377539099 2253.430721312562,18.82829453406793,-57.73781232010184
2253.430721312562,18.82829453406793,-57.73781232010184 2240.004669887037,-38.03080043265482,-71.40472355433292
2240.004669887037,-38.03080043265482,-71.40472355433292 2194.185839999823,-76.715179184455,-73.4427785962376
2240.004669887037,-38.03080043265482,-71.40472355433292 2209.1649072341243,-2.4146932606311466,-34.250962648834616
2253.430721312562,18.82829453406793,-57.73781232010184 2212.6803891686413,26.69053590331168,-101.06904344514464
2212.6803891686413,26.69053590331168,-101.06904344514464 2210.101988100468,-15.655082162379276,-58.64027397717313
2227.54079634314,72.92617938290672,-59.50717377539099 2203.678005352581,23.161630573430422,-35.96876074625629
2203.678005352581,23.161630573430422,-35.96876074625629 2240.7164556250627,16.751549525976518,-82.7348174795106
2240.7164556250627,16.751549525976518,-82.7348174795106 2227.9775242072965,61.632529739157334,-120.46301968207409
2240.7164556250627,16.751549525976518,-82.7348174795106 2254.9642057956685,-31.185415010193292,-115.88672611436905
2203.678005352581,23.161630573430422,-35.96876074625629 2188.3669279547735,-32.38928684736547,-52.69199256986806
2188.3669279547735,-32.38928684736547,-52.69199256986806 2225.3748886172402,-58.64687152801813,-91.94692976690942
2188.3669279547735,-32.38928684736547,-52.69199256986806 2198.196051441273,-80.33537432498038,-87.39877903989492
2188.3669279547735,-32.38928684736547,-52.69199256986806 2155.7699791073396,6.19297873666131,-85.07791093327721
2155.7699791073396,6.19297873666131,-85.07791093327721 2181.4782297560573,49.54837876408356,-117.62626169095604
2181.4782297560573,49.54837876408356,-117.62626169095604 2188.0840542555807,6.742240769386989,-159.14731216731673
2188.0840542555807,6.742240769386989,-159.14731216731673 2138.246491645381,-0.11588618534406425,-126.44894144724549
2188.0840542555807,6.742240769386989,-159.14731216731673 2237.669471861038,29.506405424048232,-184.1088659744796
2155.7699791073396,6.19297873666131,-85.07791093327721 2159.774741714485,40.565679448655345,-134.09300373359838
2159.774741714485,40.565679448655345,-134.09300373359838 2182.3550974854984,75.46443149414617,-177.36198383391752
2182.3550974854984,75.46443149414617,-177.36198383391752 2127.093670002173,55.432078213164,-189.39857199381854
2155.7699791073396,6.19297873666131,-85.07791093327721 2142.588208222516,28.473248324307356,-139.205819662895
2155.7699791073396,6.19297873666131,-85.07791093327721 2210.948885775495,6.733030634844578,-108.6362768115437
2155.7699791073396,6.19297873666131,-85.07791093327721 2195.703183768591,50.049856086272,-76.02730462077945
2195.703183768591,50.049856086272,-76.02730462077945 2187.5492731585778,105.52844745752566,-97.37302178430845
2155.7699791073396,6.19297873666131,-85.07791093327721 2185.220583512239,-46.076038746404,-84.29579103125967
2185.220583512239,-46.076038746404,-84.29579103125967 2222.173991867496,-31.5140328384919,-129.26682164950938
2222.173991867496,-31.5140328384919,-129.26682164950938 2172.228804110849,-11.023362189867115,-103.08265398424126
2185.220583512239,-46.076038746404,-84.29579103125967 2172.443815222497,12.39077295257141,-88.58369516111105
2155.7699791073396,6.19297873666131,-85.07791093327721 2197.3294293805725,-6.883412932935249,-43.82478894366297
2155.7699791073396,6.19297873666131,-85.07791093327721 2175.961025399041,36.25256394839556,-132.91871973230218
2155.7699791073396,6.19297873666131,-85.07791093327721 2184.167524599179,-42.29930054464589,-106.10356812021436
2184.167524599179,-42.29930054464589,-106.10356812021436 2203.621153031219,-86.28221990363244,-70.22796156800358
2155.7699791073396,6.19297873666131,-85.07791093327721 2204.545113179068,-11.346855162977988,-115.2994351016243
2155.7699791073396,6.19297873666131,-85.07791093327721 2200.1604038104883,-15.846106578449213,-118.89756369830943
2155.7699791073396,6.19297873666131,-85.07791093327721 2120.150278817209,15.784812084603391,-132.39845281802928
2120.150278817209,15.784812084603391,-132.39845281802928 2171.8780026604927,31.373222057832752,-106.29780032619551
2120.150278817209,15.784812084603391,-132.39845281802928 2094.117623958093,2.265326175306509,-184.7389188241177
2094.117623958093,2.265326175306509,-184.7389188241177 2138.6770499709305,-27.120385724921945,-157.33568015560905
2094.117623958093,2.265326175306509,-184.7389188241177 2136.109755475725,34.05622659782364,-155.99871108423648
2094.117623958093,2.265326175306509,-184.7389188241177 2146.887410308381,30.813788173190137,-184.160156264501
2120.150278817209,15.784812084603391,-132.39845281802928 2161.5591952725485,-26.8645903765473,-140.54278260638486
2120.150278817209,15.784812084603391,-132.39845281802928 2083.3755424195588,56.01124712248807,-157.48734850967358
2083.3755424195588,56.01124712248807,-157.48734850967358 2142.186847045268,47.86234455925097,-166.1375412957839
2142.186847045268,47.86234455925097,-166.1375412957839 2155.57678513379,24.972143947731553,-219.9589893806315
2155.57678513379,24.972143947731553,-219.9589893806315 2134.4209839840905,-22.577438145381578,-249.81647287279247
2083.3755424195588,56.01124712248807,-157.48734850967358 2107.84312383902,7.85106998699527,-183.60122983283173
2083.3755424195588,56.01124712248807,-157.48734850967358 2077.0379387986645,-2.926327550371944,-148.20311068282544
2077.0379387986645,-2.926327550371944,-148.20311068282544 2054.193542798813,22.37442229802279,-197.579275261607
2077.0379387986645,-2.926327550371944,-148.20311068282544 2049.8829114696755,34.26468511690363,-186.6665097466681
2049.8829114696755,34.26468511690363,-186.6665097466681 2038.2909301486975,68.28562096927755,-234.710259525206
2049.8829114696755,34.26468511690363,-186.6665097466681 2070.243931044324,54.67162085447481,-239.28766381690306
2049.8829114696755,34.26468511690363,-186.6665097466681 2036.8578833867757,91.11509410784066,-172.581778971717
2036.8578833867757,91.11509410784066,-172.581778971717 2056.9982867685567,54.001295284124616,-215.20724188406405
2036.8578833867757,91.11509410784066,-172.581778971717 2000.5155163249283,53.444390820582626,-201.910100952105
2000.5155163249283,53.444390820582626,-201.910100952105 2042.8677812232606,88.41739777052258,-226.05910595978472
2042.8677812232606,88.41739777052258,-226.05910595978472 2064.0556063896925,120.17591930071305,-272.34595479326174
2000.5155163249283,53.444390820582626,-201.910100952105 2032.5716031934508,99.78854161607242,-181.30362183211338
2000.5155163249283,53.444390820582626,-201.910100952105 2033.8454600876262,100.18343408476233,-184.45797547912798
2036.8578833867757,91.11509410784066,-172.581778971717 2047.8070098312458,35.55227257866692,-192.4032192276669
2047.8070098312458,35.55227257866692,-192.4032192276669 2037.020280619594,7.911702103863181,-244.5534381796704
2036.8578833867757,91.11509410784066,-172.581778971717 2001.5811439902898,53.2248107712866,-202.911270992324
2036.8578833867757,91.11509410784066,-172.581778971717 2057.435706075693,44.83588470717456,-204.74989969134845
2036.8578833867757,91.11509410784066,-172.581778971717 1991.8031353333172,119.81268282364621,-199.90426201659872
1991.8031353333172,119.81268282364621,-199.90426201659872 2035.758006538805,114.30286510415613,-240.37167119987836
2035.758006538805,114.30286510415613,-240.37167119987836 2071.6494961340813,142.66188840442848,-201.54427401584383
2035.758006538805,114.30286510415613,-240.37167119987836 2026.5231042125167,173.58161114775476,-241.2358740247151
2035.758006538805,114.30286510415613,-240.37167119987836 1995.5960801554381,73.52671516940575,-222.36263830869314
1995.5960801554381,73.52671516940575,-222.36263830869314 2051.906952361782,57.07188723560981,-234.94533710624899
1991.8031353333172,119.81268282364621,-199.90426201659872 2032.469502920447,101.84651510351136,-240.19648663525712
2032.469502920447,101.84651510351136,-240.19648663525712 2052.5546353988398,158.3743375400502,-239.10435847952573
1991.8031353333172,119.81268282364621,-199.90426201659872 1999.6230581199075,62.62298320633996,-183.52784405374592
1999.6230581199075,62.62298320633996,-183.52784405374592 2038.8598624943804,56.70042316778612,-228.53224900558433
1999.6230581199075,62.62298320633996,-183.52784405374592 1997.9896729643665,94.20218022664596,-234.51888609532764
1999.6230581199075,62.62298320633996,-183.52784405374592 2054.712688280735,78.92275374207073,-200.83247144718408
1999.6230581199075,62.62298320633996,-183.52784405374592 2055.3698299709768,41.773432091879386,-191.11689185372174
1999.6230581199075,62.62298320633996,-183.52784405374592 2029.545186125004,11.89736235001412,-194.99857395148595
1999.6230581199075,62.62298320633996,-183.52784405374592 2016.9363767332554,43.113022777446375,-237.56126373689855
1999.6230581199075,62.62298320633996,-183.52784405374592 2012.147594799187,3.9447486005061805,-183.5554938659168
1999.6230581199075,62.62298320633996,-183.52784405374592 2030.4326326618948,103.82224045183281,-214.4048795163907
1999.6230581199075,62.62298320633996,-183.52784405374592 2058.670001761054,69.94808695634116,-191.26097418914142
1999.6230581199075,62.62298320633996,-183.52784405374592 2041.0232000700348,20.60985055556945,-194.5244313142583
1991.8031353333172,119.81268282364621,-199.90426201659872 2024.8341070655497,86.29866589533918,-237.13013441408071
1991.8031353333172,119.81268282364621,-199.90426201659872 1952.0206721125323,156.35673245127845,-226.017248381625
1952.0206721125323,156.35673245127845,-226.017248381625 1996.1744507938756,170.36829492407665,-187.88432369402966
1996.1744507938756,170.36829492407665,-187.88432369402966 2046.4886573558929,163.28137664857275,-219.7944507290478
1952.0206721125323,156.35673245127845,-226.017248381625 1989.3448374148168,187.0013085111925,-190.41083543962972
1952.0206721125323,156.35673245127845,-226.017248381625 1987.3063546594847,195.44127432544445,-197.2540915019939
1952.0206721125323,156.35673245127845,-226.017248381625 1989.7574074655613,202.82527417875667,-221.94129025904073
1952.0206721125323,156.35673245127845,-226.017248381625 1936.8212635874586,202.91707269538617,-260.6743212072524
1936.8212635874586,202.91707269538617,-260.6743212072524 1944.9336495715086,179.02292535650008,-206.23849737226857
1944.9336495715086,179.02292535650008,-206.23849737226857 1984.5921160237638,202.48059435694051,-244.66952394873576
1944.9336495715086,179.02292535650008,-206.23849737226857 1932.1968550535519,220.3899683882125,-164.68682091728297
1932.1968550535519,220.3899683882125,-164.68682091728297 1924.9385304721998,273.211898940246,-137.17027358612438
1924.9385304721998,273.211898940246,-137.17027358612438 1871.9112567852067,265.8811214805457,-110.07104947986872
1871.9112567852067,265.8811214805457,-110.07104947986872 1818.8839830982135,258.5503440208454,-82.97182537361307
1818.8839830982135,258.5503440208454,-82.97182537361307 1765.8567094112204,251.2195665611451,-55.872601267357425
1765.8567094112204,251.2195665611451,-55.872601267357425 1706.1771202947907,245.06449339310888,-55.193103518832544
1706.1771202947907,245.06449339310888,-55.193103518832544 1658.9757194339704,248.33683391155216,-92.08916759493023
1658.9757194339704,248.33683391155216,-92.08916759493023 1611.7596403846642,240.238797948252,-55.96350230352326
1611.7596403846642,240.238797948252,-55.96350230352326 1636.164248244158,290.65184541105407,-34.44746733567643
1611.7596403846642,240.238797948252,-55.96350230352326 1599.6580460220353,215.33909821266184,-109.19466204065317
1611.7596403846642,240.238797948252,-55.96350230352326 1582.2339032880259,281.25732391311885,-23.6260414172733
1582.2339032880259,281.25732391311885,-23.6260414172733 1535.4691254855531,265.5616837967137,10.530984776785864
1535.4691254855531,265.5616837967137,10.530984776785864 1549.8654963365063,318.83435027731997,-13.022518409957136
1535.4691254855531,265.5616837967137,10.530984776785864 1546.3079297765714,303.7719220231962,55.503176364659964
1546.3079297765714,303.7719220231962,55.503176364659964 1497.186498332469,280.3497490193794,80.77147240261283
1497.186498332469,280.3497490193794,80.77147240261283 1448.0650668883666,256.9275760155625,106.03976844056571
1448.0650668883666,256.9275760155625,106.03976844056571 1481.4742691351648,279.1983632213296,150.62493685415336
1448.0650668883666,256.9275760155625,106.03976844056571 1487.9002965463978,295.21554535545107,129.43177309856054
1448.0650668883666,256.9275760155625,106.03976844056571 1403.2840123040646,281.6127223458175,137.42926829277212
1403.2840123040646,281.6127223458175,137.42926829277212 1361.3761002036995,242.68459201529419,155.54907989107156
1361.3761002036995,242.68459201529419,155.54907989107156 1319.4681881033343,203.75646168477084,173.668891489371
1497.186498332469,280.3497490193794,80.77147240261283 1507.0438197225308,324.4672380348338,120.22372681201617
1497.186498332469,280.3497490193794,80.77147240261283 1522.8372362750608,284.9569481953806,26.726922642686674
1497.186498332469,280.3497490193794,80.77147240261283 1470.0681407104762,286.34662441890737,27.586585777479925
1546.3079297765714,303.7719220231962,55.503176364659964 1581.3993810953161,338.5453697330845,89.55310116210762
1546.3079297765714,303.7719220231962,55.503176364659964 1509.7047975170967,340.2721969941807,25.041058318832647
1658.9757194339704,248.33683391155216,-92.08916759493023 1625.107017583942,213.85625542090077,-127.64195569859258
1658.9757194339704,248.33683391155216,-92.08916759493023 1707.7430701899941,218.96609048001378,-111.03923172457641
1818.8839830982135,258.5503440208454,-82.97182537361307 1869.4445251184325,237.98078497623726,-58.06148954022734
1932.1968550535519,220.3899683882125,-164.68682091728297 1938.6298157265733,206.4893204643643,-222.69879385629423
1944.9336495715086,179.02292535650008,-206.23849737226857 1974.8272331372295,128.48792512189905,-193.88586959967995
1936.8212635874586,202.91707269538617,-260.6743212072524 1989.7021205398146,212.51606402904966,-234.0008449928421
1936.8212635874586,202.91707269538617,-260.6743212072524 1940.211401059241,165.30822281762784,-214.04727563502408
1936.8212635874586,202.91707269538617,-260.6743212072524 1977.4459855836678,162.6882322647377,-278.87521020576384
1952.0206721125323,156.35673245127845,-226.017248381625 1996.8255112435452,128.52385711149893,-197.41904143146198
1952.0206721125323,156.35673245127845,-226.017248381625 1999.3336930305584,140.63362801201046,-259.3978121635969
1952.0206721125323,156.35673245127845,-226.017248381625 2000.8259812359279,183.79565173762734,-247.58452706408826
1952.0206721125323,156.35673245127845,-226.017248381625 2002.0632475740863,184.19163926324987,-243.93256596026566
1952.0206721125323,156.35673245127845,-226.017248381625 1973.107915574095,205.23742834618912,-253.69405694081502
1952.0206721125323,156.35673245127845,-226.017248381625 1996.1284133609026,189.41791332199955,-202.32198553437487
1952.0206721125323,156.35673245127845,-226.017248381625 1991.4484089292978,201.3835090412775,-221.7695478952224
1952.0206721125323,156.35673245127845,-226.017248381625 1997.5298003244834,173.47383667027697,-261.1729590492268
1991.8031353333172,119.81268282364621,-199.90426201659872 2036.6261119822934,137.53610595285372,-164.17218907213612
1991.8031353333172,119.81268282364621,-199.90426201659872 2035.5760838604185,91.51992698545897,-170.18139297061916
1991.8031353333172,119.81268282364621,-199.90426201659872 2021.5386445998072,100.41201172841834,-248.2717454090317
1991.8031353333172,119.81268282364621,-199.90426201659872 2026.4678621678477,130.0804691204774,-247.78880313427044
1991.8031353333172,119.81268282364621,-199.90426201659872 2038.1811943611651,97.1341362468137,-169.3304306248367
1991.8031353333172,119.81268282364621,-199.90426201659872 2022.511835474838,68.8689492365568,-207.75994428014576
2036.8578833867757,91.11509410784066,-172.581778971717 2072.6631881876624,50.93467843141935,-146.0579341488866
2036.8578833867757,91.11509410784066,-172.581778971717 2094.786504167852,96.68889901398765,-187.1834087872711
2036.8578833867757,91.11509410784066,-172.581778971717 2089.5468822239764,107.72441811957441,-195.99117361162007
2036.8578833867757,91.11509410784066,-172.581778971717 2015.7598278059359,141.71030576219516,-196.97433128505352
2036.8578833867757,91.11509410784066,-172.581778971717 1996.619593971131,119.66131683676096,-206.72842203972144
2036.8578833867757,91.11509410784066,-172.581778971717 1992.9683759553127,95.23121333925333,-213.28520265936706
2049.8829114696755,34.26468511690363,-186.6665097466681 2094.2958677060665,66.3906027742253,-211.0676312991581
2094.2958677060665,66.3906027742253,-211.0676312991581 2062.599063938823,100.52688646688418,-173.25193658657685
2094.2958677060665,66.3906027742253,-211.0676312991581 2090.275544523152,80.16699679754595,-269.3260896483037
2049.8829114696755,34.26468511690363,-186.6665097466681 2049.6925286070577,15.822228628695559,-243.76151437094478
2049.6925286070577,15.822228628695559,-243.76151437094478 2082.6826314976124,62.28011776166993,-262.55826006212396
2049.6925286070577,15.822228628695559,-243.76151437094478 2046.3627490471897,71.67735967597379,-265.4206210878447
2049.8829114696755,34.26468511690363,-186.6665097466681 2054.609834674637,83.6256299124272,-152.88554874927095
2077.0379387986645,-2.926327550371944,-148.20311068282544 2134.7823658430857,-5.800809505138588,-164.24426085365965
2134.7823658430857,-5.800809505138588,-164.24426085365965 2104.113933031344,39.47705625437889,-139.55900004614946
2120.150278817209,15.784812084603391,-132.39845281802928 2113.669642637256,62.24677067466371,-169.80550774993497
2188.3669279547735,-32.38928684736547,-52.69199256986806 2231.463441270595,-55.801495140416094,-18.129599092823682
2231.463441270595,-55.801495140416094,-18.129599092823682 2288.9364872862234,-71.01496976208638,-10.042623661845301
2288.9364872862234,-71.01496976208638,-10.042623661845301 2256.993420055875,-35.62339274045629,-46.47168804510228
2188.3669279547735,-32.38928684736547,-52.69199256986806 2190.1555375002954,-45.39628294059011,-111.23786286423217
2188.3669279547735,-32.38928684736547,-52.69199256986806 2215.32345128236,16.842113569579283,-31.487864125724734
2188.3669279547735,-32.38928684736547,-52.69199256986806 2241.770578908801,-38.88066891960987,-26.12298762853531
2241.770578908801,-38.88066891960987,-26.12298762853531 2196.3424208493534,-64.87548422493317,-55.45815479301501
2203.678005352581,23.161630573430422,-35.96876074625629 2235.5478124894425,51.566519852946854,6.191382257268394
2203.678005352581,23.161630573430422,-35.96876074625629 2184.513222060552,1.0821708095389724,-88.3634984391226
2203.678005352581,23.161630573430422,-35.96876074625629 2234.323969437006,63.1858096759776,-68.5093503614332
2234.323969437006,63.1858096759776,-68.5093503614332 2271.780527217314,99.36433311522347,-98.31070470995867
2203.678005352581,23.161630573430422,-35.96876074625629 2177.087180674683,27.450544791660196,-89.58343464974995
2227.54079634314,72.92617938290672,-59.50717377539099 2186.864174130584,67.4612611264402,-103.2741370448156
2186.864174130584,67.4612611264402,-103.2741370448156 2147.1808684081648,108.69471146154586,-121.30294234087935
2147.1808684081648,108.69471146154586,-121.30294234087935 2180.2002235768655,127.20289214170053,-167.8558094078382
2180.2002235768655,127.20289214170053,-167.8558094078382 2192.3700891103563,185.9313284806405,-166.16313753183024
2180.2002235768655,127.20289214170053,-167.8558094078382 2169.4602122530955,83.27383236165716,-207.2879012063552
2180.2002235768655,127.20289214170053,-167.8558094078382 2206.653612322508,81.85038717715749,-196.89661720157935
2186.864174130584,67.4612611264402,-103.2741370448156 2186.1443739110173,26.954990630594637,-147.53161029127764
2227.54079634314,72.92617938290672,-59.50717377539099 2271.5985778370896,35.18146202326026,-44.20200467237977
2271.5985778370896,35.18146202326026,-44.20200467237977 2292.2474897289208,18.52984694072307,9.615707586935187
2271.5985778370896,35.18146202326026,-44.20200467237977 2232.680723441262,-7.425199522442647,-60.635902601814955
2227.54079634314,72.92617938290672,-59.50717377539099 2260.4196598493936,34.66671673272954,-91.99092128482772
2227.54079634314,72.92617938290672,-59.50717377539099 2266.815146269183,76.67593925073044,-14.302475581283282
2266.815146269183,76.67593925073044,-14.302475581283282 2326.1296663264975,77.79371791037782,-23.276787880198953
2266.815146269183,76.67593925073044,-14.302475581283282 2307.5086022415503,33.29970545474556,-22.211014175805815
2266.815146269183,76.67593925073044,-14.302475581283282 2225.106091480354,103.75200368947704,-47.876892674231826
2227.54079634314,72.92617938290672,-59.50717377539099 2268.4575302062663,41.65920952385055,-90.29998926548491
2268.4575302062663,41.65920952385055,-90.29998926548491 2309.2100656091334,68.02888815383477,-125.56854334967485
2227.54079634314,72.92617938290672,-59.50717377539099 2183.6820596080292,111.27889036637336,-73.84177430065604
2227.54079634314,72.92617938290672,-59.50717377539099 2234.053693916447,125.32557697153413,-88.0007747683957
2227.54079634314,72.92617938290672,-59.50717377539099 2204.009963811472,117.35165408822942,-92.25892361525969
2227.54079634314,72.92617938290672,-59.50717377539099 2254.0004070867835,20.65929421333533,-46.54331192925572
2259.8997757582642,55.20280541394784,-12.19144207474011 2307.646654896425,69.94546089663287,-45.40122439689256
2307.646654896425,69.94546089663287,-45.40122439689256 2273.32455875195,71.433639291824,3.790025244822246
2273.32455875195,71.433639291824,3.790025244822246 2240.9799470648604,50.94407058890238,-42.40525231879495
2307.646654896425,69.94546089663287,-45.40122439689256 2305.4695081536256,45.43838707652027,9.322293078100486
2307.646654896425,69.94546089663287,-45.40122439689256 2261.171245928911,32.69876211988494,-38.14038480793644
2307.646654896425,69.94546089663287,-45.40122439689256 2266.7432951054916,56.70416855318838,-87.2531459165659
2280.0,0.0,0.0 2308.7344872420663,5.323086861431293,52.40223267382017
2280.0,0.0,0.0 2251.198931656023,40.827408408958114,-33.220794464517084
2251.198931656023,40.827408408958114,-33.220794464517084 2297.5198027093043,40.48866261817805,-71.35558378023899
2280.0,0.0,0.0 2310.1607457371697,51.665654572008066,4.581435825560714
2280.0,0.0,0.0 2295.192988922304,11.837724964231292,-56.82465446685946
2295.192988922304,11.837724964231292,-56.82465446685946 2338.3075399967383,-28.76936860557589,-47.22260065202849
2295.192988922304,11.837724964231292,-56.82465446685946 2322.7721988886524,-29.996314251849043,-23.820104166945995
