起始树
1200.0,0.0,280.0 1169.773122270361,47.41615283690611,259.0704918150326
1200.0,0.0,280.0 1235.8283533189954,47.40761435234787,288.29742127822186
1235.8283533189954,47.40761435234787,288.29742127822186 1237.8730567299933,90.53886434262547,246.637915013298
1237.8730567299933,90.53886434262547,246.637915013298 1221.6844908181722,34.30169384671967,233.39740942125047
1237.8730567299933,90.53886434262547,246.637915013298 1215.5340420131763,107.45790667016865,193.58403270294642
1215.5340420131763,107.45790667016865,193.58403270294642 1209.5196802241119,154.73194704590068,157.128682494453
1237.8730567299933,90.53886434262547,246.637915013298 1192.481319253756,61.559940351913866,220.18395248915203
1192.481319253756,61.559940351913866,220.18395248915203 1147.346531843619,22.330581869648498,225.07357399921207
1147.346531843619,22.330581869648498,225.07357399921207 1134.9862715153854,-14.960797586845196,179.72407584487638
1134.9862715153854,-14.960797586845196,179.72407584487638 1177.0629298018441,-45.35692702244643,209.81776526273867
1177.0629298018441,-45.35692702244643,209.81776526273867 1217.4586878551847,-4.484833688086702,192.56509249115473
1134.9862715153854,-14.960797586845196,179.72407584487638 1095.370834737968,-56.47188929443781,197.2582263568996
1134.9862715153854,-14.960797586845196,179.72407584487638 1194.236198235358,-15.798947454661016,170.30368899098588
1192.481319253756,61.559940351913866,220.18395248915203 1234.2206267867134,21.1963074974856,235.3037193346472
1237.8730567299933,90.53886434262547,246.637915013298 1214.0277582385133,48.7788132525971,210.756166549623
1214.0277582385133,48.7788132525971,210.756166549623 1230.1865573190958,-1.772324051088944,182.7655300870977
1230.1865573190958,-1.772324051088944,182.7655300870977 1189.7223500691146,-11.590386587316692,225.96568725886374
1189.7223500691146,-11.590386587316692,225.96568725886374 1143.2170822212959,26.02690742679998,221.2540788861169
1230.1865573190958,-1.772324051088944,182.7655300870977 1192.5282129545772,43.43075293404286,194.53544643342656
1192.5282129545772,43.43075293404286,194.53544643342656 1214.330820718306,13.020199023175422,147.6329464410465
1230.1865573190958,-1.772324051088944,182.7655300870977 1209.370458681982,-55.55265066723785,166.20151769304618
1230.1865573190958,-1.772324051088944,182.7655300870977 1224.23781869338,-52.79606461898961,213.7686010192245
1224.23781869338,-52.79606461898961,213.7686010192245 1199.4815379299596,-19.95563106987084,257.4564996533843
1199.4815379299596,-19.95563106987084,257.4564996533843 1149.2272163759687,12.68734763272532,260.4463335233407
1224.23781869338,-52.79606461898961,213.7686010192245 1237.4509052093965,-8.056709622435037,251.501934548248
1224.23781869338,-52.79606461898961,213.7686010192245 1175.4171783806335,-18.737860202769973,206.24638117422924
1230.1865573190958,-1.772324051088944,182.7655300870977 1189.4849407554354,-44.739693312871644,172.9073564313749
1189.4849407554354,-44.739693312871644,172.9073564313749 1184.7658038325226,-91.12925720361524,135.14840903172643
1230.1865573190958,-1.772324051088944,182.7655300870977 1242.386153088383,-29.726438011136594,131.0960286788718
1242.386153088383,-29.726438011136594,131.0960286788718 1234.3462700088198,17.767259138412243,95.32300796306015
1242.386153088383,-29.726438011136594,131.0960286788718 1245.8301931387427,28.481582570351343,116.9551330878353
1245.8301931387427,28.481582570351343,116.9551330878353 1228.6036337896073,-28.092761444943406,106.82649782785079
1245.8301931387427,28.481582570351343,116.9551330878353 1231.136521248197,86.08609915539498,125.06781916437107
1231.136521248197,86.08609915539498,125.06781916437107 1178.3837826014067,58.92602957024696,116.15270921589855
1245.8301931387427,28.481582570351343,116.9551330878353 1199.8268096814081,39.554202265801955,80.06223670442103
1242.386153088383,-29.726438011136594,131.0960286788718 1214.0572838914588,4.813424998846436,171.15190257116342
1242.386153088383,-29.726438011136594,131.0960286788718 1225.6668155971292,9.841486450798527,89.20518113876881
1242.386153088383,-29.726438011136594,131.0960286788718 1185.7246151849836,-44.6237631988993,118.15231110347334
1185.7246151849836,-44.6237631988993,118.15231110347334 1138.952875655091,-48.026661338207475,80.72471880044938
1138.952875655091,-48.026661338207475,80.72471880044938 1104.35541290438,-3.6121591345415496,59.97941655599592
1242.386153088383,-29.726438011136594,131.0960286788718 1231.7850458051366,-6.775891050963601,185.51007942496122
1242.386153088383,-29.726438011136594,131.0960286788718 1185.9105722630422,-33.46919211564607,151.00835054633814
1242.386153088383,-29.726438011136594,131.0960286788718 1216.7459493435479,-74.94851275965092,161.0550658356819
1242.386153088383,-29.726438011136594,131.0960286788718 1194.7540921554125,-65.23983679230538,139.46174910735058
1242.386153088383,-29.726438011136594,131.0960286788718 1213.152811965847,19.53634874517401,113.2469500523513
1242.386153088383,-29.726438011136594,131.0960286788718 1191.8284592280113,-11.27805943196283,157.62105307698332
1191.8284592280113,-11.27805943196283,157.62105307698332 1239.4021119419813,19.756277492429533,138.29186532597103
1242.386153088383,-29.726438011136594,131.0960286788718 1210.977487637855,-52.11369991785871,177.05586156517188
1242.386153088383,-29.726438011136594,131.0960286788718 1213.7074205261276,-30.504014709501526,183.79257195355717
1242.386153088383,-29.726438011136594,131.0960286788718 1210.8086506161305,-75.42574938021829,153.77717234506747
1242.386153088383,-29.726438011136594,131.0960286788718 1241.108963658908,-20.57724997006401,71.81145104395623
1241.108963658908,-20.57724997006401,71.81145104395623 1207.8975092421817,-54.86308471142441,35.459273232801074
1241.108963658908,-20.57724997006401,71.81145104395623 1188.8562944639407,-37.104298007295235,96.23511262809174
1241.108963658908,-20.57724997006401,71.81145104395623 1232.1928457842287,-79.35423959427392,79.92121878171218
1232.1928457842287,-79.35423959427392,79.92121878171218 1220.6210204490349,-23.034688722631493,97.07350865881735
1232.1928457842287,-79.35423959427392,79.92121878171218 1208.0968140895723,-106.01272384513422,31.8722180218967
1232.1928457842287,-79.35423959427392,79.92121878171218 1216.859257366945,-136.45790190138354,90.1218470645649
1216.859257366945,-136.45790190138354,90.1218470645649 1214.617186377098,-116.67167969250025,33.52256678312334
1216.859257366945,-136.45790190138354,90.1218470645649 1196.1094388227095,-152.6960136811806,36.21666404652744
1232.1928457842287,-79.35423959427392,79.92121878171218 1203.1571357823088,-68.08524276906137,28.63830490937295
1232.1928457842287,-79.35423959427392,79.92121878171218 1187.9421940253849,-38.876462227103914,78.06936610632211
1241.108963658908,-20.57724997006401,71.81145104395623 1205.1650853305139,27.08329761354142,65.76911583772204
1241.108963658908,-20.57724997006401,71.81145104395623 1219.86229633736,21.87726828993881,35.12094808966906
1241.108963658908,-20.57724997006401,71.81145104395623 1245.558560132783,23.08563343779433,112.7229861377589
1241.108963658908,-20.57724997006401,71.81145104395623 1223.1910994562918,24.163858231786023,36.07374855363162
1242.386153088383,-29.726438011136594,131.0960286788718 1201.6915290757836,4.141904733597208,159.3251437234211
1242.386153088383,-29.726438011136594,131.0960286788718 1243.0592521148346,22.151147418566012,100.95862554448581
1242.386153088383,-29.726438011136594,131.0960286788718 1207.0787573921473,-63.00512163433565,166.39357852948407
1230.1865573190958,-1.772324051088944,182.7655300870977 1187.3716869096722,35.5889593096395,202.02744529466793
1230.1865573190958,-1.772324051088944,182.7655300870977 1171.8250811740181,12.132664988035884,181.9978179083707
1230.1865573190958,-1.772324051088944,182.7655300870977 1204.6471312797307,8.470400407677783,129.44738764719654
1230.1865573190958,-1.772324051088944,182.7655300870977 1191.2955911969927,43.56872321614055,188.3942232569458
1230.1865573190958,-1.772324051088944,182.7655300870977 1182.3692591454683,34.17849839002367,178.17811674383015
1182.3692591454683,34.17849839002367,178.17811674383015 1190.0917118267973,82.54728148422299,143.52520133154582
1214.0277582385133,48.7788132525971,210.756166549623 1201.0876211496036,106.1426307536274,222.67024619635657
1214.0277582385133,48.7788132525971,210.756166549623 1180.2468285619918,-0.4303959143476348,216.86374572256855
1214.0277582385133,48.7788132525971,210.756166549623 1168.1977938494208,10.59358600002222,217.19843197132974
1168.1977938494208,10.59358600002222,217.19843197132974 1119.1208337259766,-21.768109870463782,229.20562254315132
1214.0277582385133,48.7788132525971,210.756166549623 1181.2778503867835,57.07316412288857,161.1714180946425
1237.8730567299933,90.53886434262547,246.637915013298 1208.8876362715168,117.74955320338353,201.69991536302035
1237.8730567299933,90.53886434262547,246.637915013298 1190.3169237811892,109.84232118984747,277.71508947789675
1190.3169237811892,109.84232118984747,277.71508947789675 1240.537760266905,94.80424016093117,248.53078373589312
1190.3169237811892,109.84232118984747,277.71508947789675 1169.1973141079814,148.3104018671324,236.7984809153919
1169.1973141079814,148.3104018671324,236.7984809153919 1219.3340351466284,130.12224661642233,264.28484502687377
1200.0,0.0,280.0 1239.7370831156013,36.04808782293748,306.8607444009578
1239.7370831156013,36.04808782293748,306.8607444009578 1232.3876568241744,-20.347357163880325,325.9798374214358
1200.0,0.0,280.0 1150.0620396050058,9.810216289839035,311.77986418999564
目标树
2280.0,0.0,-200.0 2225.1713070827846,0.0,-175.63169203679314
2225.1713070827846,0.0,-175.63169203679314 2170.342614165569,0.0,-151.26338407358628
2170.342614165569,0.0,-151.26338407358628 2115.5139212483537,0.0,-126.89507611037942
2115.5139212483537,0.0,-126.89507611037942 2060.685228331138,0.0,-102.52676814717256
2060.685228331138,0.0,-102.52676814717256 2005.8565354139228,0.0,-78.1584601839657
2005.8565354139228,0.0,-78.1584601839657 1951.0278424967073,0.0,-53.79015222075884
1951.0278424967073,0.0,-53.79015222075884 1973.7247002739477,0.0,-109.33160203114565
1951.0278424967073,0.0,-53.79015222075884 1990.8922347322768,28.383114099494556,-88.50656139140514
1990.8922347322768,28.383114099494556,-88.50656139140514 2007.775909268773,69.03825554232607,-129.27543442475059
2007.775909268773,69.03825554232607,-129.27543442475059 2065.9502335917373,64.5160551297025,-143.25032952255373
2065.9502335917373,64.5160551297025,-143.25032952255373 2021.6764813777465,79.13440769632857,-105.48607879343194
2021.6764813777465,79.13440769632857,-105.48607879343194 1964.088025654279,89.15149320026816,-91.9499137016134
1964.088025654279,89.15149320026816,-91.9499137016134 1993.1008114583863,126.41210411448928,-54.93768417968351
2007.775909268773,69.03825554232607,-129.27543442475059 2027.866145759025,125.18731189981447,-122.66741899427973
1990.8922347322768,28.383114099494556,-88.50656139140514 2045.0905963325974,53.78390249902932,-92.67039958746456
2045.0905963325974,53.78390249902932,-92.67039958746456 2042.4701311479491,9.574125492097501,-133.1503795678624
1951.0278424967073,0.0,-53.79015222075884 1974.2264495248824,0.4594277135644537,-109.12200162169896
1974.2264495248824,0.4594277135644537,-109.12200162169896 1994.9596149686304,11.352914434554629,-53.88190931781354
1994.9596149686304,11.352914434554629,-53.88190931781354 2022.5925862488475,-30.361987400354906,-20.77170147898292
1951.0278424967073,0.0,-53.79015222075884 1974.1898897589977,0.8538274945834725,-109.1326363105512
1974.1898897589977,0.8538274945834725,-109.1326363105512 1963.0377972296217,-31.45724909837512,-158.44414776193747
1963.0377972296217,-31.45724909837512,-158.44414776193747 1999.5942025034515,10.148184757818978,-181.52264656695857
1974.1898897589977,0.8538274945834725,-109.1326363105512 2018.7092840560297,33.2026451050945,-133.04032399939467
1951.0278424967073,0.0,-53.79015222075884 1969.6372601512808,-36.00274088352579,-98.033707948473
1951.0278424967073,0.0,-53.79015222075884 1958.483710853634,-50.120259582206224,-21.659643254101525
1958.483710853634,-50.120259582206224,-21.659643254101525 1991.4227278506005,-75.25700427505225,-65.05509492268342
1991.4227278506005,-75.25700427505225,-65.05509492268342 2023.6990751134042,-100.62878402549825,-108.81021119113555
2023.6990751134042,-100.62878402549825,-108.81021119113555 1970.3267686254499,-87.64491981052284,-84.66862528210811
1958.483710853634,-50.120259582206224,-21.659643254101525 1996.2599246990312,-95.9833099451489,-13.320681753231366
1958.483710853634,-50.120259582206224,-21.659643254101525 1938.1669843594207,-93.582300759422,-57.69131822584456
1938.1669843594207,-93.582300759422,-57.69131822584456 1942.2713549566904,-131.20828787463876,-104.24708302039832
1938.1669843594207,-93.582300759422,-57.69131822584456 1988.9456226673403,-76.92700748819372,-30.412551801336807
1988.9456226673403,-76.92700748819372,-30.412551801336807 2027.3898723632733,-122.39612703591516,-23.02344949647145
2027.3898723632733,-122.39612703591516,-23.02344949647145 2068.9582160507116,-163.05843150428746,-37.81026113402146
1988.9456226673403,-76.92700748819372,-30.412551801336807 1985.6514137101105,-85.18358012720665,-89.7503744408878
1938.1669843594207,-93.582300759422,-57.69131822584456 1987.7664414903354,-92.79503947067052,-91.44445248004055
1938.1669843594207,-93.582300759422,-57.69131822584456 1971.110649470575,-119.77092061547843,-14.926015478417668
1938.1669843594207,-93.582300759422,-57.69131822584456 1934.8608238114157,-132.68938876794223,-12.307345615189732
1934.8608238114157,-132.68938876794223,-12.307345615189732 1932.4718845415614,-186.01610491090952,-39.70359197435984
1934.8608238114157,-132.68938876794223,-12.307345615189732 1933.6935410583114,-185.54127824349723,-40.68542218563442
1934.8608238114157,-132.68938876794223,-12.307345615189732 1979.8199108740382,-100.32021652920916,-35.348985727707095
1979.8199108740382,-100.32021652920916,-35.348985727707095 1951.9641466199434,-152.93410161930296,-42.8213008673875
1934.8608238114157,-132.68938876794223,-12.307345615189732 1932.6431075812857,-168.7099327715816,-60.24065495644528
1934.8608238114157,-132.68938876794223,-12.307345615189732 1941.7991767640194,-80.64683883115659,16.73455952862389
1941.7991767640194,-80.64683883115659,16.73455952862389 1970.2913780567135,-125.99072169278591,-10.32328134102859
1970.2913780567135,-125.99072169278591,-10.32328134102859 1993.9453075809433,-173.68783278981203,-37.99054016912207
1993.9453075809433,-173.68783278981203,-37.99054016912207 1936.4046316656722,-162.66589804022718,-25.04497839723909
1993.9453075809433,-173.68783278981203,-37.99054016912207 1974.7604257969124,-159.39906923739878,17.034649944824665
1993.9453075809433,-173.68783278981203,-37.99054016912207 1948.6012935083168,-138.77667020994878,-56.021932658439106
1948.6012935083168,-138.77667020994878,-56.021932658439106 1982.3703598074478,-166.27668527551853,-14.749674025329114
1941.7991767640194,-80.64683883115659,16.73455952862389 1973.9735128734478,-31.018010173411106,26.82373501414648
1973.9735128734478,-31.018010173411106,26.82373501414648 2017.2349779909573,0.3183706865400957,54.14546392149418
1941.7991767640194,-80.64683883115659,16.73455952862389 1940.503980762756,-127.6732725289551,53.9748200135463
1940.503980762756,-127.6732725289551,53.9748200135463 1953.232844104157,-186.1731449620525,50.00733172153208
1940.503980762756,-127.6732725289551,53.9748200135463 1940.4830577377188,-168.28677310442583,98.13977368988634
1940.503980762756,-127.6732725289551,53.9748200135463 1954.7701233946846,-149.9443734382503,107.83088038462674
1954.7701233946846,-149.9443734382503,107.83088038462674 2010.073224462399,-132.64425626062126,123.39600029853901
1940.503980762756,-127.6732725289551,53.9748200135463 1953.4944343574768,-168.61641430319438,95.86643322022468
1940.503980762756,-127.6732725289551,53.9748200135463 1930.5079604014513,-184.26364811464146,71.22616685973006
1930.5079604014513,-184.26364811464146,71.22616685973006 1955.5579118211624,-226.7991203434807,105.33237650166706
1930.5079604014513,-184.26364811464146,71.22616685973006 1937.1631562561486,-140.52634912657786,30.695227500219126
1937.1631562561486,-140.52634912657786,30.695227500219126 1997.1189761064286,-138.23489592595487,30.474075267310745
1930.5079604014513,-184.26364811464146,71.22616685973006 1979.5895051859632,-178.90993067399714,105.31926984452305
1930.5079604014513,-184.26364811464146,71.22616685973006 1954.4135674422696,-222.8576940910048,110.45653223126754
1930.5079604014513,-184.26364811464146,71.22616685973006 1951.3815816692934,-224.3629282177594,110.67663796437446
1951.3815816692934,-224.3629282177594,110.67663796437446 1984.253055367559,-264.29926752280664,141.08313430670842
1940.503980762756,-127.6732725289551,53.9748200135463 1973.2353903712383,-84.80696578228307,27.68538162201767
1941.7991767640194,-80.64683883115659,16.73455952862389 1986.354503267491,-114.08375701422892,-5.554347635873199
1986.354503267491,-114.08375701422892,-5.554347635873199 1935.3940744939864,-136.5542190736837,16.764098413419045
1941.7991767640194,-80.64683883115659,16.73455952862389 1976.2036628600936,-45.23775654856599,50.83042772947431
1941.7991767640194,-80.64683883115659,16.73455952862389 1946.6797540597145,-134.56163750450327,-9.13771229418365
1934.8608238114157,-132.68938876794223,-12.307345615189732 1984.1797019390765,-161.8473344789793,-30.124821927539788
1934.8608238114157,-132.68938876794223,-12.307345615189732 1969.471455970816,-181.2131189628272,-5.4115679577608145
1938.1669843594207,-93.582300759422,-57.69131822584456 1965.4916796967673,-50.9920262669201,-89.93150345134418
1938.1669843594207,-93.582300759422,-57.69131822584456 1940.0962586169076,-124.93106155216822,-6.568592383039807
1958.483710853634,-50.120259582206224,-21.659643254101525 2006.607153816838,-77.62697992512362,-44.627328669566666
2006.607153816838,-77.62697992512362,-44.627328669566666 1998.3589730647138,-129.49492360619715,-73.63911821411686
1958.483710853634,-50.120259582206224,-21.659643254101525 1943.5427834586956,7.582552618080271,-28.52653139631304
1943.5427834586956,7.582552618080271,-28.52653139631304 1972.8171709824476,11.84701914623728,-80.72638350663442
1943.5427834586956,7.582552618080271,-28.52653139631304 1973.7426472263408,42.05460345845836,10.198730891682608
1951.0278424967073,0.0,-53.79015222075884 1978.2222844214618,-24.28976668529593,-101.43959673772085
1978.2222844214618,-24.28976668529593,-101.43959673772085 1988.6377376536714,4.351578479895103,-49.756024095187286
1951.0278424967073,0.0,-53.79015222075884 1974.0485662477633,-0.016101876551734985,-109.19814820245031
2005.8565354139228,0.0,-78.1584601839657 1974.8800025654273,-46.227272512845644,-55.71979514548393
1974.8800025654273,-46.227272512845644,-55.71979514548393 2016.4177802494503,-52.572467974466484,-12.89046501265895
2016.4177802494503,-52.572467974466484,-12.89046501265895 1968.4714737156926,-18.32334509856652,-1.570161483051331
1968.4714737156926,-18.32334509856652,-1.570161483051331 2013.350028828183,-28.857930881773395,-39.97508035279282
2013.350028828183,-28.857930881773395,-39.97508035279282 2054.7930651436022,-39.67471662386806,-81.99259916540771
2054.7930651436022,-39.67471662386806,-81.99259916540771 1999.727170891094,-30.897446871759087,-59.840695728676295
1999.727170891094,-30.897446871759087,-59.840695728676295 2035.880733034651,-41.983227824350294,-106.4242272071196
2035.880733034651,-41.983227824350294,-106.4242272071196 1981.6330886271667,-32.9745283525605,-82.4234686760627
2035.880733034651,-41.983227824350294,-106.4242272071196 2008.6356113959746,10.416861004545346,-95.84433885149097
2035.880733034651,-41.983227824350294,-106.4242272071196 1984.4530937483876,-50.28428843039065,-76.653598892339
1999.727170891094,-30.897446871759087,-59.840695728676295 1957.7089354538,-72.80462106373406,-68.68697415407081
2054.7930651436022,-39.67471662386806,-81.99259916540771 2031.836802000304,-47.757141580588424,-27.150239722048312
2016.4177802494503,-52.572467974466484,-12.89046501265895 1986.564514141381,-94.2641988561048,18.26370130219936
1986.564514141381,-94.2641988561048,18.26370130219936 1940.4066492364034,-58.756301995309954,3.819298651450003
1940.4066492364034,-58.756301995309954,3.819298651450003 1970.7864333909179,-94.602107747154,-33.49218650695901
1970.7864333909179,-94.602107747154,-33.49218650695901 1977.075906273935,-136.46276906316558,-76.014269770129
1977.075906273935,-136.46276906316558,-76.014269770129 1938.6488757772383,-153.93525792238813,-33.37537367430732
1940.4066492364034,-58.756301995309954,3.819298651450003 1959.3769157784227,-113.44754478743891,19.598935820192153
1940.4066492364034,-58.756301995309954,3.819298651450003 1980.5847477488358,-60.62934669700857,48.341339299546064
1980.5847477488358,-60.62934669700857,48.341339299546064 1948.302483626598,-10.304662879424711,53.369422612528425
1986.564514141381,-94.2641988561048,18.26370130219936 1935.6503662027535,-124.75106253141084,27.112468613347634
1935.6503662027535,-124.75106253141084,27.112468613347634 1945.3766594033875,-181.7435347477172,11.073225138393859
1945.3766594033875,-181.7435347477172,11.073225138393859 1981.3764461986357,-202.73223151592208,-32.094933945229634
1935.6503662027535,-124.75106253141084,27.112468613347634 1979.0505431722252,-105.57879358269273,63.839144781720876
1935.6503662027535,-124.75106253141084,27.112468613347634 1945.3927960117467,-181.46043912476665,10.108596471691513
1986.564514141381,-94.2641988561048,18.26370130219936 2022.588457314087,-114.68675755031938,61.68252918447892
1986.564514141381,-94.2641988561048,18.26370130219936 2017.4086207596988,-66.21205517962123,61.41133532854869
2017.4086207596988,-66.21205517962123,61.41133532854869 1996.0917716916358,-80.29997285567259,115.69874198388838
1986.564514141381,-94.2641988561048,18.26370130219936 1945.1306159586586,-136.54984579776712,28.018502382122303
1986.564514141381,-94.2641988561048,18.26370130219936 1939.7153436967942,-63.115156086806365,39.11777436264629
1939.7153436967942,-63.115156086806365,39.11777436264629 1974.9215745153183,-108.07600756945652,20.704650089240715
1974.9215745153183,-108.07600756945652,20.704650089240715 1946.5993292488736,-159.34604395844184,7.695661206953625
1939.7153436967942,-63.115156086806365,39.11777436264629 1943.3643914156764,-97.69669303239098,88.01359988207572
1943.3643914156764,-97.69669303239098,88.01359988207572 1970.8068570466774,-149.61342998321652,100.32471292964857
1943.3643914156764,-97.69669303239098,88.01359988207572 1963.0790147972014,-47.17915822114126,62.33652252660555
1943.3643914156764,-97.69669303239098,88.01359988207572 1905.504224428056,-85.18913346139094,132.8485049142867
1905.504224428056,-85.18913346139094,132.8485049142867 1913.2958655952714,-131.70376692193568,169.93865457632668
1913.2958655952714,-131.70376692193568,169.93865457632668 1917.2309368721578,-178.39134815365992,207.41911578983064
1917.2309368721578,-178.39134815365992,207.41911578983064 1858.990060653168,-165.56117618260095,200.83223303412902
1858.990060653168,-165.56117618260095,200.83223303412902 1800.7491844341782,-152.73100421154197,194.2453502784274
1800.7491844341782,-152.73100421154197,194.2453502784274 1831.5318935973671,-184.7173330297614,234.60993358244875
1831.5318935973671,-184.7173330297614,234.60993358244875 1774.3262385076152,-169.66782138459968,224.55880304929488
1774.3262385076152,-169.66782138459968,224.55880304929488 1717.1205834178634,-154.61830973943796,214.507672516141
1717.1205834178634,-154.61830973943796,214.507672516141 1659.9149283281115,-139.56879809427625,204.45654198298715
1659.9149283281115,-139.56879809427625,204.45654198298715 1644.1308265359826,-170.673670429256,253.27609797892308
1644.1308265359826,-170.673670429256,253.27609797892308 1681.2373008188829,-204.40140429587956,286.2237767213575
1659.9149283281115,-139.56879809427625,204.45654198298715 1684.9161468861303,-85.35250234585337,198.49564054665032
1659.9149283281115,-139.56879809427625,204.45654198298715 1696.5770179059593,-144.03074931673999,251.74271521654688
1696.5770179059593,-144.03074931673999,251.74271521654688 1659.6986084864702,-189.91631427739588,240.14539453761552
1659.9149283281115,-139.56879809427625,204.45654198298715 1708.8767050432666,-165.02228471183946,228.01210268327247
1659.9149283281115,-139.56879809427625,204.45654198298715 1642.6973852976212,-184.67588733511644,168.83482512076822
1642.6973852976212,-184.67588733511644,168.83482512076822 1622.7303679176382,-229.40500412133508,203.48485150563945
1622.7303679176382,-229.40500412133508,203.48485150563945 1570.3449511062634,-201.9029559603653,193.51462320081995
1570.3449511062634,-201.9029559603653,193.51462320081995 1565.999213913484,-204.0387797027421,133.710335518474
1565.999213913484,-204.0387797027421,133.710335518474 1510.4218671580193,-183.27933176443702,124.7546753574563
1510.4218671580193,-183.27933176443702,124.7546753574563 1452.4329053466124,-193.93017236374834,135.88301317418606
1452.4329053466124,-193.93017236374834,135.88301317418606 1400.5078208998034,-166.91708039288596,122.68913325334864
1400.5078208998034,-166.91708039288596,122.68913325334864 1436.9128173533718,-206.72794795444094,148.95262611343867
1400.5078208998034,-166.91708039288596,122.68913325334864 1405.7776195594793,-217.2712839976342,154.88670150652635
1400.5078208998034,-166.91708039288596,122.68913325334864 1441.5366374633966,-173.09415191179346,166.03056838004147
1400.5078208998034,-166.91708039288596,122.68913325334864 1373.6329361838368,-173.41474393698817,175.93874301690613
1373.6329361838368,-173.41474393698817,175.93874301690613 1322.0925173649434,-161.2649294329637,147.72585171716776
1322.0925173649434,-161.2649294329637,147.72585171716776 1270.55209854605,-149.11511492893922,119.51296041742938
1270.55209854605,-149.11511492893922,119.51296041742938 1219.0116797271567,-136.96530042491472,91.30006911769101
1622.7303679176382,-229.40500412133508,203.48485150563945 1675.1163656920962,-254.06578848356267,187.75103595396232
1642.6973852976212,-184.67588733511644,168.83482512076822 1688.817805883862,-185.03474571177588,130.45803492651478
1717.1205834178634,-154.61830973943796,214.507672516141 1685.9148323713493,-103.42610107969045,216.86539899727887
1939.7153436967942,-63.115156086806365,39.11777436264629 1970.3413019451702,-36.125451145345025,-4.8550184590699885
1939.7153436967942,-63.115156086806365,39.11777436264629 1973.7989684047673,-23.737207630774563,9.323753114077807
1939.7153436967942,-63.115156086806365,39.11777436264629 1974.9199099498223,-108.07022423454971,20.68735486747726
1974.9199099498223,-108.07022423454971,20.68735486747726 1947.2273383987028,-157.83822878507095,1.8123130411548836
1939.7153436967942,-63.115156086806365,39.11777436264629 1955.4732663629122,-107.07762996015606,1.4483070955917512
1939.7153436967942,-63.115156086806365,39.11777436264629 1976.3489931011213,-107.99272050945513,54.73763168631785
1939.7153436967942,-63.115156086806365,39.11777436264629 1988.6495136190217,-83.6705788756001,67.09851073602475
1939.7153436967942,-63.115156086806365,39.11777436264629 1950.375808062293,-35.64295903563402,91.38279984521435
1939.7153436967942,-63.115156086806365,39.11777436264629 1979.9578910946905,-19.874087649384315,28.594116285805715
1939.7153436967942,-63.115156086806365,39.11777436264629 1968.0725256490257,-105.03904689494661,71.33977944046796
1986.564514141381,-94.2641988561048,18.26370130219936 1951.4360215926945,-48.531409544142306,34.83177279542139
1986.564514141381,-94.2641988561048,18.26370130219936 2007.409919006779,-58.078148400730925,-24.818068025890927
1986.564514141381,-94.2641988561048,18.26370130219936 1946.3088018763112,-52.17200710675636,32.67637016566766
2016.4177802494503,-52.572467974466484,-12.89046501265895 2033.8160845852601,-87.04030064999066,33.03629752173495
2033.8160845852601,-87.04030064999066,33.03629752173495 2069.342267550758,-54.43725756645979,68.74248613933136
2033.8160845852601,-87.04030064999066,33.03629752173495 2063.4752709727372,-125.17324085223561,68.62016373052253
2016.4177802494503,-52.572467974466484,-12.89046501265895 1999.1440797933935,-107.07542284895933,-31.085167057579074
1974.8800025654273,-46.227272512845644,-55.71979514548393 1982.9702041424605,-97.45924195695824,-25.556341342570658
2005.8565354139228,0.0,-78.1584601839657 2019.9979599131457,57.50789941875681,-87.79493347946786
2019.9979599131457,57.50789941875681,-87.79493347946786 1990.804045322626,92.27239224056595,-48.56298999302022
2019.9979599131457,57.50789941875681,-87.79493347946786 1960.0206177583573,56.77364382115273,-86.31868933813617
2280.0,0.0,-200.0 2325.5047677526272,15.488251367395554,-235.90863658452997
2325.5047677526272,15.488251367395554,-235.90863658452997 2276.9605174893013,50.44399122504454,-231.26622154751215
2325.5047677526272,15.488251367395554,-235.90863658452997 2358.5673308497926,55.87025795304544,-265.5086444487601
2280.0,0.0,-200.0 2284.0757371672485,1.8943091443396844,-259.8314295283773
2284.0757371672485,1.8943091443396844,-259.8314295283773 2262.669252400713,-43.560198546256416,-292.6285352016775
