起始树
1200.0,0.0,280.0 1258.6140010437757,0.0,267.17818727167406
1258.6140010437757,0.0,267.17818727167406 1317.2280020875514,0.0,254.35637454334812
1317.2280020875514,0.0,254.35637454334812 1375.8420031313271,0.0,241.5345618150222
1375.8420031313271,0.0,241.5345618150222 1434.4560041751029,0.0,228.71274908669625
1434.4560041751029,0.0,228.71274908669625 1493.0700052188786,0.0,215.8909363583703
1493.0700052188786,0.0,215.8909363583703 1551.6840062626543,0.0,203.06912363004437
1551.6840062626543,0.0,203.06912363004437 1611.4565481502318,0.0,197.84961826096918
1611.4565481502318,0.0,197.84961826096918 1653.5761780440573,0.0,240.58059973351635
1653.5761780440573,0.0,240.58059973351635 1711.184783801759,0.0,223.81013335199614
1711.184783801759,0.0,223.81013335199614 1768.7933895594608,0.0,207.03966697047593
1768.7933895594608,0.0,207.03966697047593 1733.1661176871899,16.99572816483677,161.85291312505944
1733.1661176871899,16.99572816483677,161.85291312505944 1753.922322031809,-31.872892712519118,189.79996797435737
1753.922322031809,-31.872892712519118,189.79996797435737 1768.5279668328287,-82.79573966769209,217.96978866825737
1768.5279668328287,-82.79573966769209,217.96978866825737 1739.314439991977,-128.8895200079134,193.03119882307442
1739.314439991977,-128.8895200079134,193.03119882307442 1727.2036800982323,-163.7147357061769,240.36547653347674
1739.314439991977,-128.8895200079134,193.03119882307442 1793.8585549424822,-104.32456982484891,197.6683042531494
1793.8585549424822,-104.32456982484891,197.6683042531494 1764.211517236604,-136.8801772983516,238.4259486563464
1764.211517236604,-136.8801772983516,238.4259486563464 1788.4787022934906,-155.8370380431909,186.93088908636827
1788.4787022934906,-155.8370380431909,186.93088908636827 1761.2686747596013,-118.72523999613668,225.43191306391526
1788.4787022934906,-155.8370380431909,186.93088908636827 1823.3220017520694,-137.4921016883857,232.2012744721583
1788.4787022934906,-155.8370380431909,186.93088908636827 1733.9952957963214,-164.99160239538168,163.52677902027497
1733.9952957963214,-164.99160239538168,163.52677902027497 1772.8032389819896,-178.37266189367293,207.28624419526483
1733.9952957963214,-164.99160239538168,163.52677902027497 1720.9160545884258,-179.8042504318533,220.17939509026155
1733.9952957963214,-164.99160239538168,163.52677902027497 1742.0844877916854,-205.26484553721644,207.2604143562586
1742.0844877916854,-205.26484553721644,207.2604143562586 1727.8014263808648,-247.99117065267106,167.63144390706324
1788.4787022934906,-155.8370380431909,186.93088908636827 1730.5165827931307,-171.03700414034026,189.98927651629128
1788.4787022934906,-155.8370380431909,186.93088908636827 1769.060905514349,-111.84834160005266,222.81882234362627
1788.4787022934906,-155.8370380431909,186.93088908636827 1759.2116457783147,-189.14161172674687,227.35668251944873
1788.4787022934906,-155.8370380431909,186.93088908636827 1785.7122187554226,-120.9146157551177,235.6419862857446
1764.211517236604,-136.8801772983516,238.4259486563464 1786.6273298130445,-123.6189807946181,292.4784417887382
1764.211517236604,-136.8801772983516,238.4259486563464 1813.4852852036315,-110.39964428583852,216.72624447161752
1764.211517236604,-136.8801772983516,238.4259486563464 1802.808904675382,-165.48257083631034,274.3723638712269
1764.211517236604,-136.8801772983516,238.4259486563464 1717.057824485542,-173.31139854907073,231.40488191976098
1768.5279668328287,-82.79573966769209,217.96978866825737 1739.2210412420154,-128.88607925686478,242.80493934163297
1768.5279668328287,-82.79573966769209,217.96978866825737 1786.4493178539121,-28.155187108616786,200.84567719881045
1768.5279668328287,-82.79573966769209,217.96978866825737 1742.8317892045206,-136.1248247020186,227.75320037869923
1753.922322031809,-31.872892712519118,189.79996797435737 1716.2620179923986,-77.40689249265336,179.39053169366014
1753.922322031809,-31.872892712519118,189.79996797435737 1789.0232307421336,-75.53739381153196,211.2787377595143
1733.1661176871899,16.99572816483677,161.85291312505944 1716.8797981487469,-37.492729849879574,180.97786381964224
1733.1661176871899,16.99572816483677,161.85291312505944 1694.381843303477,61.10378379460088,174.11095085915443
1768.7933895594608,0.0,207.03966697047593 1823.2925463239703,10.820564160913257,229.68381197966033
1823.2925463239703,10.820564160913257,229.68381197966033 1803.6260111127715,60.50155592030408,256.9789846405911
1803.6260111127715,60.50155592030408,256.9789846405911 1817.6729394927745,80.46506930250398,311.78903788382183
1803.6260111127715,60.50155592030408,256.9789846405911 1849.7439106051022,98.49037361998644,262.4552129224999
1849.7439106051022,98.49037361998644,262.4552129224999 1902.2124507992405,106.5230907792284,290.4289102994236
1849.7439106051022,98.49037361998644,262.4552129224999 1831.4177168741044,51.43882065587081,294.86357584010125
1823.2925463239703,10.820564160913257,229.68381197966033 1862.9767498539525,8.184813886976553,274.6083799874263
1862.9767498539525,8.184813886976553,274.6083799874263 1822.086210334283,51.27138673925104,266.15196126340516
1862.9767498539525,8.184813886976553,274.6083799874263 1868.1849109309792,67.48130323357566,267.07170901381977
1823.2925463239703,10.820564160913257,229.68381197966033 1780.6396036344768,3.7155931268847375,271.28003616566554
1780.6396036344768,3.7155931268847375,271.28003616566554 1757.0374316368038,-43.01889311157544,300.5857569897544
1780.6396036344768,3.7155931268847375,271.28003616566554 1788.216348557502,-3.046373131845913,212.145708159953
1788.216348557502,-3.046373131845913,212.145708159953 1815.7825436553123,37.06015672128588,247.2394561924631
1780.6396036344768,3.7155931268847375,271.28003616566554 1757.2522218816093,46.21404530921566,306.59167641150765
1823.2925463239703,10.820564160913257,229.68381197966033 1866.2045002803343,34.152010763750845,264.52929672396886
1866.2045002803343,34.152010763750845,264.52929672396886 1922.0804709089407,13.338298965915413,271.2125075920897
1922.0804709089407,13.338298965915413,271.2125075920897 1865.491351499668,16.422674213754703,251.51077686066424
1922.0804709089407,13.338298965915413,271.2125075920897 1948.865895355808,40.89461811314262,317.2905968781844
1948.865895355808,40.89461811314262,317.2905968781844 1937.1341255951018,-16.750784533786373,329.0962367149406
1937.1341255951018,-16.750784533786373,329.0962367149406 1937.440422557159,-57.128525711589454,373.4757838008379
1937.440422557159,-57.128525711589454,373.4757838008379 1891.7857919027037,-31.17782631798094,344.45482756594055
1948.865895355808,40.89461811314262,317.2905968781844 1931.3888863672971,82.52959768630916,356.801135127587
1931.3888863672971,82.52959768630916,356.801135127587 1873.8255398292206,68.15623842379729,347.86426325606124
1873.8255398292206,68.15623842379729,347.86426325606124 1890.6634336285854,24.533236824432343,385.46105918155354
1890.6634336285854,24.533236824432343,385.46105918155354 1939.0520618031355,-6.654176086899177,368.5528972683461
1948.865895355808,40.89461811314262,317.2905968781844 1919.6883272633552,80.40571412253573,282.82985381674143
1919.6883272633552,80.40571412253573,282.82985381674143 1938.3397237242696,99.60177073084357,336.52935866314044
1948.865895355808,40.89461811314262,317.2905968781844 1999.4098600207005,30.900553414580507,348.0383822741289
1999.4098600207005,30.900553414580507,348.0383822741289 2023.7364948139552,58.293579824417165,395.5550840088411
2023.7364948139552,58.293579824417165,395.5550840088411 1969.2727226448392,42.59771113953727,415.23596882984543
1969.2727226448392,42.59771113953727,415.23596882984543 1929.9690866939025,31.362926373264763,371.31554291784227
1999.4098600207005,30.900553414580507,348.0383822741289 1950.6500981328772,52.87021235047652,320.83875531192245
1950.6500981328772,52.87021235047652,320.83875531192245 1913.7270135171498,22.48694484630764,357.0815874064201
1950.6500981328772,52.87021235047652,320.83875531192245 1982.43973405214,96.22886961084592,347.47418075809355
1950.6500981328772,52.87021235047652,320.83875531192245 1937.6005373379946,111.35862463637594,323.80769305719673
1937.6005373379946,111.35862463637594,323.80769305719673 1905.9685554713967,74.1783827277687,358.69389856608893
1937.6005373379946,111.35862463637594,323.80769305719673 1978.9048764626805,118.57918920680359,366.7240654197023
1978.9048764626805,118.57918920680359,366.7240654197023 2020.828145605623,89.42569799621556,398.2282469612465
1937.6005373379946,111.35862463637594,323.80769305719673 1907.1697301562185,142.6844554466956,364.94962177120806
1950.6500981328772,52.87021235047652,320.83875531192245 1916.2794090314776,84.23885577514011,358.71571322027677
1999.4098600207005,30.900553414580507,348.0383822741289 2001.9462086591411,79.57838467218184,383.0246035568106
2001.9462086591411,79.57838467218184,383.0246035568106 1968.987104429146,129.32214611713803,389.2900361566878
1968.987104429146,129.32214611713803,389.2900361566878 1951.4947765522923,151.84065931733127,442.08146565714145
1951.4947765522923,151.84065931733127,442.08146565714145 1920.9714446759087,151.0359286301603,493.7310408701602
1951.4947765522923,151.84065931733127,442.08146565714145 1998.6213628006208,177.56751783308005,415.30062139319995
2001.9462086591411,79.57838467218184,383.0246035568106 1993.9119733021307,36.38100267790019,423.8833511033064
1993.9119733021307,36.38100267790019,423.8833511033064 1977.6884044435415,86.14878481320804,453.20848835487175
1999.4098600207005,30.900553414580507,348.0383822741289 1951.948136896925,8.236578124765149,376.91274914484507
1951.948136896925,8.236578124765149,376.91274914484507 1919.2876023115048,48.91914800439328,347.2780062138908
1951.948136896925,8.236578124765149,376.91274914484507 1990.754589115918,1.6261648053123894,331.6318293008201
1999.4098600207005,30.900553414580507,348.0383822741289 1965.8912661812353,-17.246200200137068,335.4529151239335
1965.8912661812353,-17.246200200137068,335.4529151239335 1937.9972488527908,29.28624186116722,309.8276222847912
1937.9972488527908,29.28624186116722,309.8276222847912 1912.814718831149,-17.480386618630043,337.73322463166284
1912.814718831149,-17.480386618630043,337.73322463166284 1944.5612279943045,3.099761779881316,384.30163289143627
1999.4098600207005,30.900553414580507,348.0383822741289 1940.5780203831257,42.160822318438264,344.5712524710354
1940.5780203831257,42.160822318438264,344.5712524710354 1903.167362434694,52.395021158701155,298.7923944035453
1903.167362434694,52.395021158701155,298.7923944035453 1929.6513668653295,15.596403231258932,338.0920028996641
1999.4098600207005,30.900553414580507,348.0383822741289 1991.7397841525126,-11.995968139529204,389.28227121217697
1991.7397841525126,-11.995968139529204,389.28227121217697 1951.0806766305602,-54.96565113293181,399.30441264825754
1951.0806766305602,-54.96565113293181,399.30441264825754 1912.6906959672629,-34.83118598954886,440.7870921429763
1912.6906959672629,-34.83118598954886,440.7870921429763 1938.0400017465433,3.131018328481588,401.8476039616371
1999.4098600207005,30.900553414580507,348.0383822741289 1961.8281973167504,-15.856798761767429,349.2082736637442
1961.8281973167504,-15.856798761767429,349.2082736637442 1918.8623245610192,-1.6958253452531764,388.62147716504677
1961.8281973167504,-15.856798761767429,349.2082736637442 1951.5188806007525,17.28919445579762,300.26891197532024
1961.8281973167504,-15.856798761767429,349.2082736637442 1915.5358202609768,-18.33327479504631,387.2987303817028
1999.4098600207005,30.900553414580507,348.0383822741289 1988.7023805839005,81.32534634008837,378.74164175142477
1988.7023805839005,81.32534634008837,378.74164175142477 1940.8504067585268,45.65626650899044,372.5849100682587
1940.8504067585268,45.65626650899044,372.5849100682587 1966.4622320621381,12.6770100952874,329.4989140716878
1999.4098600207005,30.900553414580507,348.0383822741289 2029.8873024969591,15.350314680871499,397.32646983523233
1999.4098600207005,30.900553414580507,348.0383822741289 1964.5856503180235,76.77924467011718,364.84374175445856
1999.4098600207005,30.900553414580507,348.0383822741289 1992.0328790519138,85.38584455249978,372.05781610180964
1999.4098600207005,30.900553414580507,348.0383822741289 1974.3764372348328,-14.02515806008251,317.1351754483102
1974.3764372348328,-14.02515806008251,317.1351754483102 1989.8365975463655,-12.276889722400071,375.0827983586692
1999.4098600207005,30.900553414580507,348.0383822741289 1954.1854982342602,41.62109185529731,310.0933278328678
1954.1854982342602,41.62109185529731,310.0933278328678 1956.852606859019,2.127293302913486,355.18353084291715
1999.4098600207005,30.900553414580507,348.0383822741289 1948.689876327265,9.461020609866708,371.8675594998164
1948.689876327265,9.461020609866708,371.8675594998164 2008.0209020613136,16.65392271130687,377.16770522467823
1948.689876327265,9.461020609866708,371.8675594998164 1989.8231540334968,-32.852078630985915,382.7144529618063
1999.4098600207005,30.900553414580507,348.0383822741289 1959.9164948603752,-5.498555534571615,374.7849516994019
1959.9164948603752,-5.498555534571615,374.7849516994019 1919.577882393199,-8.456381859521326,419.1025284343093
1919.577882393199,-8.456381859521326,419.1025284343093 1917.0717232447248,25.792600239180924,369.9016504794873
1919.577882393199,-8.456381859521326,419.1025284343093 1881.0100872897297,9.908693270723713,376.9688222560337
1959.9164948603752,-5.498555534571615,374.7849516994019 2000.7922949179595,-46.32018180670476,358.57496100999435
1999.4098600207005,30.900553414580507,348.0383822741289 1959.5658049974995,30.09207174671586,392.8914494680328
1999.4098600207005,30.900553414580507,348.0383822741289 2034.937994231161,30.197293037140795,396.3835692565476
1999.4098600207005,30.900553414580507,348.0383822741289 2004.7249800493348,85.60973918597607,372.09362060826606
1999.4098600207005,30.900553414580507,348.0383822741289 1940.0513304049762,27.66147772576124,356.1669338389075
1999.4098600207005,30.900553414580507,348.0383822741289 1964.2626813002307,-7.1690670270234165,317.78313764739397
1964.2626813002307,-7.1690670270234165,317.78313764739397 1993.8393389018036,33.34151151195571,350.70902945849804
1993.8393389018036,33.34151151195571,350.70902945849804 1970.5606550784287,77.80968499497142,317.83526443932567
1993.8393389018036,33.34151151195571,350.70902945849804 1964.7802319769833,-19.035502871996037,347.21379427969134
1999.4098600207005,30.900553414580507,348.0383822741289 1943.3855902187977,16.997595976630812,364.4087508601494
1999.4098600207005,30.900553414580507,348.0383822741289 1941.1442506558287,41.00456552085497,358.18863865987737
1999.4098600207005,30.900553414580507,348.0383822741289 1967.7441355013536,-6.926314927612928,382.19112626472497
1999.4098600207005,30.900553414580507,348.0383822741289 1957.1359865198947,-9.87500397645784,360.29699307176804
1957.1359865198947,-9.87500397645784,360.29699307176804 1929.6699404811393,-41.429564129980236,317.2862264137008
1999.4098600207005,30.900553414580507,348.0383822741289 1980.4990177408217,28.129804167988166,404.91283165940257
1980.4990177408217,28.129804167988166,404.91283165940257 1940.4868603882758,63.93298739602649,378.1330009143321
1980.4990177408217,28.129804167988166,404.91283165940257 1942.7407248171817,2.1397812467013893,366.1981054684092
1999.4098600207005,30.900553414580507,348.0383822741289 2004.4784467147501,-3.588801297067448,396.87273330390127
1999.4098600207005,30.900553414580507,348.0383822741289 1985.7004666016019,49.39366341012145,403.44648109346394
1999.4098600207005,30.900553414580507,348.0383822741289 1983.757718883584,23.3809521812553,405.47065608524974
1999.4098600207005,30.900553414580507,348.0383822741289 2001.7316389445073,84.12598163416769,375.63662738990644
1999.4098600207005,30.900553414580507,348.0383822741289 1951.1944784501218,48.71580222909401,317.0885213749186
1999.4098600207005,30.900553414580507,348.0383822741289 1966.5944646043117,68.94629891305499,315.2409574799265
1999.4098600207005,30.900553414580507,348.0383822741289 2009.2458546519254,-9.319217157128243,391.4621460996384
1999.4098600207005,30.900553414580507,348.0383822741289 1981.5193113976297,1.775137047790345,397.35002787054606
1981.5193113976297,1.775137047790345,397.35002787054606 2016.0607485999656,-47.17312988318417,394.04000061217516
1981.5193113976297,1.775137047790345,397.35002787054606 1942.908267247681,46.6079949267851,387.39000156272147
1981.5193113976297,1.775137047790345,397.35002787054606 1993.4125213864206,33.48728555494235,446.8766994044061
1999.4098600207005,30.900553414580507,348.0383822741289 2017.1554145549408,3.9840425356985456,398.6407215123433
2017.1554145549408,3.9840425356985456,398.6407215123433 1999.3040727679788,10.60125963613514,455.54012427063907
1999.4098600207005,30.900553414580507,348.0383822741289 1947.4380861201273,55.609666952687434,365.0205619277731
1999.4098600207005,30.900553414580507,348.0383822741289 1947.9042916521614,45.764326220479305,374.98730961842887
1999.4098600207005,30.900553414580507,348.0383822741289 1966.9090911577537,-16.45704570957465,365.386518442407
1999.4098600207005,30.900553414580507,348.0383822741289 1986.4906296168672,62.73913317405809,397.2257620038121
1986.4906296168672,62.73913317405809,397.2257620038121 1964.1770176916739,106.89682320897208,363.2816736579407
1999.4098600207005,30.900553414580507,348.0383822741289 1950.5167106424644,59.79999771595793,367.38475306942485
1999.4098600207005,30.900553414580507,348.0383822741289 1963.735929521753,32.13944400525763,396.2653024832879
1999.4098600207005,30.900553414580507,348.0383822741289 1974.2117489283883,-22.389579633435062,359.2284187845379
1999.4098600207005,30.900553414580507,348.0383822741289 1974.903016599046,60.50455001435793,394.11460185459
1999.4098600207005,30.900553414580507,348.0383822741289 1961.1388740376697,74.99458940897671,361.86038001727536
1999.4098600207005,30.900553414580507,348.0383822741289 1982.8677279669746,87.14492067164855,335.2740170737302
1982.8677279669746,87.14492067164855,335.2740170737302 1970.5621590653057,144.11236405905765,321.01626942872616
1999.4098600207005,30.900553414580507,348.0383822741289 1946.264296893557,15.962342145913588,371.54155150705327
1999.4098600207005,30.900553414580507,348.0383822741289 1959.488427413075,51.88328652731557,308.4656122210414
1999.4098600207005,30.900553414580507,348.0383822741289 2005.6962943891772,-2.5471561103056217,397.45226160443116
2005.6962943891772,-2.5471561103056217,397.45226160443116 2023.2368531715633,10.507800549631302,453.32619921588673
1999.4098600207005,30.900553414580507,348.0383822741289 2029.714249277339,-0.09608535496089132,389.5215400224574
1999.4098600207005,30.900553414580507,348.0383822741289 2026.203290901985,-15.83698676218075,374.45266628553946
2026.203290901985,-15.83698676218075,374.45266628553946 2012.5846012034974,-31.131583823161435,430.84953314566343
2026.203290901985,-15.83698676218075,374.45266628553946 1988.7698231534073,-1.2219082156994006,329.8978127744306
2026.203290901985,-15.83698676218075,374.45266628553946 1986.3189983662878,-15.262524338597592,419.2735676804337
2026.203290901985,-15.83698676218075,374.45266628553946 1987.3048751257065,28.40565523860886,385.8325555154812
1987.3048751257065,28.40565523860886,385.8325555154812 1954.650685733793,2.275280886554164,342.8103815655456
1954.650685733793,2.275280886554164,342.8103815655456 1973.9260847328171,-51.66490872834952,360.6685712200613
2026.203290901985,-15.83698676218075,374.45266628553946 2051.5986959308457,-32.60976912381608,426.1609555172412
2026.203290901985,-15.83698676218075,374.45266628553946 1986.9926747345578,8.187887634035903,335.9126482521145
2026.203290901985,-15.83698676218075,374.45266628553946 1991.963377433796,31.70802646472587,387.3793844670507
1991.963377433796,31.70802646472587,387.3793844670507 1996.673738316731,-8.55153320189303,343.14161377499994
2026.203290901985,-15.83698676218075,374.45266628553946 2041.3371719532483,-13.969600136463175,432.4826457058038
2026.203290901985,-15.83698676218075,374.45266628553946 1985.9371024866,-55.14631430716888,353.63414476124404
2026.203290901985,-15.83698676218075,374.45266628553946 2024.7298537160623,0.4132033385377696,432.1913907652996
2024.7298537160623,0.4132033385377696,432.1913907652996 2019.71468011095,-53.4951357663152,458.05137933193987
2026.203290901985,-15.83698676218075,374.45266628553946 1982.711089031562,8.946703714409363,341.3740166331888
2026.203290901985,-15.83698676218075,374.45266628553946 1981.2761489166091,23.91314974469953,373.23670546780824
2026.203290901985,-15.83698676218075,374.45266628553946 1980.2355858932315,10.950865876983759,402.19038513930644
1980.2355858932315,10.950865876983759,402.19038513930644 1950.7284533868858,-36.7835149535189,380.95932256623917
1980.2355858932315,10.950865876983759,402.19038513930644 1996.1685950065162,67.31187028185958,389.1682346613878
1996.1685950065162,67.31187028185958,389.1682346613878 2018.319498320018,11.637714122395636,392.2868590901245
2026.203290901985,-15.83698676218075,374.45266628553946 1968.0878623022911,-22.2592423030777,387.91935082336516
1968.0878623022911,-22.2592423030777,387.91935082336516 1935.5965520452671,-19.449413618908434,438.28223021431575
2026.203290901985,-15.83698676218075,374.45266628553946 2015.5114056229268,23.328735248631048,418.6310525004214
2015.5114056229268,23.328735248631048,418.6310525004214 1979.2547232904499,16.436271107912482,371.3241087784818
2026.203290901985,-15.83698676218075,374.45266628553946 2022.417877353098,-23.5509945836349,433.8341846864228
2022.417877353098,-23.5509945836349,433.8341846864228 2061.2485789927773,-65.84996866129761,451.24031585183184
2026.203290901985,-15.83698676218075,374.45266628553946 1980.4608201306498,-22.679258679027992,336.2321262219888
2026.203290901985,-15.83698676218075,374.45266628553946 2051.8921151482473,-22.567578274114172,428.2558580750992
2026.203290901985,-15.83698676218075,374.45266628553946 2001.992552288083,-55.59298995626181,412.3116195965006
2026.203290901985,-15.83698676218075,374.45266628553946 1975.947722057066,-1.4605206360317506,344.99600283230194
2026.203290901985,-15.83698676218075,374.45266628553946 2050.4238769296094,-28.902930593241635,427.7691208214705
2026.203290901985,-15.83698676218075,374.45266628553946 1980.4587617372126,-40.080354539203114,344.1261569196179
2026.203290901985,-15.83698676218075,374.45266628553946 1979.3481752116177,18.424292725636164,389.6435471520326
2026.203290901985,-15.83698676218075,374.45266628553946 1987.31716118927,-27.123532687967156,418.73000582882094
2026.203290901985,-15.83698676218075,374.45266628553946 1980.4535237639182,-54.61424543042225,372.6407565226232
1980.4535237639182,-54.61424543042225,372.6407565226232 1959.1557269163307,-72.64678907732505,319.5254930001531
2026.203290901985,-15.83698676218075,374.45266628553946 1991.2112919862948,28.34798995562398,395.02565450629606
1991.2112919862948,28.34798995562398,395.02565450629606 1931.768929817464,33.91826968286783,389.06096142535677
2026.203290901985,-15.83698676218075,374.45266628553946 2031.2885335215021,-32.88751254186999,431.75379959140696
2026.203290901985,-15.83698676218075,374.45266628553946 1991.062801953805,29.59508518204182,391.8041179636511
2026.203290901985,-15.83698676218075,374.45266628553946 1990.2340563012854,7.039750812241127,416.67670020214763
2026.203290901985,-15.83698676218075,374.45266628553946 1979.0034460146605,-52.83868717237436,376.1987502946255
2026.203290901985,-15.83698676218075,374.45266628553946 2059.873175442672,-20.01141475362207,423.93915965454937
2026.203290901985,-15.83698676218075,374.45266628553946 1988.6455014520313,3.5711246738368274,331.87640926216926
2026.203290901985,-15.83698676218075,374.45266628553946 2014.577922794786,-69.87325806934547,397.7964491750073
2026.203290901985,-15.83698676218075,374.45266628553946 2020.9844831557332,-57.613303715341075,417.2019749061096
2020.9844831557332,-57.613303715341075,417.2019749061096 2060.850679634034,-29.81762390454826,452.38842914931814
2026.203290901985,-15.83698676218075,374.45266628553946 1990.8832873392935,25.260573088441475,400.2109255950501
2026.203290901985,-15.83698676218075,374.45266628553946 1987.0965260797138,-58.409752448939074,358.3834233999536
2026.203290901985,-15.83698676218075,374.45266628553946 2030.7183636734032,36.255051457558885,403.8811163293658
2030.7183636734032,36.255051457558885,403.8811163293658 1989.0444052913238,-3.1105799176674083,386.17156356261006
2026.203290901985,-15.83698676218075,374.45266628553946 1994.3865723903536,33.428491631041084,387.1258293413285
1994.3865723903536,33.428491631041084,387.1258293413285 1998.2557073718845,-26.124394914156554,380.92232237917284
2026.203290901985,-15.83698676218075,374.45266628553946 1997.6847635142537,-46.255988658877115,417.5963555024343
2026.203290901985,-15.83698676218075,374.45266628553946 1991.471038246931,32.615584063901586,381.2363972537437
2026.203290901985,-15.83698676218075,374.45266628553946 1988.0617768767586,30.429469035817895,376.6067265807263
1988.0617768767586,30.429469035817895,376.6067265807263 1974.534330539578,-5.786732193009854,330.722143503752
2026.203290901985,-15.83698676218075,374.45266628553946 1996.2351429349958,-67.55096322677818,369.2015001628858
2026.203290901985,-15.83698676218075,374.45266628553946 1980.8483873728405,-24.14949201840626,336.0621077818236
2026.203290901985,-15.83698676218075,374.45266628553946 1981.8990155545798,-26.113504316777693,413.58736154296264
1981.8990155545798,-26.113504316777693,413.58736154296264 1941.8676464289274,18.266028371215825,418.8738125567406
2026.203290901985,-15.83698676218075,374.45266628553946 2007.1343764472579,-61.89426593461021,407.8458323042206
2026.203290901985,-15.83698676218075,374.45266628553946 1969.2486166613617,-34.5068949339518,371.6959270882045
2026.203290901985,-15.83698676218075,374.45266628553946 1970.7647601353349,6.660454553489718,369.9322193294112
2026.203290901985,-15.83698676218075,374.45266628553946 1974.760644613885,-6.231725296609287,403.80216534524163
2026.203290901985,-15.83698676218075,374.45266628553946 1995.341000898812,-36.07593425386869,421.7591569627049
2026.203290901985,-15.83698676218075,374.45266628553946 1991.4050390498273,-15.801211156489206,423.3308862627425
2026.203290901985,-15.83698676218075,374.45266628553946 2018.5052940482497,-22.67634174511595,433.56242916661756
2026.203290901985,-15.83698676218075,374.45266628553946 1974.4969999914917,-33.7107022512147,399.0898287621014
2026.203290901985,-15.83698676218075,374.45266628553946 2055.03637103642,-0.3893916997430775,424.75202310795015
2026.203290901985,-15.83698676218075,374.45266628553946 2019.929281465937,-49.29922001058465,423.8582909817802
2026.203290901985,-15.83698676218075,374.45266628553946 2046.4296855925456,11.949890029591707,423.63378497940937
2026.203290901985,-15.83698676218075,374.45266628553946 1986.8504463058684,-47.174488536494735,341.7522900684564
2026.203290901985,-15.83698676218075,374.45266628553946 2006.2055605941089,39.49108505021247,386.2380492685447
2026.203290901985,-15.83698676218075,374.45266628553946 2052.821398784525,14.496445266600855,418.852657660637
2026.203290901985,-15.83698676218075,374.45266628553946 1992.0580120234363,30.220307945561515,392.1395409249525
2026.203290901985,-15.83698676218075,374.45266628553946 1980.418431443909,-40.64822578764158,404.2544961358301
2026.203290901985,-15.83698676218075,374.45266628553946 2024.8959998129715,-31.714573817671244,432.2989558753127
2026.203290901985,-15.83698676218075,374.45266628553946 1973.4483157342968,6.223537687182489,392.62533411598366
2026.203290901985,-15.83698676218075,374.45266628553946 1981.8279092753442,-24.147990734902578,413.9716834602542
2026.203290901985,-15.83698676218075,374.45266628553946 2029.4272940882056,-52.0073639336001,422.21572333523534
2026.203290901985,-15.83698676218075,374.45266628553946 2039.7791359013745,-57.4488839714194,415.4910196053342
2039.7791359013745,-57.4488839714194,415.4910196053342 2000.3060651498458,-80.69572623709016,454.23971003636467
2026.203290901985,-15.83698676218075,374.45266628553946 2046.1509716385567,-56.538962081005614,413.76474125465774
2026.203290901985,-15.83698676218075,374.45266628553946 1967.792974340343,-7.767045920321033,385.5482047572711
2026.203290901985,-15.83698676218075,374.45266628553946 1998.1886093277935,29.91936794412878,347.5912884302052
2026.203290901985,-15.83698676218075,374.45266628553946 1987.915962344675,26.824495402147896,356.73040876886625
1987.915962344675,26.824495402147896,356.73040876886625 2031.1518099719835,9.025849267748224,394.3318671944458
2026.203290901985,-15.83698676218075,374.45266628553946 1987.9811992544871,17.28110846967018,342.16856062494656
2026.203290901985,-15.83698676218075,374.45266628553946 2044.0510019663268,-57.94706343327585,413.2882254101132
2026.203290901985,-15.83698676218075,374.45266628553946 1992.0646810105072,-61.277598282860836,355.2249222861999
2026.203290901985,-15.83698676218075,374.45266628553946 2012.2423066766085,35.18194422424535,402.77508850647746
2012.2423066766085,35.18194422424535,402.77508850647746 1993.0157947349726,70.99901081109513,358.6448383409583
2026.203290901985,-15.83698676218075,374.45266628553946 1988.0200808235095,-61.93279732761238,378.60221040734984
2026.203290901985,-15.83698676218075,374.45266628553946 2001.2256022830088,-12.535488217888188,428.9064556726473
2026.203290901985,-15.83698676218075,374.45266628553946 2059.493942890326,-23.20212235865154,423.8235814870705
2026.203290901985,-15.83698676218075,374.45266628553946 2047.3859520420726,-41.62711408988694,424.3141163190565
2026.203290901985,-15.83698676218075,374.45266628553946 2053.3354856075644,-27.87817571318522,426.59529547802214
2026.203290901985,-15.83698676218075,374.45266628553946 1977.2330861178605,14.857636051143729,390.56971234704383
1999.4098600207005,30.900553414580507,348.0383822741289 2023.0185918092295,41.04775974456248,402.2570320824197
1999.4098600207005,30.900553414580507,348.0383822741289 1976.0013314407845,81.72450627763344,369.6940190714487
1976.0013314407845,81.72450627763344,369.6940190714487 2024.8694753637287,70.3303392057533,402.5889649790572
1999.4098600207005,30.900553414580507,348.0383822741289 2030.7762848499099,27.305252690277943,399.06015415766296
1999.4098600207005,30.900553414580507,348.0383822741289 1943.6864098922172,16.30838689828555,331.2465455032708
1999.4098600207005,30.900553414580507,348.0383822741289 1962.0151045985406,72.1766957500898,370.3523317411242
1999.4098600207005,30.900553414580507,348.0383822741289 2030.7619305252497,20.039326123284162,398.0291955982245
1999.4098600207005,30.900553414580507,348.0383822741289 1973.555267039751,35.205154469164924,402.0106939862494
1999.4098600207005,30.900553414580507,348.0383822741289 1955.7187754431243,57.51835916302167,316.6922254830111
1999.4098600207005,30.900553414580507,348.0383822741289 2014.3705202973142,-7.800489452718139,391.3789859278768
1999.4098600207005,30.900553414580507,348.0383822741289 1979.9444492703972,-22.445160605373594,328.66488026692207
1999.4098600207005,30.900553414580507,348.0383822741289 2022.9027815031113,12.999353346194649,400.26509647608594
1999.4098600207005,30.900553414580507,348.0383822741289 1950.2810336155983,65.2574760821391,345.5970136266854
1999.4098600207005,30.900553414580507,348.0383822741289 1988.3876439496044,-26.31670312583028,333.73117056566207
1999.4098600207005,30.900553414580507,348.0383822741289 1941.45552849599,46.36886781807589,349.4620068870593
1999.4098600207005,30.900553414580507,348.0383822741289 1946.225244639231,7.397739788949298,333.2392458667565
1999.4098600207005,30.900553414580507,348.0383822741289 1949.11249200161,21.660165745493927,379.4197462673839
1999.4098600207005,30.900553414580507,348.0383822741289 2011.0210752951607,43.09961957785608,405.6262496126071
1999.4098600207005,30.900553414580507,348.0383822741289 1963.866097722125,-1.8552750117933954,383.5868937164427
1948.865895355808,40.89461811314262,317.2905968781844 1981.886988819753,84.70977729468294,341.5772024940727
1948.865895355808,40.89461811314262,317.2905968781844 1924.0104777291401,32.272824750666295,371.2152933893255
1924.0104777291401,32.272824750666295,371.2152933893255 1909.1315335779748,-11.121254596497316,409.8879051262973
1924.0104777291401,32.272824750666295,371.2152933893255 1909.0124626142476,-7.4570809346349165,328.82904400523245
1909.0124626142476,-7.4570809346349165,328.82904400523245 1912.6235981235654,37.23445474051412,368.69916238140763
1912.6235981235654,37.23445474051412,368.69916238140763 1964.6659249154143,59.97525728653079,349.3483969791424
1948.865895355808,40.89461811314262,317.2905968781844 1939.249819753121,25.10198017617646,374.3705730256505
1939.249819753121,25.10198017617646,374.3705730256505 1905.0877984229007,68.64308605255053,351.1945423539424
1905.0877984229007,68.64308605255053,351.1945423539424 1962.2575865199515,65.14183295837215,333.32399239853174
1962.2575865199515,65.14183295837215,333.32399239853174 1939.7266413960738,11.993465267001966,349.6827063934561
1939.7266413960738,11.993465267001966,349.6827063934561 1927.4656590109064,39.731359103074524,401.45410348190046
1939.249819753121,25.10198017617646,374.3705730256505 1919.1431274326467,39.802860271558146,319.7848143669034
1919.1431274326467,39.802860271558146,319.7848143669034 1956.2358051766819,86.79672231263412,323.74842234972255
1956.2358051766819,86.79672231263412,323.74842234972255 1948.0814209576781,28.656849493241275,311.3685513264167
1948.865895355808,40.89461811314262,317.2905968781844 1989.484465986506,43.5414651591816,361.37149887251616
1989.484465986506,43.5414651591816,361.37149887251616 1940.170205194928,32.973774722909404,393.8742310872602
1940.170205194928,32.973774722909404,393.8742310872602 1934.1670294835515,-26.15416757578432,385.63722186663387
1948.865895355808,40.89461811314262,317.2905968781844 1909.8867225937254,79.27336135494878,341.9420909092411
1948.865895355808,40.89461811314262,317.2905968781844 1993.5007276575318,41.22828422357548,357.38573888221964
1948.865895355808,40.89461811314262,317.2905968781844 1899.5368753537973,49.22249013351256,284.1651635488896
1948.865895355808,40.89461811314262,317.2905968781844 1920.2393706192222,64.80986543787915,364.2861607848162
1920.2393706192222,64.80986543787915,364.2861607848162 1915.3408346746075,18.50262502038092,402.12323031345886
1915.3408346746075,18.50262502038092,402.12323031345886 1891.6642422443476,-17.82436152613294,443.5933282074929
1948.865895355808,40.89461811314262,317.2905968781844 1906.910001721607,83.17637427519409,324.4986538430269
1948.865895355808,40.89461811314262,317.2905968781844 1913.8178099127233,20.9251854860068,272.87378173656816
1948.865895355808,40.89461811314262,317.2905968781844 1953.7984640418015,99.9582383581478,307.9547236082768
1948.865895355808,40.89461811314262,317.2905968781844 1914.2689079181496,76.70109836693274,350.771105119151
1948.865895355808,40.89461811314262,317.2905968781844 1894.16768006213,16.27061953190538,318.6187299881109
1948.865895355808,40.89461811314262,317.2905968781844 1992.8175490474157,46.07218548792358,357.80534646216427
1992.8175490474157,46.07218548792358,357.80534646216427 1956.7777938751929,93.52802678965531,350.7996934968023
1948.865895355808,40.89461811314262,317.2905968781844 1895.6171812188788,55.416775147391704,340.8210324422833
1948.865895355808,40.89461811314262,317.2905968781844 1989.228759296609,79.65972922248879,338.926339878517
1922.0804709089407,13.338298965915413,271.2125075920897 1927.060944980362,53.19085070163058,315.7879380238427
1927.060944980362,53.19085070163058,315.7879380238427 1957.9668060087504,1.844725367984097,312.8891163122825
1927.060944980362,53.19085070163058,315.7879380238427 1907.8559367886992,99.09085025777057,349.3193814926902
1922.0804709089407,13.338298965915413,271.2125075920897 1924.4667379661614,68.49294576853498,294.71294728180425
1922.0804709089407,13.338298965915413,271.2125075920897 1900.8291397215512,31.18403818686667,324.4094108329898
1900.8291397215512,31.18403818686667,324.4094108329898 1897.7221529361157,-25.16504925114275,304.0347457309888
1900.8291397215512,31.18403818686667,324.4094108329898 1857.5885567112623,20.5121032741127,284.2054087169285
1857.5885567112623,20.5121032741127,284.2054087169285 1917.0806669523256,14.843065352720505,278.86211122277956
1917.0806669523256,14.843065352720505,278.86211122277956 1880.2664303056274,-6.615961534518192,236.62205742104214
1857.5885567112623,20.5121032741127,284.2054087169285 1900.6528924792096,43.345068730896145,319.19281607035805
1900.8291397215512,31.18403818686667,324.4094108329898 1909.6289291458725,-9.065483191087683,280.7912983688632
1922.0804709089407,13.338298965915413,271.2125075920897 1904.2230052743755,-41.02292131854023,289.2671095067044
1922.0804709089407,13.338298965915413,271.2125075920897 1868.8036293530583,16.11691307781256,298.6689723580893
1868.8036293530583,16.11691307781256,298.6689723580893 1829.623373775779,48.06655463587668,330.9819415378212
1868.8036293530583,16.11691307781256,298.6689723580893 1846.9085551101082,-36.94216271504044,316.1429587351007
1922.0804709089407,13.338298965915413,271.2125075920897 1880.1084580039694,13.653692588095414,314.0873330677464
1880.1084580039694,13.653692588095414,314.0873330677464 1828.5789275705984,15.013094661644493,344.7933507079209
1880.1084580039694,13.653692588095414,314.0873330677464 1859.9446909017875,-31.44387529878573,280.0339651441899
1922.0804709089407,13.338298965915413,271.2125075920897 1890.3182465888228,64.22963998624755,270.10232049489485
1922.0804709089407,13.338298965915413,271.2125075920897 1888.5832309838665,55.87109841019187,297.07552924144403
1888.5832309838665,55.87109841019187,297.07552924144403 1919.6507346774933,107.00387759228455,292.57562842455513
1922.0804709089407,13.338298965915413,271.2125075920897 1867.0570813734698,-9.918216264417893,276.8304345557584
1866.2045002803343,34.152010763750845,264.52929672396886 1897.3281467949164,80.68856991080844,286.10862225531366
1823.2925463239703,10.820564160913257,229.68381197966033 1859.3816065138312,42.09656859330242,266.0072380482152
1859.3816065138312,42.09656859330242,266.0072380482152 1912.6266531209399,36.85734837542312,293.16447618679234
1912.6266531209399,36.85734837542312,293.16447618679234 1936.4698639952824,-8.440752118266587,324.4627730552359
1859.3816065138312,42.09656859330242,266.0072380482152 1808.948082574686,46.392000363525476,298.2253840064637
1808.948082574686,46.392000363525476,298.2253840064637 1840.3784969235692,43.95819904274873,349.2763944273016
1859.3816065138312,42.09656859330242,266.0072380482152 1905.0671711561502,75.99197248052461,285.08420789760663
1905.0671711561502,75.99197248052461,285.08420789760663 1858.4254962891903,45.68763266801983,307.58312240771204
1859.3816065138312,42.09656859330242,266.0072380482152 1819.5091359626294,62.70373021676926,226.188511524532
1768.7933895594608,0.0,207.03966697047593 1741.3564934444494,27.70300167253815,161.43527650305037
1768.7933895594608,0.0,207.03966697047593 1730.2261617296795,40.41476640009838,185.14867351766048
1730.2261617296795,40.41476640009838,185.14867351766048 1776.2177059630583,34.94929899296081,223.29191046801233
1776.2177059630583,34.94929899296081,223.29191046801233 1738.6170628175942,65.17690105314102,258.96380008349047
1730.2261617296795,40.41476640009838,185.14867351766048 1691.942571509015,48.6795361476255,139.6947374852706
1768.7933895594608,0.0,207.03966697047593 1809.2866761812847,33.00484420403567,236.55193556558993
1809.2866761812847,33.00484420403567,236.55193556558993 1854.5444793139498,10.214292255334762,268.68170365498815
1854.5444793139498,10.214292255334762,268.68170365498815 1814.5821792241566,-30.786693450763288,286.6242158163791
1768.7933895594608,0.0,207.03966697047593 1713.9108964125758,-24.151488078818456,204.89081389015263
1713.9108964125758,-24.151488078818456,204.89081389015263 1759.8018246725355,-3.242543426891718,172.38175765989752
1768.7933895594608,0.0,207.03966697047593 1713.7997539263233,-21.11013679514808,218.44414698228886
1713.7997539263233,-21.11013679514808,218.44414698228886 1745.1199412226372,-64.93913543356092,244.86506191871428
1768.7933895594608,0.0,207.03966697047593 1773.2220267943258,48.81288073605267,172.43201107629744
1768.7933895594608,0.0,207.03966697047593 1730.800431561798,-44.19274998315901,192.7730629066554
1730.800431561798,-44.19274998315901,192.7730629066554 1692.7937238900233,2.12117381497967,189.53105205342467
1730.800431561798,-44.19274998315901,192.7730629066554 1683.6924032901934,-45.190626989577915,229.91923247825144
1768.7933895594608,0.0,207.03966697047593 1782.2261388723964,54.643040033760805,227.86511826845845
1711.184783801759,0.0,223.81013335199614 1673.5758291568068,34.194048685707216,191.9301464480872
1673.5758291568068,34.194048685707216,191.9301464480872 1722.6756537928577,3.565835308961951,176.08338759784905
1722.6756537928577,3.565835308961951,176.08338759784905 1723.191667963416,62.572377434481965,165.22236942435285
1722.6756537928577,3.565835308961951,176.08338759784905 1685.8797272069453,35.16474655815176,211.4043246543595
1673.5758291568068,34.194048685707216,191.9301464480872 1700.7167396295931,1.361625679385476,234.18417558427913
1711.184783801759,0.0,223.81013335199614 1691.8675009364133,-37.901037807521426,181.49755938381202
1653.5761780440573,0.0,240.58059973351635 1605.4138865990988,-22.147843052972707,212.47603193979722
1605.4138865990988,-22.147843052972707,212.47603193979722 1660.249758004628,1.8451049845032976,216.64324343757835
1660.249758004628,1.8451049845032976,216.64324343757835 1715.3036790229369,-17.121051545394884,202.1742874630379
1715.3036790229369,-17.121051545394884,202.1742874630379 1707.9843846667395,-10.595005298761984,261.36751892166114
1660.249758004628,1.8451049845032976,216.64324343757835 1623.0665397417613,-16.551573951762172,259.99033657808775
1605.4138865990988,-22.147843052972707,212.47603193979722 1612.5093517424555,-63.307935923155384,169.40050374434327
1612.5093517424555,-63.307935923155384,169.40050374434327 1588.1295620531864,-55.99422155686664,223.73406093394163
1588.1295620531864,-55.99422155686664,223.73406093394163 1566.3401946221702,-13.519162792327087,187.38721994459186
1653.5761780440573,0.0,240.58059973351635 1628.738041155824,-39.999264410998364,277.7709990658767
1628.738041155824,-39.999264410998364,277.7709990658767 1617.5332488167228,-98.01688797526916,267.3590835556456
1653.5761780440573,0.0,240.58059973351635 1703.7689981322467,5.785984989513729,208.22008074361474
1611.4565481502318,0.0,197.84961826096918 1592.1973694985277,52.96603937785177,177.26606389624402
1592.1973694985277,52.96603937785177,177.26606389624402 1583.3819723856866,88.21084235290162,129.51574832668123
1551.6840062626543,0.0,203.06912363004437 1577.5862212000757,-24.749510745805352,154.93870726805048
1577.5862212000757,-24.749510745805352,154.93870726805048 1585.532175518846,34.68793028470078,152.92564648677248
1493.0700052188786,0.0,215.8909363583703 1484.6409311037478,-37.06657961257277,262.31312270699505
1484.6409311037478,-37.06657961257277,262.31312270699505 1509.5594372761582,-86.12224592470902,286.24238623113825
1434.4560041751029,0.0,228.71274908669625 1428.0816054795182,37.16064939992945,182.0388465559966
1428.0816054795182,37.16064939992945,182.0388465559966 1436.5576322595425,-7.1703374279468335,221.5726368737864
1375.8420031313271,0.0,241.5345618150222 1406.0427188642002,-37.87357405990838,276.93949306973343
1406.0427188642002,-37.87357405990838,276.93949306973343 1353.858154032753,-13.491691315860436,293.7411295140798
1353.858154032753,-13.491691315860436,293.7411295140798 1396.544554223109,27.944931810437645,285.9387258666181
1317.2280020875514,0.0,254.35637454334812 1361.6010080849642,-0.2461067861248839,294.7417155745117
1361.6010080849642,-0.2461067861248839,294.7417155745117 1404.4657396980194,-22.558968099811082,259.17837765838027
1404.4657396980194,-22.558968099811082,259.17837765838027 1364.9418310861017,-37.2841872227359,216.5048663215025
1404.4657396980194,-22.558968099811082,259.17837765838027 1371.434588100227,20.712687742535188,233.94929077864572
1258.6140010437757,0.0,267.17818727167406 1250.056380763996,39.3946653639314,311.6172182693338
1250.056380763996,39.3946653639314,311.6172182693338 1284.1944749147256,86.37088984315639,296.52334993038914
1284.1944749147256,86.37088984315639,296.52334993038914 1310.2941080864764,106.31851522298298,346.7319287790893
1310.2941080864764,106.31851522298298,346.7319287790893 1288.3267725972053,113.25817518897156,291.3308702056445
1284.1944749147256,86.37088984315639,296.52334993038914 1288.0209770732556,28.443916304884056,281.36341530232886
1284.1944749147256,86.37088984315639,296.52334993038914 1261.5364535779986,140.11875304591499,310.5868228386711
1258.6140010437757,0.0,267.17818727167406 1230.7439202068122,34.50519366240865,226.7721208402483
1200.0,0.0,280.0 1196.18169054684,-58.883728324410654,269.1313730611034
1196.18169054684,-58.883728324410654,269.1313730611034 1238.7151131620626,-23.988057036280438,245.18977566273335
1200.0,0.0,280.0 1253.6833005786907,-24.823660110868786,290.0940149434213
1200.0,0.0,280.0 1250.1851781752628,12.77747714874481,310.3015506076907
1200.0,0.0,280.0 1162.6111894474204,-38.48707550112655,253.15187409084393
目标树
2480.0,0.0,0.0 2489.903825910994,5.820105502883546,-58.89007220457478
2489.903825910994,5.820105502883546,-58.89007220457478 2489.27951280017,16.526353144590388,-117.92384638998578
2489.27951280017,16.526353144590388,-117.92384638998578 2487.348853147303,-38.23532835415982,-142.3662438324265
2487.348853147303,-38.23532835415982,-142.3662438324265 2476.713438700815,3.6908691565902174,-183.94847467495111
2476.713438700815,3.6908691565902174,-183.94847467495111 2472.2577986964047,-8.163803599716692,-242.59669720549311
2472.2577986964047,-8.163803599716692,-242.59669720549311 2483.229791194333,-56.449500680555985,-208.71297193741137
2483.229791194333,-56.449500680555985,-208.71297193741137 2458.287676501726,-71.7430734893607,-261.09615192300043
2458.287676501726,-71.7430734893607,-261.09615192300043 2477.1916655898,-37.79745369874537,-215.37598029614668
2477.1916655898,-37.79745369874537,-215.37598029614668 2477.7918240943545,-49.577851873196785,-274.20507198232514
2477.7918240943545,-49.577851873196785,-274.20507198232514 2479.2944469208715,-25.781031232894676,-219.14643549308286
2477.7918240943545,-49.577851873196785,-274.20507198232514 2447.279051926993,-14.760122217287389,-312.3717647427766
2447.279051926993,-14.760122217287389,-312.3717647427766 2442.4596405115703,-57.803074208390356,-353.8937776696627
2442.4596405115703,-57.803074208390356,-353.8937776696627 2416.8195230102588,-8.634728028521202,-376.8079241398125
2442.4596405115703,-57.803074208390356,-353.8937776696627 2403.6361507448487,-79.53100782396666,-394.15087074815455
2442.4596405115703,-57.803074208390356,-353.8937776696627 2470.6399051036974,-56.32959581128462,-300.94378665048526
2447.279051926993,-14.760122217287389,-312.3717647427766 2430.8957578331338,25.12609057752603,-354.09319453036875
2430.8957578331338,25.12609057752603,-354.09319453036875 2442.4479144942798,-29.240849598492048,-376.6937142671716
2430.8957578331338,25.12609057752603,-354.09319453036875 2461.67037595563,-19.934203666029624,-329.14338967945423
2430.8957578331338,25.12609057752603,-354.09319453036875 2434.699794700794,-19.800822420934963,-393.6798310626406
2434.699794700794,-19.800822420934963,-393.6798310626406 2457.9716340231903,12.383848725637996,-348.70685653638174
2457.9716340231903,12.383848725637996,-348.70685653638174 2449.9109917571586,-28.29103141096823,-305.34119993888766
2434.699794700794,-19.800822420934963,-393.6798310626406 2407.86327546791,-44.90101807812562,-441.1116918044858
2434.699794700794,-19.800822420934963,-393.6798310626406 2449.570543169083,0.24596532284288486,-339.11805743724614
2430.8957578331338,25.12609057752603,-354.09319453036875 2448.0369107530482,18.00120741991739,-297.0369335543239
2447.279051926993,-14.760122217287389,-312.3717647427766 2465.984931519532,-70.69384288832,-323.39487503725894
2465.984931519532,-70.69384288832,-323.39487503725894 2444.238407549571,-123.20900686270491,-342.61065625914483
2444.238407549571,-123.20900686270491,-342.61065625914483 2462.0590102716105,-98.63866623171828,-290.85426071327504
2444.238407549571,-123.20900686270491,-342.61065625914483 2451.226554405465,-165.54060555284474,-300.6678194945981
2447.279051926993,-14.760122217287389,-312.3717647427766 2478.4479250372965,-27.301384605043324,-262.66041707692403
2477.7918240943545,-49.577851873196785,-274.20507198232514 2471.432708161061,-95.95743156309234,-236.67513416815393
2471.432708161061,-95.95743156309234,-236.67513416815393 2449.0479303383217,-70.50825842886371,-286.1853483528115
2471.432708161061,-95.95743156309234,-236.67513416815393 2483.7401822062025,-79.46374319712642,-180.31482608955517
2483.7401822062025,-79.46374319712642,-180.31482608955517 2472.7690843562027,-134.68710368776715,-201.05164040821245
2477.1916655898,-37.79745369874537,-215.37598029614668 2476.370057544845,-9.886167475674501,-268.4823364279157
2476.370057544845,-9.886167475674501,-268.4823364279157 2455.563542394889,46.21903042232148,-272.87502309342574
2455.563542394889,46.21903042232148,-272.87502309342574 2460.1053309024396,82.37448732474991,-320.542151109799
2460.1053309024396,82.37448732474991,-320.542151109799 2419.3738209704707,61.86496656451869,-359.53322261145917
2419.3738209704707,61.86496656451869,-359.53322261145917 2443.1012566697973,14.294693381804706,-331.71096705127354
2455.563542394889,46.21903042232148,-272.87502309342574 2461.14999386164,90.66717015308865,-312.78936180126146
2476.370057544845,-9.886167475674501,-268.4823364279157 2478.1871109547583,-66.21796251795129,-247.90499004359194
2478.1871109547583,-66.21796251795129,-247.90499004359194 2463.7307202352217,-7.999617398792665,-246.62551399823994
2463.7307202352217,-7.999617398792665,-246.62551399823994 2459.502417271886,-61.93484689506337,-272.569925212119
2458.287676501726,-71.7430734893607,-261.09615192300043 2458.861014424546,-109.09784581838477,-308.04604295453566
2458.861014424546,-109.09784581838477,-308.04604295453566 2433.5555558025067,-161.79364314410407,-321.5659064203764
2433.5555558025067,-161.79364314410407,-321.5659064203764 2413.0839889845975,-206.92519696917336,-355.38982992659845
2413.0839889845975,-206.92519696917336,-355.38982992659845 2447.360828243274,-254.68496601194215,-343.3855493810512
2447.360828243274,-254.68496601194215,-343.3855493810512 2422.505274111123,-298.73213237024686,-375.66632639443066
2422.505274111123,-298.73213237024686,-375.66632639443066 2408.4294999173862,-244.61248463617466,-397.41342528110664
2408.4294999173862,-244.61248463617466,-397.41342528110664 2448.054618141202,-202.86514093502956,-414.3547740953864
2422.505274111123,-298.73213237024686,-375.66632639443066 2433.7558157239105,-352.2112209547429,-350.8991626974999
2433.7558157239105,-352.2112209547429,-350.8991626974999 2438.7088176421894,-314.0100916787018,-396.9007006504067
2438.7088176421894,-314.0100916787018,-396.9007006504067 2394.122341658966,-297.2645291034962,-433.3922379356093
2394.122341658966,-297.2645291034962,-433.3922379356093 2429.6218982687337,-345.6353411389664,-433.6067689103303
2438.7088176421894,-314.0100916787018,-396.9007006504067 2402.0105418344583,-360.04236554908994,-408.48803490213584
2433.7558157239105,-352.2112209547429,-350.8991626974999 2386.7159645674437,-374.70601124957426,-380.5847958012254
2386.7159645674437,-374.70601124957426,-380.5847958012254 2413.5149422266823,-418.9045665002581,-350.11673859089655
2413.5149422266823,-418.9045665002581,-350.11673859089655 2424.9301186811153,-377.4467061081839,-391.9609682794144
2424.9301186811153,-377.4467061081839,-391.9609682794144 2409.9374015893613,-336.99308003014266,-350.2629758655745
2409.9374015893613,-336.99308003014266,-350.2629758655745 2396.1185479319015,-383.5440497186651,-385.50565602262236
2396.1185479319015,-383.5440497186651,-385.50565602262236 2428.7225278555225,-351.99601550811366,-424.77016965248913
2396.1185479319015,-383.5440497186651,-385.50565602262236 2353.9374115035907,-385.8917959607085,-428.111287307691
2409.9374015893613,-336.99308003014266,-350.2629758655745 2438.094100065825,-285.7030449040285,-336.9764177082675
2438.094100065825,-285.7030449040285,-336.9764177082675 2450.54876002354,-231.93188830796936,-360.5039369922842
2438.094100065825,-285.7030449040285,-336.9764177082675 2457.3554209999056,-234.27681278467276,-361.14962944937645
2424.9301186811153,-377.4467061081839,-391.9609682794144 2428.139153154839,-412.11540627685207,-343.09601840364513
2428.139153154839,-412.11540627685207,-343.09601840364513 2388.304200470393,-393.440688044532,-383.8934624850017
2388.304200470393,-393.440688044532,-383.8934624850017 2347.1288231435697,-374.0355255772555,-422.98346084279535
2428.139153154839,-412.11540627685207,-343.09601840364513 2435.6907034400147,-412.27246482732323,-283.57333851688105
2428.139153154839,-412.11540627685207,-343.09601840364513 2413.388712630742,-429.6793559585296,-398.5390718542315
2424.9301186811153,-377.4467061081839,-391.9609682794144 2403.6852591209167,-333.55468804008467,-426.9201829756442
2386.7159645674437,-374.70601124957426,-380.5847958012254 2402.140835601269,-391.0765193552408,-324.9603423841161
2402.140835601269,-391.0765193552408,-324.9603423841161 2438.173102414685,-433.7263539534052,-302.9906506012074
2438.173102414685,-433.7263539534052,-302.9906506012074 2399.5657819155667,-472.7001274746073,-327.2912633794148
2399.5657819155667,-472.7001274746073,-327.2912633794148 2402.3782980215997,-423.9510818437379,-362.15701022689694
2402.3782980215997,-423.9510818437379,-362.15701022689694 2371.347760435492,-461.33271367691304,-397.36665860068933
2399.5657819155667,-472.7001274746073,-327.2912633794148 2381.4798922485757,-435.29752564809985,-370.58036098563855
2402.140835601269,-391.0765193552408,-324.9603423841161 2434.648925276295,-437.56835789111335,-305.4223523330689
2434.648925276295,-437.56835789111335,-305.4223523330689 2394.1662196273214,-447.74223499894737,-262.32197219630825
2434.648925276295,-437.56835789111335,-305.4223523330689 2424.3893746878225,-443.1777981767953,-364.27195557220676
2402.140835601269,-391.0765193552408,-324.9603423841161 2374.119629466827,-418.5475646565665,-370.34925817667096
2374.119629466827,-418.5475646565665,-370.34925817667096 2341.4766256675166,-385.08802645781134,-407.9643297103562
2374.119629466827,-418.5475646565665,-370.34925817667096 2419.2367925249846,-396.8690282387478,-337.2662919196237
2374.119629466827,-418.5475646565665,-370.34925817667096 2406.6703763256137,-383.96072737079055,-407.01258543296956
2402.140835601269,-391.0765193552408,-324.9603423841161 2377.1725757501395,-337.72672334583234,-336.3789791574345
2377.1725757501395,-337.72672334583234,-336.3789791574345 2421.1003212880964,-373.3584250566477,-356.3973458526471
2421.1003212880964,-373.3584250566477,-356.3973458526471 2380.353165573844,-334.3104210434409,-376.7669968998068
2386.7159645674437,-374.70601124957426,-380.5847958012254 2351.1577118226833,-338.23759490692044,-412.2970216959585
2351.1577118226833,-338.23759490692044,-412.2970216959585 2353.1172728484426,-384.0828392844344,-450.9541515500016
2353.1172728484426,-384.0828392844344,-450.9541515500016 2366.0051308731554,-430.1102559691477,-487.2223198090497
2351.1577118226833,-338.23759490692044,-412.2970216959585 2300.224433144764,-367.702055677017,-424.02931365639273
2300.224433144764,-367.702055677017,-424.02931365639273 2301.1381988261874,-420.63111301272227,-452.2725415496962
2301.1381988261874,-420.63111301272227,-452.2725415496962 2326.11258849137,-452.1879262143851,-496.7747594877607
2301.1381988261874,-420.63111301272227,-452.2725415496962 2250.8854200381315,-452.9759382059801,-446.93676538344863
2300.224433144764,-367.702055677017,-424.02931365639273 2334.618145431945,-386.1952216138468,-378.47631848879143
2300.224433144764,-367.702055677017,-424.02931365639273 2261.8756447272303,-401.70403152640523,-392.83258201275964
2261.8756447272303,-401.70403152640523,-392.83258201275964 2224.1503283272514,-382.0087046014853,-350.53725603172484
2224.1503283272514,-382.0087046014853,-350.53725603172484 2186.4250119272724,-362.3133776765654,-308.24193005069003
2186.4250119272724,-362.3133776765654,-308.24193005069003 2148.6996955272934,-342.61805075164546,-265.9466040696552
2148.6996955272934,-342.61805075164546,-265.9466040696552 2110.9743791273145,-322.92272382672553,-223.65127808862042
2110.9743791273145,-322.92272382672553,-223.65127808862042 2073.2490627273355,-303.2273969018056,-181.3559521075856
2073.2490627273355,-303.2273969018056,-181.3559521075856 2089.9210161314945,-318.5437195796884,-236.9208351661913
2073.2490627273355,-303.2273969018056,-181.3559521075856 2123.3542323877664,-335.440507951292,-174.159602351432
2073.2490627273355,-303.2273969018056,-181.3559521075856 2019.5405998111278,-299.013733916291,-207.76894238553092
2019.5405998111278,-299.013733916291,-207.76894238553092 2033.1969415069477,-350.1697170414637,-235.99250916905524
2019.5405998111278,-299.013733916291,-207.76894238553092 1964.0759148225106,-293.00877416715264,-185.68706797404374
1964.0759148225106,-293.00877416715264,-185.68706797404374 2000.7649954111716,-330.1962407711847,-156.17429627884798
2000.7649954111716,-330.1962407711847,-156.17429627884798 1971.7859957877374,-306.3946321228307,-109.33733430888662
1971.7859957877374,-306.3946321228307,-109.33733430888662 1942.8069961643034,-282.59302347447675,-62.50037233892526
1942.8069961643034,-282.59302347447675,-62.50037233892526 1903.4555415169168,-316.62046474368367,-32.60729190539766
1903.4555415169168,-316.62046474368367,-32.60729190539766 1880.1030021745596,-283.9643113567738,11.982331912641762
1880.1030021745596,-283.9643113567738,11.982331912641762 1852.8324587908305,-282.0789453221113,-41.42892961965584
1880.1030021745596,-283.9643113567738,11.982331912641762 1876.654675688333,-319.4262335183829,60.25821741511979
1876.654675688333,-319.4262335183829,60.25821741511979 1853.1311817595822,-275.78407910361796,94.05182023313597
1853.1311817595822,-275.78407910361796,94.05182023313597 1814.0478127372207,-271.3356160328544,48.74507192595797
1814.0478127372207,-271.3356160328544,48.74507192595797 1774.5463083660202,-311.4870969138454,69.42089683031014
1774.5463083660202,-311.4870969138454,69.42089683031014 1760.9368387463917,-262.32122272920725,101.00410680543364
1760.9368387463917,-262.32122272920725,101.00410680543364 1715.1222471180445,-259.30536916575005,62.3786253040781
1760.9368387463917,-262.32122272920725,101.00410680543364 1716.342190038484,-282.27031035926575,135.83729800788518
1760.9368387463917,-262.32122272920725,101.00410680543364 1728.174193845382,-302.8198535594395,71.23046074105471
1774.5463083660202,-311.4870969138454,69.42089683031014 1783.2116862325336,-361.2605061506131,37.055499267792996
1853.1311817595822,-275.78407910361796,94.05182023313597 1873.5643131214244,-321.8884596202371,61.54223334052086
1876.654675688333,-319.4262335183829,60.25821741511979 1826.92535857031,-336.6920441358992,89.04861169333637
1903.4555415169168,-316.62046474368367,-32.60729190539766 1945.2061815823163,-359.6811964397917,-30.977126292565952
1971.7859957877374,-306.3946321228307,-109.33733430888662 1957.5202640346122,-287.8000560552467,-164.57075388811154
1964.0759148225106,-293.00877416715264,-185.68706797404374 1921.3718488125842,-323.1479646067213,-215.1487710115
2019.5405998111278,-299.013733916291,-207.76894238553092 2061.130247000427,-339.5670177451718,-222.79333646196056
2019.5405998111278,-299.013733916291,-207.76894238553092 1985.9983995773237,-302.9906253929015,-257.35830755245604
2073.2490627273355,-303.2273969018056,-181.3559521075856 2101.698007186861,-348.8999759987818,-154.81027302851
2351.1577118226833,-338.23759490692044,-412.2970216959585 2322.5185958750953,-310.5375646338672,-457.15802213746156
2351.1577118226833,-338.23759490692044,-412.2970216959585 2395.7932939958514,-299.9990648695509,-424.3585151625057
2386.7159645674437,-374.70601124957426,-380.5847958012254 2362.1955295225766,-322.8976059714086,-362.84677427277427
2386.7159645674437,-374.70601124957426,-380.5847958012254 2368.5432804217053,-333.08505872814266,-419.79512431487046
2368.5432804217053,-333.08505872814266,-419.79512431487046 2374.8051875988895,-381.3476964591116,-454.8879486206111
2386.7159645674437,-374.70601124957426,-380.5847958012254 2374.953976622776,-402.9348072435676,-432.20640674392064
2374.953976622776,-402.9348072435676,-432.20640674392064 2333.3719944765467,-420.82053664601307,-392.823168627519
2386.7159645674437,-374.70601124957426,-380.5847958012254 2412.3969364305626,-411.3194356536798,-340.58548533753685
2386.7159645674437,-374.70601124957426,-380.5847958012254 2425.1942292813587,-363.3641799051032,-425.20302084839045
2433.7558157239105,-352.2112209547429,-350.8991626974999 2444.339748340526,-296.747794424278,-330.606585535723
2444.339748340526,-296.747794424278,-330.606585535723 2441.0460085521886,-342.2963162272518,-291.6902208574704
2433.7558157239105,-352.2112209547429,-350.8991626974999 2388.5239398057256,-388.00692774764724,-334.38417628762573
2388.5239398057256,-388.00692774764724,-334.38417628762573 2362.5871725514207,-353.9943378785822,-376.46062854770565
2422.505274111123,-298.73213237024686,-375.66632639443066 2391.3907466609667,-290.42329808940417,-426.2909197700516
2391.3907466609667,-290.42329808940417,-426.2909197700516 2370.4495491596044,-237.3863487957305,-444.9603669185141
2391.3907466609667,-290.42329808940417,-426.2909197700516 2419.486952385903,-332.890230858957,-394.5550907276531
2419.486952385903,-332.890230858957,-394.5550907276531 2372.8396512178447,-369.8046313453323,-386.722062547698
2372.8396512178447,-369.8046313453323,-386.722062547698 2334.299149087881,-330.70659570118465,-410.92894802144696
2391.3907466609667,-290.42329808940417,-426.2909197700516 2429.908206956367,-328.19004215434586,-400.021578416956
2422.505274111123,-298.73213237024686,-375.66632639443066 2456.48472746814,-262.7115548177463,-341.7854358756945
2447.360828243274,-254.68496601194215,-343.3855493810512 2415.0926398389847,-205.704249392693,-356.02095268170103
2415.0926398389847,-205.704249392693,-356.02095268170103 2460.520508500121,-230.1894356346105,-325.4140187678778
2460.520508500121,-230.1894356346105,-325.4140187678778 2425.077229791997,-237.75989848418175,-373.23098319120254
2425.077229791997,-237.75989848418175,-373.23098319120254 2414.26079102397,-178.85192033488528,-369.6456292701049
2414.26079102397,-178.85192033488528,-369.6456292701049 2437.989403272376,-156.58989586825336,-319.23377324980066
2414.26079102397,-178.85192033488528,-369.6456292701049 2422.934344548333,-230.09494501580943,-339.6636031409352
2422.934344548333,-230.09494501580943,-339.6636031409352 2443.9768124355774,-225.84202915117973,-283.635688206836
2422.934344548333,-230.09494501580943,-339.6636031409352 2459.660895061466,-251.63773405099923,-297.3898674650856
2414.26079102397,-178.85192033488528,-369.6456292701049 2414.3614626463727,-135.686649067829,-411.31995255994235
2414.3614626463727,-135.686649067829,-411.31995255994235 2376.426067584595,-146.24171002687368,-456.5913175676123
2414.3614626463727,-135.686649067829,-411.31995255994235 2370.341859235861,-145.47975579212905,-450.8973397433804
2414.3614626463727,-135.686649067829,-411.31995255994235 2402.272171814088,-92.75538533504742,-451.45417288971566
2425.077229791997,-237.75989848418175,-373.23098319120254 2436.628998221612,-220.96969793714385,-316.79831701514104
2425.077229791997,-237.75989848418175,-373.23098319120254 2428.230166262728,-220.7709038219522,-430.6890814192006
2428.230166262728,-220.7709038219522,-430.6890814192006 2406.034237936539,-249.4716440027256,-382.90196726889405
2406.034237936539,-249.4716440027256,-382.90196726889405 2368.96913523221,-249.69236885999402,-430.0838434721032
2368.96913523221,-249.69236885999402,-430.0838434721032 2407.10827025143,-209.0370909335752,-407.8902688003343
2407.10827025143,-209.0370909335752,-407.8902688003343 2432.186385874744,-252.31376876374617,-374.75090741893024
2406.034237936539,-249.4716440027256,-382.90196726889405 2388.3442086986934,-205.01258149695346,-419.10216929418687
2425.077229791997,-237.75989848418175,-373.23098319120254 2430.042086589376,-189.9531662064125,-337.3162710817728
2460.520508500121,-230.1894356346105,-325.4140187678778 2440.1470960921047,-277.71876292223925,-355.8424119958869
2440.1470960921047,-277.71876292223925,-355.8424119958869 2430.692385070716,-336.08253391210604,-366.0541050653254
2430.692385070716,-336.08253391210604,-366.0541050653254 2430.5894976973555,-379.6921482174094,-324.84499254963197
2430.5894976973555,-379.6921482174094,-324.84499254963197 2398.822701280836,-340.84577023975123,-291.95381495672217
2398.822701280836,-340.84577023975123,-291.95381495672217 2440.8356428321276,-328.90208483629004,-250.81671344007543
2398.822701280836,-340.84577023975123,-291.95381495672217 2445.88687077804,-370.1667660832297,-269.0356310782993
2445.88687077804,-370.1667660832297,-269.0356310782993 2393.791533212988,-392.1041177128889,-248.9152829833984
2445.88687077804,-370.1667660832297,-269.0356310782993 2410.710025219307,-369.85981492149193,-220.4301240084065
2430.5894976973555,-379.6921482174094,-324.84499254963197 2407.3984318796684,-328.6831106009637,-346.2984898795248
2430.5894976973555,-379.6921482174094,-324.84499254963197 2435.710643675749,-423.4044985208874,-284.06504288298805
2430.692385070716,-336.08253391210604,-366.0541050653254 2384.8877355970526,-356.89806061640803,-333.36392405302
2430.692385070716,-336.08253391210604,-366.0541050653254 2418.72456489605,-349.6430644526899,-423.26322402135156
2418.72456489605,-349.6430644526899,-423.26322402135156 2439.3500843585216,-318.88077785520863,-376.05867264971334
2430.692385070716,-336.08253391210604,-366.0541050653254 2447.625495491268,-288.29470492652104,-333.96683076023857
2440.1470960921047,-277.71876292223925,-355.8424119958869 2420.8866642282255,-294.32808247258964,-410.18545449896374
2420.8866642282255,-294.32808247258964,-410.18545449896374 2418.0795704672405,-264.98800570970405,-462.44710506766484
2418.0795704672405,-264.98800570970405,-462.44710506766484 2382.157643225267,-292.68237431432385,-423.1706860504759
2460.520508500121,-230.1894356346105,-325.4140187678778 2432.540876919975,-259.9124963344967,-369.38764585582845
2432.540876919975,-259.9124963344967,-369.38764585582845 2388.994297265338,-294.24801016969866,-392.2954587164015
2388.994297265338,-294.24801016969866,-392.2954587164015 2365.8188605331147,-319.9925440097725,-441.2864590085777
2365.8188605331147,-319.9925440097725,-441.2864590085777 2381.3397813794218,-343.3277286034677,-388.2339362027691
2432.540876919975,-259.9124963344967,-369.38764585582845 2404.762928464636,-223.96571412699342,-408.5822172725292
2460.520508500121,-230.1894356346105,-325.4140187678778 2438.8362011599866,-197.36921750263483,-370.71991349415055
2415.0926398389847,-205.704249392693,-356.02095268170103 2430.998209774184,-165.5705169808463,-397.68984236850184
2415.0926398389847,-205.704249392693,-356.02095268170103 2409.489034919171,-153.0712520304674,-384.2763450974966
2409.489034919171,-153.0712520304674,-384.2763450974966 2409.773707716062,-110.67604034281287,-426.73296987335067
2409.489034919171,-153.0712520304674,-384.2763450974966 2412.4843641893776,-96.38472698803213,-403.7099726841414
2412.4843641893776,-96.38472698803213,-403.7099726841414 2451.013516109103,-62.91947665596546,-372.1571364794698
2447.360828243274,-254.68496601194215,-343.3855493810512 2437.051594926905,-310.6134411887565,-324.2616017544464
2413.0839889845975,-206.92519696917336,-355.38982992659845 2434.035667000468,-235.6938377425672,-307.08462838089827
2434.035667000468,-235.6938377425672,-307.08462838089827 2445.8960771412176,-248.85286635928833,-364.40975931975896
2445.8960771412176,-248.85286635928833,-364.40975931975896 2399.0304257972166,-219.7894180572751,-388.05138990858995
2413.0839889845975,-206.92519696917336,-355.38982992659845 2395.8077570702176,-250.17187451337995,-393.2217832495236
2395.8077570702176,-250.17187451337995,-393.2217832495236 2399.022289277154,-191.3886358188183,-404.8061533777938
2399.022289277154,-191.3886358188183,-404.8061533777938 2404.2611803099994,-230.82958441186844,-449.7167934848591
2404.2611803099994,-230.82958441186844,-449.7167934848591 2440.5216017806374,-248.83445202530916,-405.4335395733164
2440.5216017806374,-248.83445202530916,-405.4335395733164 2450.886255221024,-284.7131176554148,-358.4729676894077
2395.8077570702176,-250.17187451337995,-393.2217832495236 2418.714420281784,-280.969815831435,-347.10484936313526
2418.714420281784,-280.969815831435,-347.10484936313526 2394.028378118697,-303.0529622065654,-397.1341804449803
2395.8077570702176,-250.17187451337995,-393.2217832495236 2420.5312990119637,-293.2601502019419,-426.86917500640715
2395.8077570702176,-250.17187451337995,-393.2217832495236 2420.6350479275425,-292.58935784245466,-427.6363548248528
2420.6350479275425,-292.58935784245466,-427.6363548248528 2380.349930388345,-317.81210534236754,-464.2549609344343
2380.349930388345,-317.81210534236754,-464.2549609344343 2386.504563174187,-271.6723201550316,-502.1131267396861
2420.6350479275425,-292.58935784245466,-427.6363548248528 2417.3947683773767,-244.98404844725775,-464.012653507159
2395.8077570702176,-250.17187451337995,-393.2217832495236 2387.4112955355586,-293.9253561126771,-433.41049163430444
2387.4112955355586,-293.9253561126771,-433.41049163430444 2333.7597285923866,-318.30897734005913,-444.67762882091586
2333.7597285923866,-318.30897734005913,-444.67762882091586 2293.7199419708877,-359.37441824122476,-462.2970797458937
2387.4112955355586,-293.9253561126771,-433.41049163430444 2377.3715049902767,-346.8395049723285,-406.9662965006741
2395.8077570702176,-250.17187451337995,-393.2217832495236 2421.2582795828794,-196.7116499108571,-402.9313295458399
2395.8077570702176,-250.17187451337995,-393.2217832495236 2438.5354477707806,-234.04929639148094,-432.1371648113209
2413.0839889845975,-206.92519696917336,-355.38982992659845 2444.2111061303276,-241.1675503840786,-317.198681596066
2458.861014424546,-109.09784581838477,-308.04604295453566 2462.3988329204,-66.27425424777167,-266.16975079198016
2462.3988329204,-66.27425424777167,-266.16975079198016 2458.465768016532,-17.771093281301688,-301.2692433342188
2462.3988329204,-66.27425424777167,-266.16975079198016 2475.073416871745,-124.91634995807051,-265.49186262682485
2475.073416871745,-124.91634995807051,-265.49186262682485 2464.2899047528254,-183.35314070979945,-273.78989570821005
2458.861014424546,-109.09784581838477,-308.04604295453566 2453.0953015891687,-129.09403362247127,-364.3213397445453
2458.287676501726,-71.7430734893607,-261.09615192300043 2468.1845033323034,-106.86725171776217,-213.4690071160204
2468.1845033323034,-106.86725171776217,-213.4690071160204 2456.977260561981,-107.87776135737639,-272.40436644940615
2468.1845033323034,-106.86725171776217,-213.4690071160204 2468.978672645234,-156.2656137283245,-247.51560938079615
2483.229791194333,-56.449500680555985,-208.71297193741137 2468.3932130660046,-96.99893357099259,-250.37373815343273
2468.3932130660046,-96.99893357099259,-250.37373815343273 2463.133133880107,-156.75113406043297,-248.9573682766669
2463.133133880107,-156.75113406043297,-248.9573682766669 2467.3629253582017,-120.28508339332518,-296.41615052817184
2467.3629253582017,-120.28508339332518,-296.41615052817184 2450.3452293465225,-155.92038461876058,-341.5883026689163
2450.3452293465225,-155.92038461876058,-341.5883026689163 2421.829901517625,-199.98576018202886,-370.6592289575402
2463.133133880107,-156.75113406043297,-248.9573682766669 2457.229894180181,-117.79818027258827,-294.2102041242384
2457.229894180181,-117.79818027258827,-294.2102041242384 2464.917556674243,-64.92531209188186,-321.5114798402747
2457.229894180181,-117.79818027258827,-294.2102041242384 2475.909401251013,-83.60026423387998,-248.5858843572523
2475.909401251013,-83.60026423387998,-248.5858843572523 2446.4771089673945,-93.20072734981136,-299.98210288440947
2468.3932130660046,-96.99893357099259,-250.37373815343273 2449.0149665538174,-53.49299069560113,-286.86642915637304
2449.0149665538174,-53.49299069560113,-286.86642915637304 2476.919617511187,-7.835864423224045,-259.72315603952916
2468.3932130660046,-96.99893357099259,-250.37373815343273 2473.0586671173323,-141.8810300815906,-210.82843563457072
2468.3932130660046,-96.99893357099259,-250.37373815343273 2472.919660640679,-42.6776622533075,-225.29963288955204
2483.229791194333,-56.449500680555985,-208.71297193741137 2462.308057422397,-12.490401432967573,-243.7825976741782
2462.308057422397,-12.490401432967573,-243.7825976741782 2470.769143242872,44.681679704004,-259.89976756240895
2483.229791194333,-56.449500680555985,-208.71297193741137 2459.96001869614,-68.0580635143617,-262.7847664038051
2483.229791194333,-56.449500680555985,-208.71297193741137 2486.135805188829,0.9722894883730788,-191.55799900070076
2486.135805188829,0.9722894883730788,-191.55799900070076 2465.79556929547,-1.7636518956743754,-247.93875306222046
2483.229791194333,-56.449500680555985,-208.71297193741137 2461.9335679225646,-44.02993071142102,-263.4142073543629
2472.2577986964047,-8.163803599716692,-242.59669720549311 2448.9740931028573,-39.69780399250759,-288.022195255162
2448.9740931028573,-39.69780399250759,-288.022195255162 2442.3904209533403,-95.14047732929859,-309.9941144771499
2442.3904209533403,-95.14047732929859,-309.9941144771499 2436.274304058334,-144.86717579911613,-343.00696914648233
2436.274304058334,-144.86717579911613,-343.00696914648233 2429.2664698210765,-176.1474988376823,-393.72611395301533
2429.2664698210765,-176.1474988376823,-393.72611395301533 2428.1295346342586,-236.11341214429675,-395.39842363862226
2428.1295346342586,-236.11341214429675,-395.39842363862226 2390.2237760412786,-208.99409056549666,-433.18328651512826
2429.2664698210765,-176.1474988376823,-393.72611395301533 2409.74727824332,-223.84178575597846,-362.9973626684922
2429.2664698210765,-176.1474988376823,-393.72611395301533 2386.9033698464236,-218.1199949545172,-400.3349966316403
2448.9740931028573,-39.69780399250759,-288.022195255162 2428.5704348895624,-64.06266144217412,-338.9146745912336
2472.2577986964047,-8.163803599716692,-242.59669720549311 2474.9527461163657,-58.10253446716025,-209.44763360253916
2476.713438700815,3.6908691565902174,-183.94847467495111 2465.471289615191,-20.8258922887072,-237.54457987086045
2465.471289615191,-20.8258922887072,-237.54457987086045 2466.9081543515013,14.92016594862853,-285.71256446875026
2466.9081543515013,14.92016594862853,-285.71256446875026 2474.1112794177275,-18.60256810809991,-236.47496409421777
2474.1112794177275,-18.60256810809991,-236.47496409421777 2462.3275878478826,-76.88002473169817,-244.52994159085878
2466.9081543515013,14.92016594862853,-285.71256446875026 2437.801134349118,23.558567595146407,-337.4635007266992
2437.801134349118,23.558567595146407,-337.4635007266992 2430.311638522014,78.3466232817604,-360.7481825225983
2430.311638522014,78.3466232817604,-360.7481825225983 2424.0474114422573,122.55095956243844,-400.8322954986637
2424.0474114422573,122.55095956243844,-400.8322954986637 2388.0713885919117,162.95841246360402,-426.77383612198645
2388.0713885919117,162.95841246360402,-426.77383612198645 2354.9052780992047,196.12907252339033,-464.18662038062797
2430.311638522014,78.3466232817604,-360.7481825225983 2464.140921872222,80.75860552181567,-311.2531127713089
2465.471289615191,-20.8258922887072,-237.54457987086045 2464.5425201622133,-60.11740451026279,-282.8801559083011
2464.5425201622133,-60.11740451026279,-282.8801559083011 2458.3223500168583,-13.142437617901976,-319.68588873383305
2464.5425201622133,-60.11740451026279,-282.8801559083011 2444.1039488981933,-97.56303006474354,-325.07126790501417
2464.5425201622133,-60.11740451026279,-282.8801559083011 2462.836774298231,-11.961573978893718,-318.6307701251445
2465.471289615191,-20.8258922887072,-237.54457987086045 2452.7056767856843,-67.32513251278901,-273.249758594265
2476.713438700815,3.6908691565902174,-183.94847467495111 2469.039603112151,39.89811399703435,-231.17291398789888
2469.039603112151,39.89811399703435,-231.17291398789888 2456.761539053987,16.67824748918556,-285.1181356700952
2456.761539053987,16.67824748918556,-285.1181356700952 2452.480519139232,-28.583618195979327,-324.27214419013785
2487.348853147303,-38.23532835415982,-142.3662438324265 2480.0740142158684,-88.85123718540353,-173.75264999351648
2489.27951280017,16.526353144590388,-117.92384638998578 2483.5875303304097,-38.64340881601037,-140.8126799289539
2489.27951280017,16.526353144590388,-117.92384638998578 2481.366825192878,52.007558645607105,-165.65720402407672
2481.366825192878,52.007558645607105,-165.65720402407672 2475.967995525168,12.988158370673602,-210.91578376763007
2475.967995525168,12.988158370673602,-210.91578376763007 2480.939568919827,67.82756986702313,-234.74690637474973
2480.939568919827,67.82756986702313,-234.74690637474973 2475.452618720769,116.18003702853167,-199.6480132738513
2480.939568919827,67.82756986702313,-234.74690637474973 2463.4399906801336,42.12865566248284,-286.0628938459125
2463.4399906801336,42.12865566248284,-286.0628938459125 2441.8690578855103,95.9219619329339,-301.586265221464
2441.8690578855103,95.9219619329339,-301.586265221464 2476.3559463552374,64.20638938306773,-264.10591061387265
2441.8690578855103,95.9219619329339,-301.586265221464 2477.8851148181166,67.90587376868844,-262.6254843386261
2441.8690578855103,95.9219619329339,-301.586265221464 2471.926458435069,67.18456946777452,-258.33450287000835
2480.939568919827,67.82756986702313,-234.74690637474973 2478.4860163601393,98.13410375369787,-183.02172794477536
2480.939568919827,67.82756986702313,-234.74690637474973 2453.5912692567717,110.71966967981557,-266.5641702292861
2475.967995525168,12.988158370673602,-210.91578376763007 2478.871659753969,-29.27961883630052,-253.40111940274045
2478.871659753969,-29.27961883630052,-253.40111940274045 2466.7851871879734,20.325595202292277,-284.91682851893876
2466.7851871879734,20.325595202292277,-284.91682851893876 2444.257118085136,46.033775007770394,-334.22783736673034
2478.871659753969,-29.27961883630052,-253.40111940274045 2461.9962680948393,-19.88468276166239,-310.2074247966352
2461.9962680948393,-19.88468276166239,-310.2074247966352 2475.742025167146,-59.48497086861662,-267.2787473844979
2478.871659753969,-29.27961883630052,-253.40111940274045 2445.2351206921207,-21.62951139694153,-302.4934721280581
2445.2351206921207,-21.62951139694153,-302.4934721280581 2456.6982700873505,23.27401032135596,-264.38481243977947
2475.967995525168,12.988158370673602,-210.91578376763007 2467.9258657439677,-14.205400534239732,-263.791435089078
2467.9258657439677,-14.205400534239732,-263.791435089078 2445.2861319675703,18.15908992299398,-308.9575973344744
2445.2861319675703,18.15908992299398,-308.9575973344744 2454.44424008024,30.774759918448986,-366.8969960745583
2467.9258657439677,-14.205400534239732,-263.791435089078 2475.972699893746,30.378627428568063,-224.452994464448
2467.9258657439677,-14.205400534239732,-263.791435089078 2480.2553166898956,-56.16899383248145,-222.71782462114228
2475.967995525168,12.988158370673602,-210.91578376763007 2467.0915185500785,66.52929413979386,-236.50005505026252
2467.0915185500785,66.52929413979386,-236.50005505026252 2480.475979527564,8.643428175149367,-228.1285124286561
2480.475979527564,8.643428175149367,-228.1285124286561 2472.3719251527104,41.53161521170215,-277.653167461661
2480.475979527564,8.643428175149367,-228.1285124286561 2465.757043362295,-0.769143721562557,-285.5284811433859
2481.366825192878,52.007558645607105,-165.65720402407672 2473.7873582553934,95.3591858683436,-206.4394072269993
2473.7873582553934,95.3591858683436,-206.4394072269993 2460.578455056377,118.77801307039834,-260.0778580692759
2460.578455056377,118.77801307039834,-260.0778580692759 2467.238160787298,118.1268596918659,-319.7035599004088
2467.238160787298,118.1268596918659,-319.7035599004088 2453.166417077768,168.63901415272008,-290.5400847869024
2453.166417077768,168.63901415272008,-290.5400847869024 2445.9533568375136,213.01215202973876,-330.27667242244996
2445.9533568375136,213.01215202973876,-330.27667242244996 2441.724044207728,202.67304343489414,-389.2276329586749
2441.724044207728,202.67304343489414,-389.2276329586749 2436.2906398878026,143.09998650845716,-393.8675689426853
2436.2906398878026,143.09998650845716,-393.8675689426853 2399.168268038775,131.30135390903843,-439.5044156467076
2436.2906398878026,143.09998650845716,-393.8675689426853 2395.1272191802464,162.21775884303943,-433.1114675336231
2395.1272191802464,162.21775884303943,-433.1114675336231 2415.978593690645,173.88364729148736,-378.0739600706624
2441.724044207728,202.67304343489414,-389.2276329586749 2434.2658105697146,238.20498973850425,-436.99640458699054
2434.2658105697146,238.20498973850425,-436.99640458699054 2397.4703782950996,282.7437227345393,-420.79771862694633
2397.4703782950996,282.7437227345393,-420.79771862694633 2403.0987579348457,333.965569100452,-451.5327767446354
2403.0987579348457,333.965569100452,-451.5327767446354 2399.0401957350014,392.21154229584863,-437.7148652023244
2445.9533568375136,213.01215202973876,-330.27667242244996 2420.111310890793,265.4555353257512,-343.76296953303995
2420.111310890793,265.4555353257512,-343.76296953303995 2413.6145325822486,210.62025890118906,-367.23389476089346
2453.166417077768,168.63901415272008,-290.5400847869024 2468.6344752213795,219.6573307705486,-263.0106360683237
2468.6344752213795,219.6573307705486,-263.0106360683237 2468.785889449944,270.6093947494887,-231.32681922095844
2468.785889449944,270.6093947494887,-231.32681922095844 2439.5918094128538,279.1823618679313,-283.0395828830763
2439.5918094128538,279.1823618679313,-283.0395828830763 2413.255653330578,332.1895659358606,-273.2088555594802
2467.238160787298,118.1268596918659,-319.7035599004088 2466.0630738738782,119.86274585483253,-259.7401888312708
2460.578455056377,118.77801307039834,-260.0778580692759 2465.8966091598595,77.19026795755696,-302.99844396183977
2465.8966091598595,77.19026795755696,-302.99844396183977 2442.357216862535,26.30311052139117,-324.36182895438094
2460.578455056377,118.77801307039834,-260.0778580692759 2463.2106263077194,131.56611956025253,-318.64009852255566
2463.2106263077194,131.56611956025253,-318.64009852255566 2433.8392463512223,82.69328611046475,-337.3154349329225
2433.8392463512223,82.69328611046475,-337.3154349329225 2463.079259043657,45.152169356529875,-300.76839386782854
2463.079259043657,45.152169356529875,-300.76839386782854 2425.164026394886,47.5446661248739,-347.20879753105095
2425.164026394886,47.5446661248739,-347.20879753105095 2470.6669016220635,22.29823957358604,-317.3406490706866
2433.8392463512223,82.69328611046475,-337.3154349329225 2408.536504993165,122.1953077662906,-374.72347637951424
2433.8392463512223,82.69328611046475,-337.3154349329225 2443.9814786998672,30.20360682311535,-310.07633268454987
2433.8392463512223,82.69328611046475,-337.3154349329225 2470.7059934372332,101.25857449711539,-293.77036602246375
2463.2106263077194,131.56611956025253,-318.64009852255566 2466.044358154676,119.19033751358222,-259.9987310201444
2460.578455056377,118.77801307039834,-260.0778580692759 2482.1265999034945,83.07231748784656,-216.94109003301955
2482.1265999034945,83.07231748784656,-216.94109003301955 2476.6336705369563,23.4711091248993,-221.127220543499
2460.578455056377,118.77801307039834,-260.0778580692759 2459.171925037922,159.3638906277616,-304.24581269936834
2459.171925037922,159.3638906277616,-304.24581269936834 2425.9651057519454,146.96026341745232,-352.6550802515239
2425.9651057519454,146.96026341745232,-352.6550802515239 2443.286920246916,93.23791690294307,-332.3114270010181
2443.286920246916,93.23791690294307,-332.3114270010181 2453.6421081298713,36.717315948552496,-315.0431974547316
2453.6421081298713,36.717315948552496,-315.0431974547316 2473.8800815413874,63.32595865820275,-265.2194624949262
2473.8800815413874,63.32595865820275,-265.2194624949262 2479.0868413469407,100.72810532119131,-218.59362119069263
2453.6421081298713,36.717315948552496,-315.0431974547316 2451.641932090904,73.42927329212915,-362.458716895275
2453.6421081298713,36.717315948552496,-315.0431974547316 2477.4533317887162,60.096292068297274,-265.1788905462739
2425.9651057519454,146.96026341745232,-352.6550802515239 2450.655372988432,199.9658285311773,-339.2088625392628
2450.655372988432,199.9658285311773,-339.2088625392628 2454.6187084412495,258.5971555871664,-351.3191664058915
2425.9651057519454,146.96026341745232,-352.6550802515239 2413.3687492502213,205.3970838553127,-357.79996314569524
2413.3687492502213,205.3970838553127,-357.79996314569524 2451.311643114199,241.2865670974902,-328.2655459712125
2451.311643114199,241.2865670974902,-328.2655459712125 2456.3007479453536,183.34577224577754,-343.02945889887155
2413.3687492502213,205.3970838553127,-357.79996314569524 2430.7496014226476,171.34178271266228,-404.04001550124144
2430.7496014226476,171.34178271266228,-404.04001550124144 2407.2954248305027,124.96832697106645,-374.04994709573884
2459.171925037922,159.3638906277616,-304.24581269936834 2465.7733370123437,99.72858186174611,-304.01929928706124
2465.7733370123437,99.72858186174611,-304.01929928706124 2436.928998200738,150.81243910413977,-316.6067393667615
2436.928998200738,150.81243910413977,-316.6067393667615 2469.1343624106594,102.38654946834149,-301.8504617505125
2469.1343624106594,102.38654946834149,-301.8504617505125 2441.040014566982,74.43439686594958,-346.89915522913685
2441.040014566982,74.43439686594958,-346.89915522913685 2446.287601798421,125.27627091593877,-378.32472875347327
2469.1343624106594,102.38654946834149,-301.8504617505125 2460.939604057653,59.379984593616,-342.8782732106899
2436.928998200738,150.81243910413977,-316.6067393667615 2472.4118962212674,154.79159091203547,-268.3871344435101
2465.7733370123437,99.72858186174611,-304.01929928706124 2451.7555335720485,140.97119568043152,-345.2812429169004
2459.171925037922,159.3638906277616,-304.24581269936834 2453.4233281736265,194.2367490579938,-352.73124740915307
2453.4233281736265,194.2367490579938,-352.73124740915307 2414.358065312891,167.11184719491533,-389.3119108331537
2459.171925037922,159.3638906277616,-304.24581269936834 2435.936026526788,186.4514943399681,-352.47811251505954
2435.936026526788,186.4514943399681,-352.47811251505954 2463.026433039419,147.1673410352067,-316.1068989786871
2459.171925037922,159.3638906277616,-304.24581269936834 2455.1302252558007,107.46869165191796,-334.08794710910513
2460.578455056377,118.77801307039834,-260.0778580692759 2451.085250671841,164.8787078870503,-297.2881390133288
2451.085250671841,164.8787078870503,-297.2881390133288 2442.2736026655475,124.26315157264358,-340.56320625399803
2451.085250671841,164.8787078870503,-297.2881390133288 2467.3495569171605,221.4758720723033,-285.7888630123809
2467.3495569171605,221.4758720723033,-285.7888630123809 2432.3768883768676,250.99091798077072,-324.59317360014774
2432.3768883768676,250.99091798077072,-324.59317360014774 2451.710797165706,228.35641957289317,-272.49826547307003
2432.3768883768676,250.99091798077072,-324.59317360014774 2454.0979156054577,281.71752319176954,-277.85910991698114
2454.0979156054577,281.71752319176954,-277.85910991698114 2429.468324588231,282.33154994290214,-332.56748420714854
2429.468324588231,282.33154994290214,-332.56748420714854 2396.1642770202893,332.1704911171945,-335.19814158082835
2429.468324588231,282.33154994290214,-332.56748420714854 2388.3544245560724,322.8160968316175,-349.01888801840687
2388.3544245560724,322.8160968316175,-349.01888801840687 2413.2971373362775,269.07086308863825,-339.56844204603505
2454.0979156054577,281.71752319176954,-277.85910991698114 2461.1886206302893,248.43237662387054,-327.27389434638354
2451.085250671841,164.8787078870503,-297.2881390133288 2466.1414193355167,133.5912106983198,-248.35548831018235
2466.1414193355167,133.5912106983198,-248.35548831018235 2467.013420077124,189.0268684547185,-271.29295686759014
2473.7873582553934,95.3591858683436,-206.4394072269993 2459.6608453427502,128.4569304545908,-254.449624225389
2489.27951280017,16.526353144590388,-117.92384638998578 2486.46272892756,-21.46163489626445,-164.28092236790823
2486.46272892756,-21.46163489626445,-164.28092236790823 2469.6804421733414,-32.08617093352634,-220.89782872362582
2469.6804421733414,-32.08617093352634,-220.89782872362582 2479.7674638951453,-1.3467156537633649,-170.36726488462529
2486.46272892756,-21.46163489626445,-164.28092236790823 2476.141436497223,-61.72997660830291,-207.546746968047
2486.46272892756,-21.46163489626445,-164.28092236790823 2483.2571024392555,-81.36876908211386,-163.353974442664
2489.27951280017,16.526353144590388,-117.92384638998578 2481.086872712535,60.32562651460251,-158.10474111189836
2481.086872712535,60.32562651460251,-158.10474111189836 2483.581108950275,0.4399874899452101,-155.368132956026
2483.581108950275,0.4399874899452101,-155.368132956026 2480.8045479903744,-29.820435418243935,-207.1039765719708
2480.8045479903744,-29.820435418243935,-207.1039765719708 2477.052980766092,-88.51718383381713,-218.96220025010211
2477.052980766092,-88.51718383381713,-218.96220025010211 2486.0425800698304,-73.40989694820536,-161.59533710321176
2486.0425800698304,-73.40989694820536,-161.59533710321176 2488.533935129839,-19.11375984486284,-136.18426381576472
2486.0425800698304,-73.40989694820536,-161.59533710321176 2480.8290358160307,-128.0571917034694,-185.81293674159372
2477.052980766092,-88.51718383381713,-218.96220025010211 2470.074820980985,-133.24448662180657,-258.3420640300218
2477.052980766092,-88.51718383381713,-218.96220025010211 2471.465869886183,-148.01088730534366,-213.55078275949228
2480.8045479903744,-29.820435418243935,-207.1039765719708 2484.7765362746964,-84.91466111311381,-183.67643713326856
2480.8045479903744,-29.820435418243935,-207.1039765719708 2470.7437727266033,7.4262475807828245,-253.0546610789714
2481.086872712535,60.32562651460251,-158.10474111189836 2473.8885061452843,90.9831052333868,-209.1762842388764
2489.903825910994,5.820105502883546,-58.89007220457478 2488.0780669936776,37.57547601767669,-109.76504687625442
2488.0780669936776,37.57547601767669,-109.76504687625442 2485.5021463541675,-3.805433876740487,-153.13537001511366
