起始树
1200.0,0.0,280.0 1258.6140010437757,0.0,267.17818727167406
1258.6140010437757,0.0,267.17818727167406 1317.2280020875514,0.0,254.35637454334812
1317.2280020875514,0.0,254.35637454334812 1375.8420031313271,0.0,241.5345618150222
1375.8420031313271,0.0,241.5345618150222 1434.4560041751029,0.0,228.71274908669625
1434.4560041751029,0.0,228.71274908669625 1493.0700052188786,0.0,215.8909363583703
1493.0700052188786,0.0,215.8909363583703 1551.6840062626543,0.0,203.06912363004437
1551.6840062626543,0.0,203.06912363004437 1611.4565481502318,0.0,197.84961826096918
1611.4565481502318,0.0,197.84961826096918 1653.5761780440573,0.0,240.58059973351635
1653.5761780440573,0.0,240.58059973351635 1711.184783801759,0.0,223.81013335199614
1711.184783801759,0.0,223.81013335199614 1768.7933895594608,0.0,207.03966697047593
1768.7933895594608,0.0,207.03966697047593 1745.6006914690133,-54.70321400769202,215.38575183189482
1745.6006914690133,-54.70321400769202,215.38575183189482 1750.7283122613565,3.5728913541360754,228.7125312202933
1745.6006914690133,-54.70321400769202,215.38575183189482 1705.1241649465928,-40.55233322602524,173.4166754329216
1768.7933895594608,0.0,207.03966697047593 1726.9838207828736,-20.56334264597326,244.84322365420786
1768.7933895594608,0.0,207.03966697047593 1749.6407568008162,30.793765612989578,159.23882327724436
1768.7933895594608,0.0,207.03966697047593 1803.443818115177,-30.302006482383675,245.52519936963574
1803.443818115177,-30.302006482383675,245.52519936963574 1859.7947501243293,-27.778126939560444,225.0751995223691
1859.7947501243293,-27.778126939560444,225.0751995223691 1822.3309953927646,-60.593641212509674,258.53575995424217
1822.3309953927646,-60.593641212509674,258.53575995424217 1816.0004416080308,-0.9366734530488756,259.52079118483726
1816.0004416080308,-0.9366734530488756,259.52079118483726 1829.916938012036,53.48017621965753,238.42250690541357
1859.7947501243293,-27.778126939560444,225.0751995223691 1816.975454394644,14.113825222188233,228.47700158767495
1816.975454394644,14.113825222188233,228.47700158767495 1774.0202528892646,-6.540899656290623,192.03207047473975
1774.0202528892646,-6.540899656290623,192.03207047473975 1731.9948540260452,-48.66179873191629,184.30577049038277
1731.9948540260452,-48.66179873191629,184.30577049038277 1704.6777371751582,-84.55800609861194,223.8688520645242
1704.6777371751582,-84.55800609861194,223.8688520645242 1730.7342177539279,-60.34603347027283,272.18903626629185
1731.9948540260452,-48.66179873191629,184.30577049038277 1679.0737274008109,-28.479489284594838,164.50605478311908
1816.975454394644,14.113825222188233,228.47700158767495 1771.0300052582002,-15.278897550426766,203.47533061026536
1771.0300052582002,-15.278897550426766,203.47533061026536 1773.950283413461,-0.8752740366904757,261.6475542670111
1859.7947501243293,-27.778126939560444,225.0751995223691 1814.942320572135,7.732512448174532,243.16536407495644
1814.942320572135,7.732512448174532,243.16536407495644 1834.8622658516076,57.45494353736899,216.13065256099492
1859.7947501243293,-27.778126939560444,225.0751995223691 1828.7824233309643,-58.734086006402805,266.0625656869999
1828.7824233309643,-58.734086006402805,266.0625656869999 1881.9013072299592,-77.63100566830141,286.58793049781036
1881.9013072299592,-77.63100566830141,286.58793049781036 1844.0078064489287,-107.52508104926059,250.9448827089979
1828.7824233309643,-58.734086006402805,266.0625656869999 1822.3595901623635,-7.026342960701086,236.3126661374551
1859.7947501243293,-27.778126939560444,225.0751995223691 1832.2415665923543,0.07178181193379274,270.5197224023241
1859.7947501243293,-27.778126939560444,225.0751995223691 1828.6801752619115,23.245490934026613,230.4112701947982
1859.7947501243293,-27.778126939560444,225.0751995223691 1881.0947186657063,20.16223030843512,254.19621404918306
1881.0947186657063,20.16223030843512,254.19621404918306 1914.079953940644,17.845643895019837,304.26224725779855
1914.079953940644,17.845643895019837,304.26224725779855 1921.8020579422105,-13.844890656583392,354.6217461594222
1914.079953940644,17.845643895019837,304.26224725779855 1965.0236169158995,-12.083968133175127,314.7007110578653
1965.0236169158995,-12.083968133175127,314.7007110578653 1916.5069263086002,-32.4039499531486,285.83500352537044
1916.5069263086002,-32.4039499531486,285.83500352537044 1872.4370945009289,-31.729158517377023,245.1238922538544
1872.4370945009289,-31.729158517377023,245.1238922538544 1867.5322590883168,-91.48701963851192,242.90114085022392
1916.5069263086002,-32.4039499531486,285.83500352537044 1858.1919372331977,-46.48429412603868,286.88664847906585
1858.1919372331977,-46.48429412603868,286.88664847906585 1916.5228435159465,-37.492836186551685,276.0857662764125
1858.1919372331977,-46.48429412603868,286.88664847906585 1861.4286174627398,2.265539555981462,321.7144766781808
1916.5069263086002,-32.4039499531486,285.83500352537044 1880.932483815358,-80.65000193980384,288.4383684625163
1965.0236169158995,-12.083968133175127,314.7007110578653 1979.0172023912417,-69.2309076835157,326.4653557857784
1979.0172023912417,-69.2309076835157,326.4653557857784 1925.91867816463,-42.85244371086587,317.26082628126096
1925.91867816463,-42.85244371086587,317.26082628126096 1973.1023360288455,-34.501122585595496,353.3711830506874
1979.0172023912417,-69.2309076835157,326.4653557857784 2010.3475852711674,-66.08248081293843,377.5387785890122
2010.3475852711674,-66.08248081293843,377.5387785890122 1987.4698700634913,-120.88462388115028,368.9751775936537
1987.4698700634913,-120.88462388115028,368.9751775936537 1946.3333543851807,-154.6347281765857,341.2494217356912
1979.0172023912417,-69.2309076835157,326.4653557857784 1997.3055987569533,-112.79778767170492,363.4445597586244
1997.3055987569533,-112.79778767170492,363.4445597586244 1996.221452146568,-52.81896892412291,362.27583063179725
1979.0172023912417,-69.2309076835157,326.4653557857784 1993.8113581583839,-117.68609085834396,358.6092226756125
1979.0172023912417,-69.2309076835157,326.4653557857784 1975.3309449214464,-9.493639273218385,330.69267984982577
1979.0172023912417,-69.2309076835157,326.4653557857784 1952.863486048812,-93.57060975633276,374.66869617299886
1979.0172023912417,-69.2309076835157,326.4653557857784 1941.8033019209463,-24.753912340777745,341.85764272011704
1979.0172023912417,-69.2309076835157,326.4653557857784 1953.514053797063,-38.69084370087168,371.37519773294247
1953.514053797063,-38.69084370087168,371.37519773294247 1955.049941503346,-71.46572212151591,421.60913440393887
1955.049941503346,-71.46572212151591,421.60913440393887 1906.5539172085273,-57.895468409333915,388.9903692252358
1979.0172023912417,-69.2309076835157,326.4653557857784 1923.022147682557,-86.123500431346,313.07901355097135
1923.022147682557,-86.123500431346,313.07901355097135 1882.4247862338998,-129.52078378041836,321.3573008936175
1882.4247862338998,-129.52078378041836,321.3573008936175 1831.2094275916936,-147.01043017487356,347.2628853909247
1979.0172023912417,-69.2309076835157,326.4653557857784 2001.326875832271,-87.91481767942904,378.9362046279616
1979.0172023912417,-69.2309076835157,326.4653557857784 1946.7970175217981,-23.16292168499693,305.498707197624
1946.7970175217981,-23.16292168499693,305.498707197624 1978.208400352553,-68.55205604451444,329.017880455913
1979.0172023912417,-69.2309076835157,326.4653557857784 1922.8495808718335,-81.48120520314933,343.6446602982719
1922.8495808718335,-81.48120520314933,343.6446602982719 1887.497104796804,-49.78513576486445,306.96276261661035
1979.0172023912417,-69.2309076835157,326.4653557857784 1920.5396734148026,-77.8867528224558,316.196229740179
1979.0172023912417,-69.2309076835157,326.4653557857784 2016.6003649347879,-56.49236436230427,371.46797134619885
2016.6003649347879,-56.49236436230427,371.46797134619885 2011.184847657208,3.0420281136864276,366.336861804303
2011.184847657208,3.0420281136864276,366.336861804303 1964.8393529254242,-32.61553989311656,379.7768380656817
1964.8393529254242,-32.61553989311656,379.7768380656817 1922.940453246821,-40.14844240235527,422.05848403067057
1922.940453246821,-40.14844240235527,422.05848403067057 1957.2849905392718,-81.47238038167463,448.75651594406884
1957.2849905392718,-81.47238038167463,448.75651594406884 1959.5111101670318,-21.514517780369168,448.44170856505923
1959.5111101670318,-21.514517780369168,448.44170856505923 2018.3174149678953,-11.251774338422834,442.400631449781
1957.2849905392718,-81.47238038167463,448.75651594406884 1980.604731783614,-104.38582386714037,398.4458433592653
1922.940453246821,-40.14844240235527,422.05848403067057 1913.4049858199899,-75.9805539137659,469.2298169097156
2011.184847657208,3.0420281136864276,366.336861804303 1985.740606735039,48.445373746557586,336.4851146320408
2011.184847657208,3.0420281136864276,366.336861804303 2012.1398981730842,32.07943717105656,418.8336879345281
2012.1398981730842,32.07943717105656,418.8336879345281 2035.3099886445818,15.19319785834314,471.5404411016165
2011.184847657208,3.0420281136864276,366.336861804303 1981.9441711612674,37.90274445411541,405.4484111764757
2011.184847657208,3.0420281136864276,366.336861804303 2039.3411774285164,-36.78886761168905,401.27567746144274
2011.184847657208,3.0420281136864276,366.336861804303 1977.9726821063416,-33.666673896192435,400.24000702966185
2011.184847657208,3.0420281136864276,366.336861804303 1964.125318427294,40.15708572416897,369.14278540080824
1964.125318427294,40.15708572416897,369.14278540080824 1989.2146300964796,94.39465802545335,374.5104842401074
2011.184847657208,3.0420281136864276,366.336861804303 1965.1857161995672,-28.62465534883324,344.3982870186137
1965.1857161995672,-28.62465534883324,344.3982870186137 1934.0311922883302,-49.5801735036426,297.5980530584334
2011.184847657208,3.0420281136864276,366.336861804303 1981.6211667102998,41.8927879544295,401.2167590040702
2011.184847657208,3.0420281136864276,366.336861804303 1959.882777415071,-14.057655788415246,392.33106114413755
2011.184847657208,3.0420281136864276,366.336861804303 2047.2762170588992,-15.811768795580985,410.40439403399284
2011.184847657208,3.0420281136864276,366.336861804303 1970.5582221190448,-40.50639575087361,359.0559225589522
2011.184847657208,3.0420281136864276,366.336861804303 1958.002105651304,3.0243022970815185,394.1144721862075
1958.002105651304,3.0243022970815185,394.1144721862075 1980.6483982665284,50.53792674864022,365.3116785324336
2011.184847657208,3.0420281136864276,366.336861804303 1963.3047638579037,-32.851853485695216,370.71028598921623
2011.184847657208,3.0420281136864276,366.336861804303 1974.4805236298291,-43.00960871501074,354.8460244505253
1974.4805236298291,-43.00960871501074,354.8460244505253 2023.9768027154078,-18.3313815442439,378.1076550982365
2023.9768027154078,-18.3313815442439,378.1076550982365 1979.8244689927276,-6.385136595934263,339.27649932769475
2023.9768027154078,-18.3313815442439,378.1076550982365 2021.419456553577,24.78519751965032,419.754030576008
2023.9768027154078,-18.3313815442439,378.1076550982365 1992.2393334462065,-55.82154370464359,412.5637254715892
2023.9768027154078,-18.3313815442439,378.1076550982365 2034.540925047523,25.637671107040322,417.54268683780407
2034.540925047523,25.637671107040322,417.54268683780407 2014.82226688121,67.17044174722602,456.09399658299736
2014.82226688121,67.17044174722602,456.09399658299736 1955.4911165084052,58.70526076204369,458.94974627926337
2023.9768027154078,-18.3313815442439,378.1076550982365 2045.8489964819184,24.827765846012316,413.5885673805659
2045.8489964819184,24.827765846012316,413.5885673805659 2009.4480810136504,8.256479447560558,458.31401673741976
2023.9768027154078,-18.3313815442439,378.1076550982365 2039.233804511574,-67.0030944140734,409.7033551618315
2039.233804511574,-67.0030944140734,409.7033551618315 1985.7735806209105,-88.5335649350348,393.0167347518697
2023.9768027154078,-18.3313815442439,378.1076550982365 1998.3639526625732,-61.45925784092758,411.0313274072144
2023.9768027154078,-18.3313815442439,378.1076550982365 1992.800324480102,22.8190838594978,347.5353407942953
1992.800324480102,22.8190838594978,347.5353407942953 2021.9644350829044,23.094814902160607,399.9698582912612
1992.800324480102,22.8190838594978,347.5353407942953 1962.590304021231,52.44499480967971,304.99524130867485
2023.9768027154078,-18.3313815442439,378.1076550982365 1968.1185839149632,0.8256976387495882,367.48382765149324
1968.1185839149632,0.8256976387495882,367.48382765149324 1955.8053149520936,40.56690414976838,410.71599059179255
1968.1185839149632,0.8256976387495882,367.48382765149324 1918.9947181311613,-3.395435393712397,401.6748768658313
2023.9768027154078,-18.3313815442439,378.1076550982365 1984.6289667896676,-24.984746045088635,422.91257166751416
1984.6289667896676,-24.984746045088635,422.91257166751416 2012.2728729528321,14.962222454666787,387.69816893622107
2023.9768027154078,-18.3313815442439,378.1076550982365 2032.1088724615363,-70.99677131653796,405.6798541722394
2032.1088724615363,-70.99677131653796,405.6798541722394 1997.5577603309632,-31.812505941629865,376.17029643971244
2023.9768027154078,-18.3313815442439,378.1076550982365 2010.5434684395113,31.672244925414663,408.42568389489287
2023.9768027154078,-18.3313815442439,378.1076550982365 2045.162536492481,17.462778861491625,421.3504899402708
2045.162536492481,17.462778861491625,421.3504899402708 2069.724881297857,-26.75087453710918,453.62809937483416
2023.9768027154078,-18.3313815442439,378.1076550982365 1984.5154658203955,20.74790832852189,355.40056383804455
2023.9768027154078,-18.3313815442439,378.1076550982365 1981.5241218449512,-32.88745333156121,417.93089782197296
2023.9768027154078,-18.3313815442439,378.1076550982365 2035.409132763724,35.36165790033719,402.3225130344091
2023.9768027154078,-18.3313815442439,378.1076550982365 1995.8060394042702,33.844357356928384,387.27828019059325
2023.9768027154078,-18.3313815442439,378.1076550982365 2000.1241268209415,-71.32710796875402,363.19112623217546
2023.9768027154078,-18.3313815442439,378.1076550982365 2021.8512445212823,31.766313412279974,411.05766211502583
2021.8512445212823,31.766313412279974,411.05766211502583 1982.99249946473,44.40918288666357,367.1241238545629
1982.99249946473,44.40918288666357,367.1241238545629 1987.7867789207696,0.7848217359560152,326.21043423006154
2023.9768027154078,-18.3313815442439,378.1076550982365 1993.7652537704048,2.3841778366277815,425.62741845919265
2023.9768027154078,-18.3313815442439,378.1076550982365 1976.9942698584646,-28.16448820742457,342.1083270531635
2023.9768027154078,-18.3313815442439,378.1076550982365 2018.420258922755,-56.51455089191106,424.0551294537188
2018.420258922755,-56.51455089191106,424.0551294537188 2056.548789596485,-66.34570539211464,469.3272351022917
2023.9768027154078,-18.3313815442439,378.1076550982365 2024.132941676946,-76.75287409359173,391.77896918764225
2023.9768027154078,-18.3313815442439,378.1076550982365 1975.6187899808372,16.61390198758247,384.45822698141217
2023.9768027154078,-18.3313815442439,378.1076550982365 1988.0169206153498,-50.76726299352414,342.6844921401073
2023.9768027154078,-18.3313815442439,378.1076550982365 2013.6942670636179,40.713987050986816,375.294488195436
2013.6942670636179,40.713987050986816,375.294488195436 2004.9545661779907,82.33021990945889,417.62304582617975
2023.9768027154078,-18.3313815442439,378.1076550982365 2015.9998403360692,14.179324544686121,427.90145050286316
2015.9998403360692,14.179324544686121,427.90145050286316 2042.8738205385123,-32.48436918359303,454.36442228820977
2023.9768027154078,-18.3313815442439,378.1076550982365 2013.2341799722867,-69.71705384053395,407.1612046104263
2023.9768027154078,-18.3313815442439,378.1076550982365 2008.2516717583094,-74.89100256090816,365.70888391584043
2023.9768027154078,-18.3313815442439,378.1076550982365 2052.3895518193885,-53.05070914465608,417.94838776380743
2023.9768027154078,-18.3313815442439,378.1076550982365 2023.1532530258803,-72.38228707919973,404.14265801277753
2023.9768027154078,-18.3313815442439,378.1076550982365 2019.1512862991124,15.110474592068496,427.6894728288749
2023.9768027154078,-18.3313815442439,378.1076550982365 2039.696734905085,30.478651953271427,409.2599320924368
2039.696734905085,30.478651953271427,409.2599320924368 2006.887812057511,-7.589255312825383,376.4817531015014
2023.9768027154078,-18.3313815442439,378.1076550982365 2036.9347979536656,31.59141887740947,408.7638837877713
2023.9768027154078,-18.3313815442439,378.1076550982365 2024.0976846756828,-78.32398992629614,377.1736705858398
2023.9768027154078,-18.3313815442439,378.1076550982365 2010.6674755799554,-76.82836609608438,379.0898004760934
2023.9768027154078,-18.3313815442439,378.1076550982365 1985.660364688019,-29.80553425978686,333.38412218374435
2023.9768027154078,-18.3313815442439,378.1076550982365 2001.4685440787293,-51.2129353869595,422.9650035489974
2023.9768027154078,-18.3313815442439,378.1076550982365 1992.6560552101048,-65.12078702854252,357.3769457487003
2023.9768027154078,-18.3313815442439,378.1076550982365 2028.1131924195136,17.847234902173245,425.79411011681384
2023.9768027154078,-18.3313815442439,378.1076550982365 1981.193196655103,21.469869270207223,364.49062583037437
2023.9768027154078,-18.3313815442439,378.1076550982365 1972.7088325806237,12.695294037070976,381.09774550334583
1972.7088325806237,12.695294037070976,381.09774550334583 1928.8136858510986,-18.984474389098406,355.2209534676676
2023.9768027154078,-18.3313815442439,378.1076550982365 1965.1368201644123,-8.439892318621924,384.4333878066236
2023.9768027154078,-18.3313815442439,378.1076550982365 1968.8776271966506,-12.738254284376794,355.02524221292236
2023.9768027154078,-18.3313815442439,378.1076550982365 1981.3057839648227,22.836752692315233,387.2929086204786
1981.3057839648227,22.836752692315233,387.2929086204786 1944.5332598890154,-12.893193445474996,418.45622715501185
2023.9768027154078,-18.3313815442439,378.1076550982365 1994.8432779559646,14.7801856698775,337.4276618372288
1994.8432779559646,14.7801856698775,337.4276618372288 1973.6646395476087,49.06963502418181,381.87649689672963
1973.6646395476087,49.06963502418181,381.87649689672963 1948.5277770088,8.545458459191224,418.2898084109893
1973.6646395476087,49.06963502418181,381.87649689672963 2004.6947073159565,2.777227642607677,359.64705891215334
2004.6947073159565,2.777227642607677,359.64705891215334 1947.2789553642513,-8.51708619126418,372.9086539460193
1994.8432779559646,14.7801856698775,337.4276618372288 1991.708908013167,28.079998778485354,395.8510364088657
1994.8432779559646,14.7801856698775,337.4276618372288 1953.2991844002229,-8.6467895011959,373.83185287295566
1953.2991844002229,-8.6467895011959,373.83185287295566 1983.7149517041585,27.201151067800065,411.1119582412962
1983.7149517041585,27.201151067800065,411.1119582412962 2004.8583262228024,79.93017976271273,430.41499548561194
1994.8432779559646,14.7801856698775,337.4276618372288 1951.1780434432098,-24.97968683886403,348.03425568420664
1994.8432779559646,14.7801856698775,337.4276618372288 1964.7464459465814,38.51185983429987,383.5902911422485
1994.8432779559646,14.7801856698775,337.4276618372288 1985.344976708593,-2.0861332245946578,394.2194707568622
1994.8432779559646,14.7801856698775,337.4276618372288 1970.5834437405288,66.59571752014362,319.35527674522643
1994.8432779559646,14.7801856698775,337.4276618372288 1958.281483880516,-17.22012101841595,372.63015586591433
1994.8432779559646,14.7801856698775,337.4276618372288 1963.815312375312,64.83087699495024,325.9301121066065
1963.815312375312,64.83087699495024,325.9301121066065 1907.8912721937968,56.619842326116114,305.80349690574656
1994.8432779559646,14.7801856698775,337.4276618372288 1942.6688109415154,33.56901518496832,360.3362819879715
1994.8432779559646,14.7801856698775,337.4276618372288 1966.6858181285088,64.2098500503052,318.3523968245616
1994.8432779559646,14.7801856698775,337.4276618372288 1937.3485065279701,3.561235347914611,350.4078934266885
1994.8432779559646,14.7801856698775,337.4276618372288 1938.194355473719,33.69674182649826,331.67757620534985
1938.194355473719,33.69674182649826,331.67757620534985 1989.2119088763232,2.1183641260967683,331.8012961440603
1938.194355473719,33.69674182649826,331.67757620534985 1974.2328856833014,32.97753594354856,379.6432627242661
1994.8432779559646,14.7801856698775,337.4276618372288 1998.6757351190045,-27.0025873469675,380.31719612143706
1994.8432779559646,14.7801856698775,337.4276618372288 1944.7754658247536,-9.944995233119776,359.3794184345453
1994.8432779559646,14.7801856698775,337.4276618372288 2026.1790805767346,40.495810791989385,381.66310123474295
1994.8432779559646,14.7801856698775,337.4276618372288 1944.4697452790356,28.239813267570838,307.74019595383317
1994.8432779559646,14.7801856698775,337.4276618372288 2025.24469777529,37.4319060014017,383.9319975382314
1994.8432779559646,14.7801856698775,337.4276618372288 1938.0893832870272,14.959244603597828,317.960680103909
1994.8432779559646,14.7801856698775,337.4276618372288 2019.5989611183873,-18.13395664930945,381.0603948086351
1994.8432779559646,14.7801856698775,337.4276618372288 1943.23782104353,3.9365719640037184,366.05095407723235
1994.8432779559646,14.7801856698775,337.4276618372288 2007.1682055195624,43.862774002458906,388.4403976629975
1994.8432779559646,14.7801856698775,337.4276618372288 1995.570229131235,-39.625572473133104,362.71570294113815
1994.8432779559646,14.7801856698775,337.4276618372288 1985.2598162868562,68.05251411302766,363.3161976143226
1994.8432779559646,14.7801856698775,337.4276618372288 1955.1218781268365,47.788876590790096,306.8885603556496
1994.8432779559646,14.7801856698775,337.4276618372288 1994.344109946463,-16.616940699439198,388.5546731624319
1994.8432779559646,14.7801856698775,337.4276618372288 1957.47786822144,-25.39093511985747,313.1355394542913
1957.47786822144,-25.39093511985747,313.1355394542913 1931.4569548250256,28.649990914653035,314.7136330348062
1994.8432779559646,14.7801856698775,337.4276618372288 1944.0902545232402,43.35236009034495,323.0137289483979
1994.8432779559646,14.7801856698775,337.4276618372288 1953.1535676752412,-15.331427426483213,306.5204003369854
1994.8432779559646,14.7801856698775,337.4276618372288 1970.457795527127,51.074594679100755,378.5137193432011
1970.457795527127,51.074594679100755,378.5137193432011 1935.8478445140354,44.45608016549722,329.95090891686135
1994.8432779559646,14.7801856698775,337.4276618372288 1968.749786962311,54.662894035480974,373.8762461881791
1994.8432779559646,14.7801856698775,337.4276618372288 1964.3658390567705,62.97731605544547,356.08677062469354
1994.8432779559646,14.7801856698775,337.4276618372288 2017.1903587764182,46.93305285986092,382.88974615226437
1994.8432779559646,14.7801856698775,337.4276618372288 1937.3023447151425,-1.7666935096364114,341.3317355037757
1994.8432779559646,14.7801856698775,337.4276618372288 1967.7353786199105,38.80925693002385,385.25825380472565
1994.8432779559646,14.7801856698775,337.4276618372288 1986.7648081476948,59.46429596518294,376.64587970436105
1994.8432779559646,14.7801856698775,337.4276618372288 1972.007313271716,-38.87268883795463,323.28949455902165
1994.8432779559646,14.7801856698775,337.4276618372288 1951.2529935291461,4.038291596612323,377.2334254313092
1994.8432779559646,14.7801856698775,337.4276618372288 2004.8699121113025,50.076443471327764,384.9001885524625
1994.8432779559646,14.7801856698775,337.4276618372288 1941.0517928874704,-10.382601453963034,328.86551968200524
1994.8432779559646,14.7801856698775,337.4276618372288 1969.9486004219702,69.17376213011374,342.0745823597755
1994.8432779559646,14.7801856698775,337.4276618372288 2025.902915393613,7.582883453646735,388.25578164359246
1994.8432779559646,14.7801856698775,337.4276618372288 1989.223716063519,-24.408601025684685,382.51268730541176
1994.8432779559646,14.7801856698775,337.4276618372288 1982.366788983483,67.39003218699384,363.43806883836993
1982.366788983483,67.39003218699384,363.43806883836993 2007.0254900269288,117.98426738784288,384.22681164045235
1994.8432779559646,14.7801856698775,337.4276618372288 1981.3415859730248,10.153341364890151,395.70541595812153
1994.8432779559646,14.7801856698775,337.4276618372288 1957.786906976388,2.1164455278064764,382.88594002105464
1994.8432779559646,14.7801856698775,337.4276618372288 1964.16833209768,64.26124054477941,351.94223744446754
1994.8432779559646,14.7801856698775,337.4276618372288 1957.815506631243,52.71258644739932,309.3193512871874
1994.8432779559646,14.7801856698775,337.4276618372288 1936.9682373522412,7.0379476215692405,351.2311912815662
1936.9682373522412,7.0379476215692405,351.2311912815662 1914.2071441397861,-33.240926652829124,389.4351822113256
1994.8432779559646,14.7801856698775,337.4276618372288 1965.8254785987353,39.43341039515414,383.7977581397878
1965.8254785987353,39.43341039515414,383.7977581397878 1985.7535197577197,1.4808610255864707,425.7796253197544
1994.8432779559646,14.7801856698775,337.4276618372288 1981.9545586489523,3.2242085026131733,394.8762502127034
1994.8432779559646,14.7801856698775,337.4276618372288 1957.6343770112126,-25.627136760765882,361.5677940752605
1994.8432779559646,14.7801856698775,337.4276618372288 1954.4897567061246,-5.733386607117733,376.80769072466364
2023.9768027154078,-18.3313815442439,378.1076550982365 1966.1276104216797,-21.635830357968704,393.6817222934412
2023.9768027154078,-18.3313815442439,378.1076550982365 2005.0386984669867,-0.739714584230903,432.25450598583586
2023.9768027154078,-18.3313815442439,378.1076550982365 1968.5770751636303,-13.12418744571924,355.6631609669553
1968.5770751636303,-13.12418744571924,355.6631609669553 1990.0208075478129,-63.678627648749185,379.8378360877058
2023.9768027154078,-18.3313815442439,378.1076550982365 1976.7396751781478,13.968914047597782,396.1449688313923
2023.9768027154078,-18.3313815442439,378.1076550982365 2057.661861567163,-3.8409760208193475,425.59812738395357
2057.661861567163,-3.8409760208193475,425.59812738395357 2034.2670803451422,44.40225948184557,452.5290471567386
2023.9768027154078,-18.3313815442439,378.1076550982365 1979.6379485355585,-18.007571354674432,337.68536969798726
2023.9768027154078,-18.3313815442439,378.1076550982365 2020.6257774471142,-32.222509372041486,436.3812099694046
2023.9768027154078,-18.3313815442439,378.1076550982365 1990.0652553048285,-9.339218952867554,426.78154917042144
2023.9768027154078,-18.3313815442439,378.1076550982365 2026.8906723229027,-77.11568377847401,389.7659214678648
2023.9768027154078,-18.3313815442439,378.1076550982365 1996.3555880092576,-54.187493735363276,417.4955684308137
1996.3555880092576,-54.187493735363276,417.4955684308137 1964.0303935909437,-92.22335753085085,450.78753249347193
2023.9768027154078,-18.3313815442439,378.1076550982365 2008.8896302869698,-16.77338536933866,436.1589244731051
2008.8896302869698,-16.77338536933866,436.1589244731051 1972.8401766587895,17.743285413080653,402.85672738030433
2008.8896302869698,-16.77338536933866,436.1589244731051 1953.758979699679,-40.28237016141761,433.34130138478207
2023.9768027154078,-18.3313815442439,378.1076550982365 1983.701708159941,19.77577381127536,401.03714417362875
2023.9768027154078,-18.3313815442439,378.1076550982365 1995.222855992061,2.6043755720375046,426.42850589578575
2023.9768027154078,-18.3313815442439,378.1076550982365 1979.9222199454719,-57.44713540422201,366.74316932313525
2023.9768027154078,-18.3313815442439,378.1076550982365 1976.472247570897,17.824040796468648,384.1162053299352
2023.9768027154078,-18.3313815442439,378.1076550982365 2001.1152944263372,-70.87373448732613,395.90238988000084
2023.9768027154078,-18.3313815442439,378.1076550982365 2054.5309323893607,-2.8444656931948984,427.3681930296252
2023.9768027154078,-18.3313815442439,378.1076550982365 1993.4502058496016,24.017729934908832,348.53267173866647
2023.9768027154078,-18.3313815442439,378.1076550982365 1978.2636085064742,-56.125348277201894,387.15861934545285
2023.9768027154078,-18.3313815442439,378.1076550982365 1986.6936278269375,28.282878872746313,384.1966284117564
1974.4805236298291,-43.00960871501074,354.8460244505253 1929.6553886557383,-15.640427902755356,325.835074513982
1974.4805236298291,-43.00960871501074,354.8460244505253 1935.9552479968331,-7.579083337130051,384.179981034134
1935.9552479968331,-7.579083337130051,384.179981034134 1936.3162201157697,-50.091393841825635,426.51877122329387
1935.9552479968331,-7.579083337130051,384.179981034134 1906.5400366111644,-46.33163207622211,349.06609054389196
1906.5400366111644,-46.33163207622211,349.06609054389196 1891.9269200966528,-59.034680606687985,405.8559609766191
1974.4805236298291,-43.00960871501074,354.8460244505253 1932.22339666431,-64.86021440383001,391.40947958884243
1974.4805236298291,-43.00960871501074,354.8460244505253 1998.8290925154392,-75.78274207015208,398.81270414445737
1974.4805236298291,-43.00960871501074,354.8460244505253 1932.959327749304,-84.42439041024168,342.1650879792927
1974.4805236298291,-43.00960871501074,354.8460244505253 2006.7231891726374,-11.811203003853226,394.68407158861453
1974.4805236298291,-43.00960871501074,354.8460244505253 1964.9551581043772,-101.79838315773546,347.55579735331025
1964.9551581043772,-101.79838315773546,347.55579735331025 1977.6435775232223,-109.80653482556446,405.6494589655423
1974.4805236298291,-43.00960871501074,354.8460244505253 1940.705078640379,1.079792724258752,377.5472137694039
1974.4805236298291,-43.00960871501074,354.8460244505253 1976.218490264416,16.112858927713447,344.77064397075713
1974.4805236298291,-43.00960871501074,354.8460244505253 1998.6109623602847,8.566459548376955,373.75716162326313
1974.4805236298291,-43.00960871501074,354.8460244505253 1956.7416244918722,-80.28684590062392,311.3059389524359
1974.4805236298291,-43.00960871501074,354.8460244505253 1930.9019680448994,-14.956725740184162,324.61449703407015
1974.4805236298291,-43.00960871501074,354.8460244505253 1943.588852921432,-91.88158240306231,338.8074812287005
1974.4805236298291,-43.00960871501074,354.8460244505253 1941.9171269291335,-12.293163538650699,314.89448892257855
1974.4805236298291,-43.00960871501074,354.8460244505253 1941.132291269805,-90.12481572615647,371.21833848241215
1941.132291269805,-90.12481572615647,371.21833848241215 1958.0655767419723,-134.7388705479953,334.84733415929725
1974.4805236298291,-43.00960871501074,354.8460244505253 2009.6825706858963,-0.01828434475424956,377.4858546608829
1974.4805236298291,-43.00960871501074,354.8460244505253 1987.5743035207188,-13.555987906538743,405.452715208168
1987.5743035207188,-13.555987906538743,405.452715208168 1951.544335389769,16.667414445534817,368.19164508468094
1974.4805236298291,-43.00960871501074,354.8460244505253 1978.3864505309857,-34.81991140094314,414.1559948850718
1974.4805236298291,-43.00960871501074,354.8460244505253 1933.3567044510496,-42.397091550151316,311.1601420756229
2011.184847657208,3.0420281136864276,366.336861804303 2014.099031583113,58.626086895240675,388.74043164070895
2011.184847657208,3.0420281136864276,366.336861804303 2003.8322756422626,23.896142866364745,422.1136094922703
2003.8322756422626,23.896142866364745,422.1136094922703 2039.3887878458918,30.89922152408531,469.9329709395643
2011.184847657208,3.0420281136864276,366.336861804303 2013.5838769646718,18.662243513976378,424.2182364357894
2013.5838769646718,18.662243513976378,424.2182364357894 1970.4901416366827,-18.1979080529784,443.8207669342313
2011.184847657208,3.0420281136864276,366.336861804303 2034.8293189255016,-16.859684375905665,417.765072140892
2011.184847657208,3.0420281136864276,366.336861804303 2041.116795667515,40.804476294934936,402.0870505543893
2011.184847657208,3.0420281136864276,366.336861804303 1981.698414785619,19.733562383461845,415.8539594598622
1981.698414785619,19.733562383461845,415.8539594598622 2041.3909904033521,24.174095377240395,411.7213957456085
1981.698414785619,19.733562383461845,415.8539594598622 2007.66877910373,52.51452548384994,372.8313068754901
2011.184847657208,3.0420281136864276,366.336861804303 1955.7785517610364,17.119664135605206,384.5567009666078
2016.6003649347879,-56.49236436230427,371.46797134619885 2028.34870408595,-17.9811911812918,415.95241882406845
2028.34870408595,-17.9811911812918,415.95241882406845 2008.2924747706072,22.45988684837289,455.477940622635
2028.34870408595,-17.9811911812918,415.95241882406845 1976.723776135929,0.4520556359765635,440.34672606835807
2016.6003649347879,-56.49236436230427,371.46797134619885 1991.0879128119923,-7.510065091094084,348.01910901158504
2016.6003649347879,-56.49236436230427,371.46797134619885 2023.3220567422795,-104.17384778249162,407.2631525595339
2016.6003649347879,-56.49236436230427,371.46797134619885 1964.9460457762623,-39.526714005630716,346.09085527198187
2016.6003649347879,-56.49236436230427,371.46797134619885 1980.1930502114421,-16.472106529471027,397.4080252711389
2016.6003649347879,-56.49236436230427,371.46797134619885 1999.0100725591526,0.8392643907457327,373.3826406811284
1999.0100725591526,0.8392643907457327,373.3826406811284 1987.8441677659011,-57.478192868132766,382.0079956887164
2016.6003649347879,-56.49236436230427,371.46797134619885 2001.6816021244208,-13.513052819628086,410.58586105826777
2001.6816021244208,-13.513052819628086,410.58586105826777 1995.8713123956295,-32.81863809474984,467.0972308032359
1995.8713123956295,-32.81863809474984,467.0972308032359 1998.9703894080399,-77.28923743996701,507.25643293112086
2016.6003649347879,-56.49236436230427,371.46797134619885 1965.2478784342725,-58.94980622137569,402.40149862201525
2016.6003649347879,-56.49236436230427,371.46797134619885 1961.6416750005253,-43.15769076505006,391.5111467623917
2016.6003649347879,-56.49236436230427,371.46797134619885 1973.2115983854405,-35.48178564390892,335.7472418009564
2016.6003649347879,-56.49236436230427,371.46797134619885 1978.5960483201764,-90.13326654619027,339.4685710563406
1979.0172023912417,-69.2309076835157,326.4653557857784 1960.8236386592648,-125.8366276627496,318.41633694103365
1960.8236386592648,-125.8366276627496,318.41633694103365 1967.7363624273469,-68.6700985245138,335.27463449426926
1960.8236386592648,-125.8366276627496,318.41633694103365 1919.116616827806,-168.96992567784983,318.6235380288099
1960.8236386592648,-125.8366276627496,318.41633694103365 1914.523414267338,-156.70839010486108,295.9836932052839
1914.523414267338,-156.70839010486108,295.9836932052839 1884.272995106085,-195.92955189571003,262.1220244876238
1884.272995106085,-195.92955189571003,262.1220244876238 1839.3811206585176,-161.5052208734266,242.12989998190696
1884.272995106085,-195.92955189571003,262.1220244876238 1878.928435893532,-164.13703544459202,312.7251032924643
1884.272995106085,-195.92955189571003,262.1220244876238 1862.2814832491392,-141.17253171460436,251.25730419063495
1884.272995106085,-195.92955189571003,262.1220244876238 1828.5981488019436,-190.21455249450688,283.7472475120105
1884.272995106085,-195.92955189571003,262.1220244876238 1861.2232034882081,-162.9210348798294,306.60960602207865
1884.272995106085,-195.92955189571003,262.1220244876238 1920.3231858359838,-158.44155642983617,292.03914240176346
1884.272995106085,-195.92955189571003,262.1220244876238 1884.4090551173153,-253.74224008623474,278.1742695598406
1884.4090551173153,-253.74224008623474,278.1742695598406 1924.5915327924342,-284.3852003122622,245.82651111393463
1914.523414267338,-156.70839010486108,295.9836932052839 1890.2234312957012,-195.10113735536567,335.1692490407832
1960.8236386592648,-125.8366276627496,318.41633694103365 1931.3699679451415,-169.50214605279103,289.67953501053097
1931.3699679451415,-169.50214605279103,289.67953501053097 1895.1378056440794,-192.57101136114713,331.5729458095387
1931.3699679451415,-169.50214605279103,289.67953501053097 1882.8399013630062,-192.749336974054,316.22008420989516
1931.3699679451415,-169.50214605279103,289.67953501053097 1912.1508997954672,-115.53522492746657,307.51766394019126
1931.3699679451415,-169.50214605279103,289.67953501053097 1884.184996744484,-192.88063650794214,260.9214982758801
1931.3699679451415,-169.50214605279103,289.67953501053097 1896.4925693923055,-196.30035147307728,330.48913261255063
1931.3699679451415,-169.50214605279103,289.67953501053097 1948.0984100862083,-161.97564748999034,346.8066830481946
1931.3699679451415,-169.50214605279103,289.67953501053097 1878.1102252556946,-145.63827553082683,303.6048893099671
1931.3699679451415,-169.50214605279103,289.67953501053097 1898.1050300649583,-181.46011009363997,338.16098511080463
1960.8236386592648,-125.8366276627496,318.41633694103365 1960.9348387041482,-182.54139604093638,338.02645875927357
1960.8236386592648,-125.8366276627496,318.41633694103365 1953.787961702357,-66.94398522205263,327.48032701771916
1960.8236386592648,-125.8366276627496,318.41633694103365 1917.049050024358,-122.36185916099697,359.302904095833
1979.0172023912417,-69.2309076835157,326.4653557857784 1933.0430265398516,-97.63347288526543,352.5358265284751
1979.0172023912417,-69.2309076835157,326.4653557857784 2001.9221068795866,-66.13445171654728,381.83481768333
1979.0172023912417,-69.2309076835157,326.4653557857784 1998.2959163804396,-52.336523230372705,380.7139590938093
1979.0172023912417,-69.2309076835157,326.4653557857784 1947.2102160598026,-25.28089903215991,300.83895611556716
1979.0172023912417,-69.2309076835157,326.4653557857784 1938.8506250871558,-29.43175694984894,306.3986253955586
1938.8506250871558,-29.43175694984894,306.3986253955586 1984.1106791933114,-10.647906993883336,341.0207929062683
1979.0172023912417,-69.2309076835157,326.4653557857784 2008.7103806978585,-78.29116715830045,377.80955565588096
1979.0172023912417,-69.2309076835157,326.4653557857784 1942.678136479553,-30.040947752962943,299.19597131697145
1965.0236169158995,-12.083968133175127,314.7007110578653 1927.2020479020916,30.869799019545518,296.68674967443764
1927.2020479020916,30.869799019545518,296.68674967443764 1905.7359460320756,55.911382681383756,346.8078585828931
1905.7359460320756,55.911382681383756,346.8078585828931 1956.167113898473,56.37315098686912,314.3042575875681
1905.7359460320756,55.911382681383756,346.8078585828931 1894.726830468992,15.369598930189774,389.6466627771058
1894.726830468992,15.369598930189774,389.6466627771058 1925.3719570255087,-19.121925877774366,351.2902951863567
1925.3719570255087,-19.121925877774366,351.2902951863567 1885.7459409982916,-46.08859430250603,387.3815357840603
1894.726830468992,15.369598930189774,389.6466627771058 1850.4344327006452,25.468380434581398,350.4522995081724
1905.7359460320756,55.911382681383756,346.8078585828931 1860.659688979827,44.9915207836926,308.7436015128416
1860.659688979827,44.9915207836926,308.7436015128416 1912.1646830718917,31.086686745961032,281.2865227541767
1965.0236169158995,-12.083968133175127,314.7007110578653 1926.8429589874672,-52.18709197619254,291.5927726343789
1965.0236169158995,-12.083968133175127,314.7007110578653 1931.5625047629446,-59.986965389453474,301.07511648910037
1965.0236169158995,-12.083968133175127,314.7007110578653 1924.6481265096836,29.940995778217776,328.97383905083456
1965.0236169158995,-12.083968133175127,314.7007110578653 1926.4660820926515,-12.926024835657973,360.66382070966995
1926.4660820926515,-12.926024835657973,360.66382070966995 1885.8409314067903,29.607537841961065,372.5168025159553
1965.0236169158995,-12.083968133175127,314.7007110578653 1941.1436921111017,-66.95596326908773,310.3632762028406
1914.079953940644,17.845643895019837,304.26224725779855 1884.6487777836892,49.485443933142164,345.88830788772043
1914.079953940644,17.845643895019837,304.26224725779855 1913.3687818289218,-29.00364036971833,266.78373610661663
1914.079953940644,17.845643895019837,304.26224725779855 1877.4874908407749,48.30154528007221,340.7784041627727
1877.4874908407749,48.30154528007221,340.7784041627727 1893.338578389797,6.8819244883775355,300.36605410755504
1877.4874908407749,48.30154528007221,340.7784041627727 1834.23907070474,8.448708745068402,328.8903607639927
1834.23907070474,8.448708745068402,328.8903607639927 1784.9839431359376,-15.918545333676281,304.8036561981352
1877.4874908407749,48.30154528007221,340.7784041627727 1911.4310699322848,33.476988451007074,293.57601065057645
1914.079953940644,17.845643895019837,304.26224725779855 1886.5896804928527,-31.834842040414937,323.6564263583619
1886.5896804928527,-31.834842040414937,323.6564263583619 1932.7642742463825,-50.4352997204809,357.1516478950016
1932.7642742463825,-50.4352997204809,357.1516478950016 1885.9991969755297,-13.593270887419052,349.6889098374916
1886.5896804928527,-31.834842040414937,323.6564263583619 1926.8338787871457,11.599769694752087,333.34347993852293
1926.8338787871457,11.599769694752087,333.34347993852293 1972.780894208135,-18.391054491753753,357.6214995965899
1886.5896804928527,-31.834842040414937,323.6564263583619 1886.3397128067145,-79.3182259623322,360.33429117461986
1886.3397128067145,-79.3182259623322,360.33429117461986 1910.385399175415,-31.023717372745608,334.07699871807665
1886.5896804928527,-31.834842040414937,323.6564263583619 1892.3957226848293,-44.893035024069356,265.3831608752381
1914.079953940644,17.845643895019837,304.26224725779855 1906.258794355654,54.48331977912197,257.3953061526059
1906.258794355654,54.48331977912197,257.3953061526059 1876.7961823057124,2.23226449866155,258.73011448075874
1876.7961823057124,2.23226449866155,258.73011448075874 1869.8934821470739,-57.07235931361129,252.78752876368785
1869.8934821470739,-57.07235931361129,252.78752876368785 1831.9944660261672,-98.38915066194113,231.41962456730408
1831.9944660261672,-98.38915066194113,231.41962456730408 1800.1139842243163,-47.94365592976325,225.18368507852918
1914.079953940644,17.845643895019837,304.26224725779855 1886.4228458647142,-27.774018692091598,276.80444766798337
1886.4228458647142,-27.774018692091598,276.80444766798337 1921.6818564435162,-75.85545590573051,270.0979158910632
1914.079953940644,17.845643895019837,304.26224725779855 1884.269622314584,51.73278924189721,264.72738278877654
1914.079953940644,17.845643895019837,304.26224725779855 1863.1601936936017,-6.957193936709199,284.46332678529086
1914.079953940644,17.845643895019837,304.26224725779855 1958.5966407453304,57.97675318746866,307.047684905813
1914.079953940644,17.845643895019837,304.26224725779855 1869.130986549431,-5.175465173066133,336.6600692175998
1881.0947186657063,20.16223030843512,254.19621404918306 1926.6753265775628,37.23318564388619,289.2816906217001
1859.7947501243293,-27.778126939560444,225.0751995223691 1809.7480713663724,3.355881577891388,236.30032575475983
1809.7480713663724,3.355881577891388,236.30032575475983 1776.3264351152466,-28.845859362166664,274.32718613958275
1809.7480713663724,3.355881577891388,236.30032575475983 1792.198550577847,-51.7380242356592,220.27921897961065
1792.198550577847,-51.7380242356592,220.27921897961065 1750.7134050584154,-80.25393109364786,187.63223202371992
1809.7480713663724,3.355881577891388,236.30032575475983 1829.4184661523807,55.644214703758486,258.18652661011447
1829.4184661523807,55.644214703758486,258.18652661011447 1810.904237193744,26.437445550887293,209.1540071794543
1829.4184661523807,55.644214703758486,258.18652661011447 1871.46189432052,86.165720488257,288.1996542798082
1871.46189432052,86.165720488257,288.1996542798082 1900.7083202126087,138.02466970736253,295.63577950930755
1871.46189432052,86.165720488257,288.1996542798082 1905.200544866577,45.151316840743036,260.27973034062387
1803.443818115177,-30.302006482383675,245.52519936963574 1797.444402849713,-85.73407628105659,267.69032184409036
1803.443818115177,-30.302006482383675,245.52519936963574 1744.7766022275962,-40.39720973575821,253.02484277936148
1744.7766022275962,-40.39720973575821,253.02484277936148 1744.1125484738102,-33.831475761630664,193.38886228106605
1744.7766022275962,-40.39720973575821,253.02484277936148 1785.5716519759933,-67.56911686764624,218.42063235863577
1803.443818115177,-30.302006482383675,245.52519936963574 1840.3793774901326,13.164468156616422,226.91256827899497
1803.443818115177,-30.302006482383675,245.52519936963574 1748.837257734644,-49.41428565014016,229.62411926729877
1748.837257734644,-49.41428565014016,229.62411926729877 1767.9953864683018,-86.21997801648516,272.96355988273086
1767.9953864683018,-86.21997801648516,272.96355988273086 1729.335580038679,-98.66245063834626,317.12920537646653
1729.335580038679,-98.66245063834626,317.12920537646653 1788.3259321984904,-89.01384322532567,322.3294675862831
1767.9953864683018,-86.21997801648516,272.96355988273086 1818.343992478199,-53.74211588869622,269.7688228875352
1803.443818115177,-30.302006482383675,245.52519936963574 1808.0718179730386,-2.8224307816247745,298.6613879478721
1803.443818115177,-30.302006482383675,245.52519936963574 1763.5102286899648,-63.87119236006717,215.88707872867542
1768.7933895594608,0.0,207.03966697047593 1729.6469709151106,30.4669121838795,240.7935581432141
1729.6469709151106,30.4669121838795,240.7935581432141 1678.7763084148992,51.66805852144085,264.51458448616336
1678.7763084148992,51.66805852144085,264.51458448616336 1714.5785515901694,87.44523446121804,296.7355879682563
1729.6469709151106,30.4669121838795,240.7935581432141 1747.1072458545727,-1.3429582916236917,288.5771425563795
1711.184783801759,0.0,223.81013335199614 1712.924244163091,-37.92698390762899,177.35027789245123
1712.924244163091,-37.92698390762899,177.35027789245123 1693.4075358105035,13.58354455938781,201.136062557429
1693.4075358105035,13.58354455938781,201.136062557429 1689.3437041441334,-24.62061122149146,247.22215322758365
1689.3437041441334,-24.62061122149146,247.22215322758365 1663.9530480389865,22.897828352760428,220.81547825744894
1663.9530480389865,22.897828352760428,220.81547825744894 1702.741526820706,-16.846669776766618,198.10361390790425
1693.4075358105035,13.58354455938781,201.136062557429 1660.9059275856753,-3.9309431486538386,248.43181483101725
1711.184783801759,0.0,223.81013335199614 1683.3558863299538,-44.860661799786875,252.32457685680419
1683.3558863299538,-44.860661799786875,252.32457685680419 1685.6512719324608,9.712614612043794,227.49538624144722
1653.5761780440573,0.0,240.58059973351635 1644.4987225579862,57.852365856716546,227.51524223059988
1611.4565481502318,0.0,197.84961826096918 1639.2407920034939,-36.86675537872193,236.17556432036807
1551.6840062626543,0.0,203.06912363004437 1501.1260483222068,-17.827618337411828,230.01478957667695
1551.6840062626543,0.0,203.06912363004437 1564.7043840488848,43.3074173716284,163.6364295437482
1564.7043840488848,43.3074173716284,163.6364295437482 1536.969819913837,88.41044984097536,135.41391345627008
1551.6840062626543,0.0,203.06912363004437 1554.758064795686,14.578167545119076,144.94832532890322
1551.6840062626543,0.0,203.06912363004437 1500.9371298087838,29.969570257253793,191.81837304303366
1493.0700052188786,0.0,215.8909363583703 1446.1031007885629,3.356890749079212,178.7043638794184
1446.1031007885629,3.356890749079212,178.7043638794184 1442.7212466033775,41.53879769376614,132.54480317594752
1434.4560041751029,0.0,228.71274908669625 1425.2100340208742,-33.57383693314045,179.85264767978134
1425.2100340208742,-33.57383693314045,179.85264767978134 1398.1235249488066,5.20363446065096,142.93884621484844
1375.8420031313271,0.0,241.5345618150222 1422.3160404908201,-37.382148743481935,234.99706941895505
1317.2280020875514,0.0,254.35637454334812 1375.0820027337381,0.9121556031180957,238.47926582082746
1258.6140010437757,0.0,267.17818727167406 1206.1752723787467,-12.951113808873801,241.05447415303288
1206.1752723787467,-12.951113808873801,241.05447415303288 1185.6641966858451,16.215785291497397,192.7990312394213
1258.6140010437757,0.0,267.17818727167406 1221.5903557667073,-20.460661547363795,309.7294624516501
1258.6140010437757,0.0,267.17818727167406 1271.8758094042123,-57.65316930542881,257.16636885289427
1271.8758094042123,-57.65316930542881,257.16636885289427 1232.4219769714787,-41.93940309754148,299.55118521363397
1232.4219769714787,-41.93940309754148,299.55118521363397 1224.6573691780209,-96.6972169473113,322.8168828865543
1232.4219769714787,-41.93940309754148,299.55118521363397 1268.3914699426725,-54.79703192082904,345.8207968009145
1268.3914699426725,-54.79703192082904,345.8207968009145 1232.8358029342867,-14.59000954222607,372.6385128676363
1258.6140010437757,0.0,267.17818727167406 1308.6029898310858,23.76744550304328,244.021988657004
1258.6140010437757,0.0,267.17818727167406 1276.2196423621108,-29.664035272319076,218.08555640783928
1200.0,0.0,280.0 1234.5167749225975,33.183233489761854,243.84111085629573
1234.5167749225975,33.183233489761854,243.84111085629573 1230.703739954651,-26.509968483927892,248.55093064706267
1234.5167749225975,33.183233489761854,243.84111085629573 1234.7182201214841,72.614029487914,198.61753573464094
1234.5167749225975,33.183233489761854,243.84111085629573 1277.215906011657,-3.9833615067749264,223.95572877289746
1200.0,0.0,280.0 1199.6723389959743,-37.055713780457424,232.81137091960332
目标树
2480.0,0.0,0.0 2489.6703934016023,-32.98078543793037,-49.18080197958803
2489.6703934016023,-32.98078543793037,-49.18080197958803 2488.0619265300447,-78.93072110386338,-87.72968324246932
2488.0619265300447,-78.93072110386338,-87.72968324246932 2485.6658899303216,-102.6449923272786,-142.7923053100306
2485.6658899303216,-102.6449923272786,-142.7923053100306 2479.0063262809135,-136.7280559224617,-191.72077338298573
2479.0063262809135,-136.7280559224617,-191.72077338298573 2464.0659730765105,-158.5699263950425,-245.56980810401566
2464.0659730765105,-158.5699263950425,-245.56980810401566 2444.58708247044,-142.94212843418597,-300.1256946026454
2444.58708247044,-142.94212843418597,-300.1256946026454 2446.6899929764413,-124.29822655976157,-357.116770134702
2446.6899929764413,-124.29822655976157,-357.116770134702 2409.009024791179,-156.0918517223645,-391.31194575409506
2409.009024791179,-156.0918517223645,-391.31194575409506 2418.825359503893,-206.80054182731527,-360.7788764578709
2446.6899929764413,-124.29822655976157,-357.116770134702 2457.2333261359477,-176.81042670105978,-330.07408235763563
2444.58708247044,-142.94212843418597,-300.1256946026454 2467.051614154662,-93.67243743663352,-325.96834085287065
2467.051614154662,-93.67243743663352,-325.96834085287065 2448.0218306290885,-48.573694679148474,-291.27005932965966
2464.0659730765105,-158.5699263950425,-245.56980810401566 2451.6294253675273,-153.72998764410752,-304.0668787483597
2464.0659730765105,-158.5699263950425,-245.56980810401566 2446.1987977785375,-126.28328586417706,-292.8808733013052
2479.0063262809135,-136.7280559224617,-191.72077338298573 2473.801460783021,-195.19352397080155,-179.28299138467924
2473.801460783021,-195.19352397080155,-179.28299138467924 2471.936801504552,-214.6160156545081,-236.02177761219357
2471.936801504552,-214.6160156545081,-236.02177761219357 2443.335886831553,-215.43424751929587,-288.75998175760674
2443.335886831553,-215.43424751929587,-288.75998175760674 2455.817949500085,-262.72187111490337,-254.00255426046613
2455.817949500085,-262.72187111490337,-254.00255426046613 2429.87542354395,-289.1561693486567,-301.2065077379477
2429.87542354395,-289.1561693486567,-301.2065077379477 2448.09409823407,-327.94097931409743,-259.20866959739294
2448.09409823407,-327.94097931409743,-259.20866959739294 2424.4601245250315,-354.751751358626,-307.4022146952253
2424.4601245250315,-354.751751358626,-307.4022146952253 2409.4607673623104,-374.5269997799821,-252.7765903548228
2409.4607673623104,-374.5269997799821,-252.7765903548228 2452.205528909752,-346.1683609825547,-283.90010181817496
2409.4607673623104,-374.5269997799821,-252.7765903548228 2377.3626940545973,-348.0519836385959,-209.54711880767093
2409.4607673623104,-374.5269997799821,-252.7765903548228 2448.913647992683,-329.32259109333575,-252.95448149072482
2409.4607673623104,-374.5269997799821,-252.7765903548228 2445.8042372456057,-411.66415875591855,-222.7768633554313
2409.4607673623104,-374.5269997799821,-252.7765903548228 2439.654142545892,-323.3693154409265,-261.2176464551611
2424.4601245250315,-354.751751358626,-307.4022146952253 2425.8383508762763,-346.07530757887105,-248.04886756583855
2425.8383508762763,-346.07530757887105,-248.04886756583855 2390.6914123040833,-387.38600599049204,-222.39503927946816
2448.09409823407,-327.94097931409743,-259.20866959739294 2428.814047002758,-319.5444849470688,-315.4027841189551
2429.87542354395,-289.1561693486567,-301.2065077379477 2416.4044703962713,-335.319070373892,-337.0885365299123
2416.4044703962713,-335.319070373892,-337.0885365299123 2432.1889110570733,-386.4854481351113,-310.0172746490575
2416.4044703962713,-335.319070373892,-337.0885365299123 2444.324226293365,-355.0247998330119,-287.7714861605858
2444.324226293365,-355.0247998330119,-287.7714861605858 2427.617694250953,-383.75665469994357,-337.72518775537685
2427.617694250953,-383.75665469994357,-337.72518775537685 2417.5588410478763,-325.96205372907485,-325.1313967908969
2444.324226293365,-355.0247998330119,-287.7714861605858 2449.9261132625625,-317.54413911107116,-241.25461895920282
2444.324226293365,-355.0247998330119,-287.7714861605858 2450.6940197795534,-315.09704919414605,-332.10206770272055
2444.324226293365,-355.0247998330119,-287.7714861605858 2402.3313800088176,-342.9217777719021,-246.66044484671642
2416.4044703962713,-335.319070373892,-337.0885365299123 2404.874169779398,-298.53342516483775,-383.06536193400166
2404.874169779398,-298.53342516483775,-383.06536193400166 2447.3431496595776,-325.232273578209,-350.14793127277443
2447.3431496595776,-325.232273578209,-350.14793127277443 2441.8193167230347,-349.1352914291523,-295.39272140826336
2404.874169779398,-298.53342516483775,-383.06536193400166 2368.066608058149,-295.4198246631043,-430.34653040573085
2416.4044703962713,-335.319070373892,-337.0885365299123 2401.7815189396215,-286.5764571465402,-368.8741771002273
2443.335886831553,-215.43424751929587,-288.75998175760674 2441.13270334701,-248.06921475844985,-339.0601298272972
2441.13270334701,-248.06921475844985,-339.0601298272972 2404.347772433521,-280.81143679440936,-373.3357152174517
2404.347772433521,-280.81143679440936,-373.3357152174517 2430.9401593318144,-249.8899681334202,-417.3437569246097
2430.9401593318144,-249.8899681334202,-417.3437569246097 2408.152287714468,-305.1731516540245,-412.39577481282566
2408.152287714468,-305.1731516540245,-412.39577481282566 2391.8332246502587,-337.86544738107295,-459.9867611526943
2391.8332246502587,-337.86544738107295,-459.9867611526943 2359.0600178681657,-360.6410451777002,-415.18509754268484
2359.0600178681657,-360.6410451777002,-415.18509754268484 2379.2885744645114,-315.470411076757,-381.2672657583984
2379.2885744645114,-315.470411076757,-381.2672657583984 2403.6333221251807,-349.85160112791317,-338.54412177291186
2403.6333221251807,-349.85160112791317,-338.54412177291186 2361.773785879669,-378.56051437812505,-306.5507236210666
2361.773785879669,-378.56051437812505,-306.5507236210666 2313.782218717844,-404.30692655669424,-281.3727224835006
2313.782218717844,-404.30692655669424,-281.3727224835006 2285.4145173027755,-385.4122338018885,-231.99394058148312
2285.4145173027755,-385.4122338018885,-231.99394058148312 2257.177068510303,-362.83072160179034,-184.11156603249796
2257.177068510303,-362.83072160179034,-184.11156603249796 2228.9396197178303,-340.24920940169227,-136.2291914835128
2228.9396197178303,-340.24920940169227,-136.2291914835128 2234.991631000191,-363.41656939354345,-81.21422451591249
2234.991631000191,-363.41656939354345,-81.21422451591249 2204.5137225262633,-337.0059747158537,-36.789258744111514
2204.5137225262633,-337.0059747158537,-36.789258744111514 2168.0217494796725,-314.3175799295176,5.086422088398251
2168.0217494796725,-314.3175799295176,5.086422088398251 2161.7258997293416,-373.68612667032767,-0.891699172124004
2161.7258997293416,-373.68612667032767,-0.891699172124004 2200.2012750307686,-327.7480006884046,2.163472947953766
2168.0217494796725,-314.3175799295176,5.086422088398251 2206.750297869052,-327.3777530389212,49.012853971763604
2168.0217494796725,-314.3175799295176,5.086422088398251 2164.7303557132163,-366.6866546623001,-24.010772599515793
2168.0217494796725,-314.3175799295176,5.086422088398251 2186.25735866843,-364.813937356618,31.874114114950856
2168.0217494796725,-314.3175799295176,5.086422088398251 2203.365857785271,-362.8000187306273,4.5892943595873215
2168.0217494796725,-314.3175799295176,5.086422088398251 2201.844714249806,-319.32989116793283,54.39041574213331
2201.844714249806,-319.32989116793283,54.39041574213331 2235.5958222441764,-363.96715457719336,76.0324448633746
2201.844714249806,-319.32989116793283,54.39041574213331 2153.6265351072216,-351.5438582243872,69.7939064718123
2153.6265351072216,-351.5438582243872,69.7939064718123 2116.766322633181,-321.35309142067865,106.26090986080337
2116.766322633181,-321.35309142067865,106.26090986080337 2078.7240397240926,-367.7285541675408,107.71044981515891
2078.7240397240926,-367.7285541675408,107.71044981515891 2040.0839755250352,-333.58975851252984,138.39412739653957
2040.0839755250352,-333.58975851252984,138.39412739653957 2001.4439113259775,-299.45096285751896,169.0778049779202
2001.4439113259775,-299.45096285751896,169.0778049779202 1964.435610149407,-314.77009811682177,213.75117219969383
1964.435610149407,-314.77009811682177,213.75117219969383 1976.592587864817,-291.3396294146908,159.8696259224619
1964.435610149407,-314.77009811682177,213.75117219969383 1978.198942233892,-344.9059757149504,263.7751621577409
1964.435610149407,-314.77009811682177,213.75117219969383 2006.8119770425953,-291.63406038828083,178.12860509459273
1964.435610149407,-314.77009811682177,213.75117219969383 2023.5111761218536,-305.64552795115736,208.5723958647884
1964.435610149407,-314.77009811682177,213.75117219969383 1952.3900190860072,-293.3852906537284,159.00088685158107
1964.435610149407,-314.77009811682177,213.75117219969383 2006.7517261302032,-353.28924720475726,231.79615714956861
1964.435610149407,-314.77009811682177,213.75117219969383 1972.5986216724575,-359.63623603106043,174.7589305158016
1964.435610149407,-314.77009811682177,213.75117219969383 1993.2838420338935,-293.8524285490662,165.47870989463738
1964.435610149407,-314.77009811682177,213.75117219969383 1984.16376884873,-347.81506669278247,259.78192068533224
1964.435610149407,-314.77009811682177,213.75117219969383 2016.1037871796093,-310.1383198862586,183.60243901240122
2001.4439113259775,-299.45096285751896,169.0778049779202 1964.926510898782,-334.6110668275205,136.98035095336328
2001.4439113259775,-299.45096285751896,169.0778049779202 2014.3012011424605,-338.37763838476525,125.26680144032193
2001.4439113259775,-299.45096285751896,169.0778049779202 2059.1437177812586,-310.7667189634769,157.13268050081317
2001.4439113259775,-299.45096285751896,169.0778049779202 2049.1235261400793,-300.405238173595,132.6670415994904
2078.7240397240926,-367.7285541675408,107.71044981515891 2131.8987769014375,-339.9374428738574,108.02897639554455
2153.6265351072216,-351.5438582243872,69.7939064718123 2211.454923635029,-347.8971329175829,54.21896265767083
2204.5137225262633,-337.0059747158537,-36.789258744111514 2239.592055340396,-385.60667624959217,-34.05386527892123
2204.5137225262633,-337.0059747158537,-36.789258744111514 2160.572480133673,-375.3048707458089,-51.01465082595877
2204.5137225262633,-337.0059747158537,-36.789258744111514 2263.8103383959196,-343.6144843971734,-30.445841195318234
2204.5137225262633,-337.0059747158537,-36.789258744111514 2192.2300693875,-330.9650877822055,-95.2068892217458
2234.991631000191,-363.41656939354345,-81.21422451591249 2194.4511097740588,-404.2136794859288,-98.30404449224064
2194.4511097740588,-404.2136794859288,-98.30404449224064 2165.284901207224,-364.21984740510794,-132.2131240038845
2403.6333221251807,-349.85160112791317,-338.54412177291186 2355.8402618226078,-334.098876089547,-371.2194188760792
2379.2885744645114,-315.470411076757,-381.2672657583984 2404.8697943714187,-279.36697749911275,-421.79063274559576
2404.8697943714187,-279.36697749911275,-421.79063274559576 2358.972356781995,-317.978978776734,-423.3839249541881
2358.972356781995,-317.978978776734,-423.3839249541881 2374.1869968820856,-277.7345097398506,-465.20374607484865
2374.1869968820856,-277.7345097398506,-465.20374607484865 2424.0173690552697,-247.30588385374395,-479.02520532361484
2374.1869968820856,-277.7345097398506,-465.20374607484865 2418.5077426853877,-299.2892368221716,-499.42457645410354
2358.972356781995,-317.978978776734,-423.3839249541881 2409.048707942472,-313.14136129499946,-390.6890245635612
2404.8697943714187,-279.36697749911275,-421.79063274559576 2370.508374116008,-243.48479172390134,-455.43229652764217
2404.8697943714187,-279.36697749911275,-421.79063274559576 2447.2356722020127,-237.47806414224564,-414.68772253751445
2359.0600178681657,-360.6410451777002,-415.18509754268484 2410.393155933381,-345.264372428838,-388.19497209740456
2359.0600178681657,-360.6410451777002,-415.18509754268484 2338.916192367359,-414.6741157972832,-431.7577730542677
2338.916192367359,-414.6741157972832,-431.7577730542677 2337.688770945185,-435.30195793775346,-488.0870333483656
2337.688770945185,-435.30195793775346,-488.0870333483656 2387.707720056347,-436.9291517367139,-454.9893450581602
2387.707720056347,-436.9291517367139,-454.9893450581602 2397.3435157621766,-448.3009267148196,-396.8702072895831
2387.707720056347,-436.9291517367139,-454.9893450581602 2390.9546647492493,-414.9186850184505,-510.711842355082
2338.916192367359,-414.6741157972832,-431.7577730542677 2372.2697101996,-432.38241300509384,-385.1320391917938
2372.2697101996,-432.38241300509384,-385.1320391917938 2420.831189925772,-397.14819543125236,-384.5553254293524
2420.831189925772,-397.14819543125236,-384.5553254293524 2433.170235068116,-355.5727387291935,-343.09173459365144
2433.170235068116,-355.5727387291935,-343.09173459365144 2401.5434212404334,-385.14805381431887,-384.6254002725274
2420.831189925772,-397.14819543125236,-384.5553254293524 2393.348789989517,-443.22681143718063,-411.41568359379147
2372.2697101996,-432.38241300509384,-385.1320391917938 2415.476982006279,-439.9432743873675,-344.19348721224975
2372.2697101996,-432.38241300509384,-385.1320391917938 2405.4434061670427,-472.5701928675495,-355.39236458721064
2338.916192367359,-414.6741157972832,-431.7577730542677 2340.2708330039413,-457.4708009491103,-389.7267287089138
2338.916192367359,-414.6741157972832,-431.7577730542677 2309.4219931531325,-389.2717796395768,-477.4175313808553
2359.0600178681657,-360.6410451777002,-415.18509754268484 2333.1042864412825,-328.53772114826194,-371.6457292381677
2359.0600178681657,-360.6410451777002,-415.18509754268484 2384.2298209498117,-328.4492804756361,-459.1188123662471
2384.2298209498117,-328.4492804756361,-459.1188123662471 2382.707998482823,-338.3889182036617,-399.9674162862341
2359.0600178681657,-360.6410451777002,-415.18509754268484 2323.4054799973806,-379.20353686054517,-459.72932086900477
2323.4054799973806,-379.20353686054517,-459.72932086900477 2350.8133316862445,-417.78534514357256,-496.61093872143846
2350.8133316862445,-417.78534514357256,-496.61093872143846 2385.0659158423978,-443.2094764548613,-454.41646010525
2385.0659158423978,-443.2094764548613,-454.41646010525 2353.9585311562764,-454.9212157874212,-504.3680945109011
2353.9585311562764,-454.9212157874212,-504.3680945109011 2332.5068118949507,-497.90524265888956,-540.315238690184
2385.0659158423978,-443.2094764548613,-454.41646010525 2328.132767280167,-460.2525940590377,-446.1612352675371
2350.8133316862445,-417.78534514357256,-496.61093872143846 2392.5486864913446,-404.27829451778257,-537.5464946928037
2359.0600178681657,-360.6410451777002,-415.18509754268484 2304.4819085644517,-385.493786884444,-413.2953318191841
2359.0600178681657,-360.6410451777002,-415.18509754268484 2323.818001187904,-408.98386033066026,-419.76466994574747
2323.818001187904,-408.98386033066026,-419.76466994574747 2320.4040446624686,-463.1712487411425,-394.2289726164406
2359.0600178681657,-360.6410451777002,-415.18509754268484 2335.4145773438586,-411.7568106141099,-435.8749903955102
2391.8332246502587,-337.86544738107295,-459.9867611526943 2398.7887009784595,-292.4088127955884,-498.52655514811636
2398.7887009784595,-292.4088127955884,-498.52655514811636 2351.929813322575,-268.12641157112006,-469.9851880044929
2351.929813322575,-268.12641157112006,-469.9851880044929 2336.191588165837,-217.7456775305675,-498.5174488061001
2391.8332246502587,-337.86544738107295,-459.9867611526943 2341.609813061944,-356.5199197609464,-432.97528972555335
2341.609813061944,-356.5199197609464,-432.97528972555335 2374.293110380593,-307.1431177086492,-442.65689576324297
2374.293110380593,-307.1431177086492,-442.65689576324297 2316.7021891056424,-323.8166959791672,-444.95419294892616
2316.7021891056424,-323.8166959791672,-444.95419294892616 2284.691809260901,-367.8514359810263,-470.1787297170027
2284.691809260901,-367.8514359810263,-470.1787297170027 2324.7302292512513,-333.1649872922784,-442.00471328272096
2324.7302292512513,-333.1649872922784,-442.00471328272096 2354.61125960561,-377.0190168513317,-470.00378677445605
2374.293110380593,-307.1431177086492,-442.65689576324297 2345.874596983503,-344.9541579064698,-479.5718430808026
2345.874596983503,-344.9541579064698,-479.5718430808026 2306.1602180873597,-364.28189462078,-438.96141705009154
2306.1602180873597,-364.28189462078,-438.96141705009154 2357.7671684151437,-356.0032401503931,-468.42642270129727
2357.7671684151437,-356.0032401503931,-468.42642270129727 2372.1600623985755,-309.3269133529185,-503.2712949133896
2357.7671684151437,-356.0032401503931,-468.42642270129727 2376.2019888428617,-328.76319906452846,-418.2453749099428
2357.7671684151437,-356.0032401503931,-468.42642270129727 2411.142144678573,-356.7662456783754,-441.03062500452205
2411.142144678573,-356.7662456783754,-441.03062500452205 2374.6096251917247,-322.77884502713715,-407.7104866957568
2374.293110380593,-307.1431177086492,-442.65689576324297 2372.0722319218858,-271.82783282492227,-491.11201264941775
2372.0722319218858,-271.82783282492227,-491.11201264941775 2416.874330344866,-252.06634573249397,-456.4384549318514
2372.0722319218858,-271.82783282492227,-491.11201264941775 2345.1259491531214,-309.20020038461183,-452.6776011418996
2374.293110380593,-307.1431177086492,-442.65689576324297 2430.5589034936525,-287.43869989252914,-449.4315871869308
2341.609813061944,-356.5199197609464,-432.97528972555335 2367.1836495029615,-400.9916757970683,-401.8587056464529
2341.609813061944,-356.5199197609464,-432.97528972555335 2290.327352460091,-338.4909590850114,-407.57714389628103
2290.327352460091,-338.4909590850114,-407.57714389628103 2300.0370401669766,-375.50971944024496,-453.78681113590244
2341.609813061944,-356.5199197609464,-432.97528972555335 2294.7622321751055,-374.3951141082409,-465.9264898872713
2341.609813061944,-356.5199197609464,-432.97528972555335 2397.7847311816213,-349.889468574924,-412.96490014120724
2341.609813061944,-356.5199197609464,-432.97528972555335 2300.7612255659637,-379.6296687733754,-470.3561992940189
2391.8332246502587,-337.86544738107295,-459.9867611526943 2376.995370820234,-395.8302449371663,-464.44998173876667
2376.995370820234,-395.8302449371663,-464.44998173876667 2382.9259780879574,-370.3225196588609,-518.4331629025562
2382.9259780879574,-370.3225196588609,-518.4331629025562 2383.438541910764,-376.21136029899986,-458.72504926426916
2376.995370820234,-395.8302449371663,-464.44998173876667 2406.338092486992,-381.8022749756599,-414.0295419950851
2406.338092486992,-381.8022749756599,-414.0295419950851 2366.668554355945,-338.3717176015491,-402.1925478393252
2366.668554355945,-338.3717176015491,-402.1925478393252 2320.920464549749,-328.7243329558038,-439.79627436451443
2320.920464549749,-328.7243329558038,-439.79627436451443 2342.8386974890886,-294.11035363912407,-483.6307756241536
2406.338092486992,-381.8022749756599,-414.0295419950851 2421.747405465139,-408.3211537596609,-362.4611200531546
2421.747405465139,-408.3211537596609,-362.4611200531546 2415.823888037788,-381.3878012349798,-415.7481397021191
2406.338092486992,-381.8022749756599,-414.0295419950851 2373.773403102922,-347.7352841205774,-376.89490668788477
2376.995370820234,-395.8302449371663,-464.44998173876667 2401.801232518582,-349.66888417365914,-435.23015973616435
2391.8332246502587,-337.86544738107295,-459.9867611526943 2343.835909337294,-364.44576185348893,-484.2714189698298
2391.8332246502587,-337.86544738107295,-459.9867611526943 2410.4727822313457,-379.92594883747006,-498.50274628118035
2410.4727822313457,-379.92594883747006,-498.50274628118035 2366.4484694388057,-340.13942940971094,-489.6205869170871
2408.152287714468,-305.1731516540245,-412.39577481282566 2415.0198044808367,-351.05459700204017,-374.34672507120007
2415.0198044808367,-351.05459700204017,-374.34672507120007 2382.3789039430667,-392.05993534242316,-345.13827013647045
2382.3789039430667,-392.05993534242316,-345.13827013647045 2406.689750867681,-430.2397832758726,-384.5245867145238
2406.689750867681,-430.2397832758726,-384.5245867145238 2392.454262385988,-389.3388119472577,-342.9979517429372
2392.454262385988,-389.3388119472577,-342.9979517429372 2433.2909355691095,-346.096864499453,-350.9036524870986
2433.2909355691095,-346.096864499453,-350.9036524870986 2401.9143763009656,-354.30773568428293,-300.42501222333175
2401.9143763009656,-354.30773568428293,-300.42501222333175 2439.397020393328,-321.5652217640776,-266.91413079609333
2406.689750867681,-430.2397832758726,-384.5245867145238 2400.275732340678,-428.45469859376783,-324.89511548583545
2382.3789039430667,-392.05993534242316,-345.13827013647045 2416.414963936337,-438.1904857093429,-362.84473627117904
2416.414963936337,-438.1904857093429,-362.84473627117904 2425.1886420422243,-474.41711291044703,-315.82714324339327
2425.1886420422243,-474.41711291044703,-315.82714324339327 2365.229446855262,-472.2554562985405,-315.35581191201896
2365.229446855262,-472.2554562985405,-315.35581191201896 2358.046081164868,-516.7564395157817,-275.7570524610351
2358.046081164868,-516.7564395157817,-275.7570524610351 2313.4163582936985,-476.8420321885331,-271.8804657978646
2365.229446855262,-472.2554562985405,-315.35581191201896 2359.175636927162,-524.4279849444049,-286.34928436991396
2382.3789039430667,-392.05993534242316,-345.13827013647045 2368.969861393612,-450.43105442508875,-341.5313275330756
2368.969861393612,-450.43105442508875,-341.5313275330756 2340.090949536673,-399.29074527429555,-353.8063929064438
2368.969861393612,-450.43105442508875,-341.5313275330756 2389.669839956684,-450.7929085115312,-285.21632110398525
2389.669839956684,-450.7929085115312,-285.21632110398525 2342.5870216332273,-451.99647988253366,-248.044293520394
2389.669839956684,-450.7929085115312,-285.21632110398525 2413.9959289918693,-446.2722599575983,-230.55550214831948
2368.969861393612,-450.43105442508875,-341.5313275330756 2416.090826440073,-438.3244336295097,-376.6460592848953
2415.0198044808367,-351.05459700204017,-374.34672507120007 2374.7733674880656,-356.18026635175414,-330.1431978012603
2374.7733674880656,-356.18026635175414,-330.1431978012603 2420.359735004755,-338.341427850504,-295.44940963162344
2415.0198044808367,-351.05459700204017,-374.34672507120007 2367.290805538887,-372.19240945896735,-344.76403512361145
2367.290805538887,-372.19240945896735,-344.76403512361145 2415.3434828073805,-346.58551702112925,-369.9677504649454
2415.3434828073805,-346.58551702112925,-369.9677504649454 2398.9262154298285,-315.6817307571777,-418.70612678593056
2398.9262154298285,-315.6817307571777,-418.70612678593056 2404.8783102790226,-259.9721877815087,-397.23476473439115
2367.290805538887,-372.19240945896735,-344.76403512361145 2377.773009071594,-352.2339368020662,-400.36783695678315
2377.773009071594,-352.2339368020662,-400.36783695678315 2360.1844166360443,-319.45882049174446,-447.4468467911139
2415.0198044808367,-351.05459700204017,-374.34672507120007 2368.1665693740515,-356.0982815016776,-411.4861328033709
2368.1665693740515,-356.0982815016776,-411.4861328033709 2360.8354808668473,-321.97875671114144,-460.2930295431506
2408.152287714468,-305.1731516540245,-412.39577481282566 2426.017201593688,-317.49561542907895,-356.4582941884667
2426.017201593688,-317.49561542907895,-356.4582941884667 2426.819974929239,-370.83455619876656,-328.9935358145162
2408.152287714468,-305.1731516540245,-412.39577481282566 2357.829005854591,-330.1111031116215,-433.50657489121954
2430.9401593318144,-249.8899681334202,-417.3437569246097 2374.990322227063,-270.252768308453,-424.7580739520584
2374.990322227063,-270.252768308453,-424.7580739520584 2386.628848368156,-242.77974263032044,-476.81359786020636
2386.628848368156,-242.77974263032044,-476.81359786020636 2327.8630894254593,-235.1526491819379,-486.21641772546553
2327.8630894254593,-235.1526491819379,-486.21641772546553 2379.10478117126,-220.5055485965051,-513.7800073224053
2379.10478117126,-220.5055485965051,-513.7800073224053 2358.4268186531353,-274.55653564401933,-529.6202303413047
2327.8630894254593,-235.1526491819379,-486.21641772546553 2375.785861999515,-268.78924742414137,-499.3308040057278
2386.628848368156,-242.77974263032044,-476.81359786020636 2414.427734867959,-293.3976443764704,-460.53324368137515
2414.427734867959,-293.3976443764704,-460.53324368137515 2356.5028461688858,-308.16517506154656,-465.69340905327283
2356.5028461688858,-308.16517506154656,-465.69340905327283 2401.3926879458513,-268.64813165674667,-460.8658438510054
2401.3926879458513,-268.64813165674667,-460.8658438510054 2423.0729408796255,-260.1303655694942,-516.1597340524592
2414.427734867959,-293.3976443764704,-460.53324368137515 2435.476171543737,-259.3641299499683,-415.82660872316313
2435.476171543737,-259.3641299499683,-415.82660872316313 2434.807359243319,-200.18169230470767,-405.9781690258483
2386.628848368156,-242.77974263032044,-476.81359786020636 2366.623858778511,-225.18856276623947,-530.5755805478616
2374.990322227063,-270.252768308453,-424.7580739520584 2401.8105706548467,-303.90754486483024,-466.56752610360303
2401.8105706548467,-303.90754486483024,-466.56752610360303 2384.250141423025,-356.2227160110943,-490.1207465443683
2384.250141423025,-356.2227160110943,-490.1207465443683 2384.4556363510296,-398.1865816618345,-447.2372794331237
2384.4556363510296,-398.1865816618345,-447.2372794331237 2347.3985106382493,-383.90621815352955,-402.2612785884748
2347.3985106382493,-383.90621815352955,-402.2612785884748 2353.6389529836442,-334.6124095441649,-368.6282990577057
2353.6389529836442,-334.6124095441649,-368.6282990577057 2307.257751982175,-371.55980249778884,-359.4809307152931
2347.3985106382493,-383.90621815352955,-402.2612785884748 2302.7428909395135,-353.5671639198651,-428.441756382599
2347.3985106382493,-383.90621815352955,-402.2612785884748 2390.4313601368353,-419.5919222145053,-380.47356669152487
2390.4313601368353,-419.5919222145053,-380.47356669152487 2418.169044134366,-380.9619928196645,-343.89010811523985
2347.3985106382493,-383.90621815352955,-402.2612785884748 2319.693249040413,-419.7626375334247,-441.58983906363744
2319.693249040413,-419.7626375334247,-441.58983906363744 2280.930102334512,-454.12557842753404,-471.8653531065857
2347.3985106382493,-383.90621815352955,-402.2612785884748 2338.287342020224,-436.4183175466055,-374.7028674632733
2338.287342020224,-436.4183175466055,-374.7028674632733 2299.3947541130638,-459.35645644727714,-335.19073781100974
2384.4556363510296,-398.1865816618345,-447.2372794331237 2357.4029980971663,-437.192157482179,-410.5395980563805
2357.4029980971663,-437.192157482179,-410.5395980563805 2398.814703379257,-396.47088014673454,-425.60107998210947
2398.814703379257,-396.47088014673454,-425.60107998210947 2374.9897669721176,-353.69889757724525,-390.91779997183534
2374.9897669721176,-353.69889757724525,-390.91779997183534 2346.463565878386,-311.303413866237,-422.36424352384296
2346.463565878386,-311.303413866237,-422.36424352384296 2350.775101888605,-342.8588730786712,-473.21366486887877
2350.775101888605,-342.8588730786712,-473.21366486887877 2295.7090996926795,-323.35305148843366,-486.89790128338626
2398.814703379257,-396.47088014673454,-425.60107998210947 2413.0640893963514,-351.07322478411254,-389.0496383455279
2413.0640893963514,-351.07322478411254,-389.0496383455279 2366.563190975081,-382.32606395936057,-367.58043972283235
2366.563190975081,-382.32606395936057,-367.58043972283235 2406.8748976514353,-421.8300265886894,-387.937336377779
2406.8748976514353,-421.8300265886894,-387.937336377779 2377.036796518873,-377.50256756389484,-360.6469699967986
2366.563190975081,-382.32606395936057,-367.58043972283235 2373.21191334106,-361.2066716415543,-423.34571349627237
2366.563190975081,-382.32606395936057,-367.58043972283235 2323.456246588677,-420.22798945239856,-385.0514268039241
2413.0640893963514,-351.07322478411254,-389.0496383455279 2375.91006503824,-376.19540572678557,-428.905058286616
2413.0640893963514,-351.07322478411254,-389.0496383455279 2436.369657425711,-301.9538368505242,-414.4294773493226
2357.4029980971663,-437.192157482179,-410.5395980563805 2398.6192499229364,-393.58921363643105,-410.6018348562797
2357.4029980971663,-437.192157482179,-410.5395980563805 2402.6125091762005,-452.4701908342176,-374.1709054088755
2402.6125091762005,-452.4701908342176,-374.1709054088755 2355.75666673412,-487.7164229935718,-361.43382773729826
2402.6125091762005,-452.4701908342176,-374.1709054088755 2368.9684773020595,-487.25149788104045,-338.697819845784
2357.4029980971663,-437.192157482179,-410.5395980563805 2343.910020815458,-448.9963445071229,-353.2805312393649
2343.910020815458,-448.9963445071229,-353.2805312393649 2377.5600638689234,-479.8335570027948,-314.335173005081
2357.4029980971663,-437.192157482179,-410.5395980563805 2316.8703118398985,-419.02038473001284,-370.20489810939273
2384.4556363510296,-398.1865816618345,-447.2372794331237 2405.176191599816,-399.16000393393955,-390.93709258385854
2405.176191599816,-399.16000393393955,-390.93709258385854 2436.9907630591183,-362.60299275231694,-355.5617059947672
2384.4556363510296,-398.1865816618345,-447.2372794331237 2401.4377241401708,-340.9038937232249,-441.7325217772615
2401.4377241401708,-340.9038937232249,-441.7325217772615 2345.9416528651345,-337.68330494516505,-464.3115802376742
2345.9416528651345,-337.68330494516505,-464.3115802376742 2287.7858637306686,-325.3921336484334,-472.48662141811536
2384.4556363510296,-398.1865816618345,-447.2372794331237 2399.22556722186,-424.7804956288029,-498.9539390505853
2399.22556722186,-424.7804956288029,-498.9539390505853 2365.1152309569848,-456.11526565711597,-537.0933825070634
2384.4556363510296,-398.1865816618345,-447.2372794331237 2333.4043618989986,-421.10672831004166,-468.8806214682182
2333.4043618989986,-421.10672831004166,-468.8806214682182 2281.972277036056,-411.1694336726796,-439.6233006417768
2384.250141423025,-356.2227160110943,-490.1207465443683 2411.5484030399316,-314.19971033552247,-457.1226874092344
2411.5484030399316,-314.19971033552247,-457.1226874092344 2428.8193624752626,-348.8002076760047,-411.2476446956365
2384.250141423025,-356.2227160110943,-490.1207465443683 2344.589581013128,-325.1652981800083,-457.52509122593324
2344.589581013128,-325.1652981800083,-457.52509122593324 2315.4814539758095,-328.8285507180232,-405.1867924264684
2315.4814539758095,-328.8285507180232,-405.1867924264684 2346.5470106980074,-358.00711977704015,-362.95478687134363
2346.5470106980074,-358.00711977704015,-362.95478687134363 2372.2808588617672,-367.6607159546163,-416.2893642065476
2372.2808588617672,-367.6607159546163,-416.2893642065476 2368.998381299514,-344.5020177796625,-361.03630963130536
2372.2808588617672,-367.6607159546163,-416.2893642065476 2363.861005605595,-387.8547108033238,-472.15803738924365
2384.250141423025,-356.2227160110943,-490.1207465443683 2396.0078150049394,-397.44824549623485,-448.14202776197857
2384.250141423025,-356.2227160110943,-490.1207465443683 2370.974826328624,-383.23361745935597,-438.2152823609447
2384.250141423025,-356.2227160110943,-490.1207465443683 2345.775486161927,-398.5097636595743,-471.9134264858082
2401.8105706548467,-303.90754486483024,-466.56752610360303 2369.2859046596736,-299.7380236224143,-416.3205242576075
2369.2859046596736,-299.7380236224143,-416.3205242576075 2334.03371350278,-348.2863261668384,-416.9081795076257
2369.2859046596736,-299.7380236224143,-416.3205242576075 2342.267100619305,-342.6057246295155,-448.45064157133555
2430.9401593318144,-249.8899681334202,-417.3437569246097 2393.916883762699,-209.8211926228292,-442.3191507196071
2430.9401593318144,-249.8899681334202,-417.3437569246097 2387.9536859150126,-269.8182219786259,-454.15445919810105
2387.9536859150126,-269.8182219786259,-454.15445919810105 2385.020111675297,-227.80585528049193,-411.41858215548496
2385.020111675297,-227.80585528049193,-411.41858215548496 2414.7930331677417,-260.27171663605316,-452.15604638985036
2387.9536859150126,-269.8182219786259,-454.15445919810105 2428.626851877283,-244.90156379084053,-490.55299921495697
2428.626851877283,-244.90156379084053,-490.55299921495697 2390.4844539961605,-200.78025659864466,-504.6408569488357
2428.626851877283,-244.90156379084053,-490.55299921495697 2413.1665882360157,-291.38882146196676,-455.9132081884391
2428.626851877283,-244.90156379084053,-490.55299921495697 2405.1921132527386,-265.4856843500359,-541.8083111972655
2387.9536859150126,-269.8182219786259,-454.15445919810105 2418.879570547323,-245.71873068056706,-499.57256328538995
2418.879570547323,-245.71873068056706,-499.57256328538995 2399.325589239055,-300.4129420412964,-484.53311320821774
2399.325589239055,-300.4129420412964,-484.53311320821774 2427.286493126965,-253.07730972138938,-508.5648789911482
2387.9536859150126,-269.8182219786259,-454.15445919810105 2377.4861751056796,-323.880003044585,-430.32684820931746
2430.9401593318144,-249.8899681334202,-417.3437569246097 2383.53543808674,-219.75581634347512,-438.4322680047539
2404.347772433521,-280.81143679440936,-373.3357152174517 2422.1061019537938,-276.7547890793137,-316.1676704549707
2441.13270334701,-248.06921475844985,-339.0601298272972 2451.3019593119366,-279.5275454214246,-288.990581546743
2443.335886831553,-215.43424751929587,-288.75998175760674 2455.2311346373176,-251.58475787910095,-242.37416840519174
2455.2311346373176,-251.58475787910095,-242.37416840519174 2463.841665010208,-288.1554093179514,-195.5933366464934
2463.841665010208,-288.1554093179514,-195.5933366464934 2454.542188371203,-343.18501625308807,-217.6220019443493
2454.542188371203,-343.18501625308807,-217.6220019443493 2428.754931534713,-344.9531256566624,-271.7689425226119
2428.754931534713,-344.9531256566624,-271.7689425226119 2400.0812072951658,-382.8731249403558,-308.37346673150057
2454.542188371203,-343.18501625308807,-217.6220019443493 2414.3308130971373,-342.1315109815157,-262.1409352785052
2414.3308130971373,-342.1315109815157,-262.1409352785052 2451.197336214886,-310.35927313952953,-227.04984843696138
2455.2311346373176,-251.58475787910095,-242.37416840519174 2448.434672948915,-292.2515494159351,-285.963389258721
2443.335886831553,-215.43424751929587,-288.75998175760674 2446.541277201175,-202.7332360924603,-347.31260579200614
2446.541277201175,-202.7332360924603,-347.31260579200614 2451.6413160426523,-165.34594850829976,-300.66305776724283
2473.801460783021,-195.19352397080155,-179.28299138467924 2456.924571223409,-212.778992442077,-234.10927976387228
2479.0063262809135,-136.7280559224617,-191.72077338298573 2470.8094971917176,-84.72247687525834,-220.49978901673518
2470.8094971917176,-84.72247687525834,-220.49978901673518 2468.5031826598483,-32.57378909808288,-250.08348852167808
2468.5031826598483,-32.57378909808288,-250.08348852167808 2464.0178605575024,3.6309780861033047,-297.7185251940381
2464.0178605575024,3.6309780861033047,-297.7185251940381 2467.198696894522,62.05206082277542,-311.017373718328
2467.198696894522,62.05206082277542,-311.017373718328 2468.0178964981064,32.62645467272648,-258.73484685980964
2467.198696894522,62.05206082277542,-311.017373718328 2471.7508225817623,97.71966918067265,-262.9850943038007
2464.0178605575024,3.6309780861033047,-297.7185251940381 2440.932864848347,51.20749095554184,-326.06563080100307
2440.932864848347,51.20749095554184,-326.06563080100307 2456.652622928363,29.517861330246046,-272.37718537162544
2464.0178605575024,3.6309780861033047,-297.7185251940381 2452.1815792386583,61.78504522184582,-306.55067782591317
2464.0178605575024,3.6309780861033047,-297.7185251940381 2458.296977775455,-50.55840468551496,-322.8339048452621
2468.5031826598483,-32.57378909808288,-250.08348852167808 2476.884434898948,11.49872848973991,-289.9252731751752
2470.8094971917176,-84.72247687525834,-220.49978901673518 2475.989471617409,-49.0054571697184,-268.4316403089944
2475.989471617409,-49.0054571697184,-268.4316403089944 2452.9985865103413,-84.74856732229048,-310.78549820428793
2452.9985865103413,-84.74856732229048,-310.78549820428793 2438.2411572988053,-142.90506711594503,-310.5859616984385
2438.2411572988053,-142.90506711594503,-310.5859616984385 2452.546321264606,-183.00683257183067,-352.86137643599847
2452.546321264606,-183.00683257183067,-352.86137643599847 2427.9555513671517,-219.97221849161417,-393.2204433188183
2427.9555513671517,-219.97221849161417,-393.2204433188183 2411.4447994384163,-271.55917509988467,-419.03092527178035
2411.4447994384163,-271.55917509988467,-419.03092527178035 2399.2833023073636,-240.15628256970643,-468.689321623953
2427.9555513671517,-219.97221849161417,-393.2204433188183 2413.9893881729145,-253.54287805813,-345.492494463865
2452.9985865103413,-84.74856732229048,-310.78549820428793 2455.9252983573124,-35.75579319542172,-345.2984297100065
2455.9252983573124,-35.75579319542172,-345.2984297100065 2443.451055647943,22.921231952725726,-346.48164084561256
2443.451055647943,22.921231952725726,-346.48164084561256 2440.959225549147,-24.112975101486533,-383.6511733896226
2452.9985865103413,-84.74856732229048,-310.78549820428793 2476.001693150722,-32.359986071426796,-292.72189835783087
2476.001693150722,-32.359986071426796,-292.72189835783087 2472.550393278377,-48.59223452095173,-235.0625310402471
2476.001693150722,-32.359986071426796,-292.72189835783087 2450.933043473793,-16.108286382283868,-344.7550133961342
2476.001693150722,-32.359986071426796,-292.72189835783087 2454.040072135066,-59.03504704595453,-341.7742002851606
2452.9985865103413,-84.74856732229048,-310.78549820428793 2474.9433943277327,-125.62789400303456,-272.7420222854557
2475.989471617409,-49.0054571697184,-268.4316403089944 2463.0406150495974,3.675740188696537,-294.06401355982666
2475.989471617409,-49.0054571697184,-268.4316403089944 2460.3813583019964,7.660143312308534,-280.4896882747535
2475.989471617409,-49.0054571697184,-268.4316403089944 2455.179610368092,-5.942791460033845,-304.660861895445
2470.8094971917176,-84.72247687525834,-220.49978901673518 2473.821150555444,-104.72641304399005,-276.98671212088436
2473.821150555444,-104.72641304399005,-276.98671212088436 2456.3373567670037,-160.41043986268565,-263.0724707826697
2456.3373567670037,-160.41043986268565,-263.0724707826697 2456.1105827367214,-114.84273839507416,-302.1049336372966
2470.8094971917176,-84.72247687525834,-220.49978901673518 2472.108214592178,-127.34993994519925,-262.7042049626355
2472.108214592178,-127.34993994519925,-262.7042049626355 2456.095104101763,-112.75759488575571,-318.6563609361805
2472.108214592178,-127.34993994519925,-262.7042049626355 2461.4292240047203,-175.7526150313635,-296.5145614312711
2485.6658899303216,-102.6449923272786,-142.7923053100306 2484.823601791481,-51.776954693697654,-174.60006062221447
2484.823601791481,-51.776954693697654,-174.60006062221447 2466.804931297147,-51.27575763346587,-231.82834309795751
2466.804931297147,-51.27575763346587,-231.82834309795751 2478.017104118153,-8.997449028444066,-272.89940106010937
2478.017104118153,-8.997449028444066,-272.89940106010937 2439.2409113988792,13.878748962545409,-312.561554855318
2439.2409113988792,13.878748962545409,-312.561554855318 2436.152383760035,68.12949986694018,-338.00398051273913
2436.152383760035,68.12949986694018,-338.00398051273913 2451.9296683957696,124.9017457329518,-349.3172200510915
2451.9296683957696,124.9017457329518,-349.3172200510915 2444.0864308876126,183.710616547004,-358.2615109098881
2444.0864308876126,183.710616547004,-358.2615109098881 2443.0896904735046,124.02718087806926,-364.33555530378345
2443.0896904735046,124.02718087806926,-364.33555530378345 2402.005060013503,156.26700174957318,-393.87615601091966
2402.005060013503,156.26700174957318,-393.87615601091966 2426.694974824668,129.25564679295024,-346.32833997248576
2402.005060013503,156.26700174957318,-393.87615601091966 2428.448475863784,121.16784776090637,-353.02526682293546
2443.0896904735046,124.02718087806926,-364.33555530378345 2399.8161410914563,115.85598326956162,-405.0864013504871
2399.8161410914563,115.85598326956162,-405.0864013504871 2391.663297110562,162.5371389177948,-441.88858664387175
2391.663297110562,162.5371389177948,-441.88858664387175 2434.392294029944,201.0655974472129,-458.91182680579027
2443.0896904735046,124.02718087806926,-364.33555530378345 2411.5699660068562,83.64139518388674,-395.5684751706506
2443.0896904735046,124.02718087806926,-364.33555530378345 2431.0868521628026,68.12170132249125,-346.1556425386463
2444.0864308876126,183.710616547004,-358.2615109098881 2409.7279596872245,225.76818460689475,-383.7694787956243
2409.7279596872245,225.76818460689475,-383.7694787956243 2446.3992006152002,255.04943115121594,-421.1570260488613
2444.0864308876126,183.710616547004,-358.2615109098881 2442.9177427674103,221.38672862196077,-311.58020044206813
2442.9177427674103,221.38672862196077,-311.58020044206813 2424.051060032841,185.33047695823922,-355.67095909459636
2451.9296683957696,124.9017457329518,-349.3172200510915 2452.3572849271372,86.60738455140026,-303.1289201711546
2436.152383760035,68.12949986694018,-338.00398051273913 2464.7039459556545,70.14194022468902,-285.2710839490554
2464.7039459556545,70.14194022468902,-285.2710839490554 2445.121188975617,102.55029566338047,-331.81368945003953
2445.121188975617,102.55029566338047,-331.81368945003953 2466.922581113282,106.67678312028234,-276.0671971646249
2445.121188975617,102.55029566338047,-331.81368945003953 2458.3986597338076,89.47080632392172,-274.78180600854364
2445.121188975617,102.55029566338047,-331.81368945003953 2443.931699492503,162.50749924581567,-333.74212232260294
2445.121188975617,102.55029566338047,-331.81368945003953 2442.9221379001406,52.079681973443456,-364.1846846174512
2464.7039459556545,70.14194022468902,-285.2710839490554 2471.311732182413,37.25573457057479,-235.52337406350625
2436.152383760035,68.12949986694018,-338.00398051273913 2451.4559067275254,38.1317043892098,-288.3458044360874
2451.4559067275254,38.1317043892098,-288.3458044360874 2481.135671157731,51.24968267587193,-237.87769342489386
2439.2409113988792,13.878748962545409,-312.561554855318 2455.3710194159435,70.78263622090202,-322.6495293916697
2455.3710194159435,70.78263622090202,-322.6495293916697 2427.970955000942,90.25791771985422,-372.34811971966934
2427.970955000942,90.25791771985422,-372.34811971966934 2432.779338373994,150.01490415371717,-374.7939369002608
2432.779338373994,150.01490415371717,-374.7939369002608 2412.3275887764466,192.29131416521307,-412.13601899190513
2412.3275887764466,192.29131416521307,-412.13601899190513 2445.325400057763,228.1069155387011,-377.0876645526733
2412.3275887764466,192.29131416521307,-412.13601899190513 2395.861244958464,247.7235220711635,-396.1319617582076
2395.861244958464,247.7235220711635,-396.1319617582076 2420.298717615828,215.17267421396824,-352.0496270435136
2420.298717615828,215.17267421396824,-352.0496270435136 2390.2238151378106,255.31405289941725,-384.97636326454096
2395.861244958464,247.7235220711635,-396.1319617582076 2437.4240804539877,282.8997737735496,-370.92954080817964
2437.4240804539877,282.8997737735496,-370.92954080817964 2406.922304100902,324.36801511422345,-340.1070392968169
2395.861244958464,247.7235220711635,-396.1319617582076 2442.9618999645527,269.5893297013709,-426.188820454288
2442.9618999645527,269.5893297013709,-426.188820454288 2384.243279893448,281.5360417260025,-423.12292274793975
2395.861244958464,247.7235220711635,-396.1319617582076 2381.8555626893067,250.13917234234046,-454.42437548368974
2432.779338373994,150.01490415371717,-374.7939369002608 2391.7376490412153,141.57700006369572,-417.7401999656229
2391.7376490412153,141.57700006369572,-417.7401999656229 2433.548537625415,115.13497791362117,-383.7892197085731
2391.7376490412153,141.57700006369572,-417.7401999656229 2395.4419180482423,81.95317543474548,-412.14753264673425
2391.7376490412153,141.57700006369572,-417.7401999656229 2360.4641733709855,106.77714323388578,-455.30267704219864
2427.970955000942,90.25791771985422,-372.34811971966934 2410.443386461184,64.77590033877325,-423.76262284159384
2455.3710194159435,70.78263622090202,-322.6495293916697 2451.600813475274,115.88647798362774,-283.2613458157806
2439.2409113988792,13.878748962545409,-312.561554855318 2460.1465687217465,64.27381892020193,-287.595769951539
2460.1465687217465,64.27381892020193,-287.595769951539 2433.875548788392,108.29069783277427,-318.77826315617585
2433.875548788392,108.29069783277427,-318.77826315617585 2475.27757880965,110.953599909624,-275.43335731191394
2475.27757880965,110.953599909624,-275.43335731191394 2459.9642427927006,168.74492606946868,-280.4993577776113
2460.1465687217465,64.27381892020193,-287.595769951539 2471.001149410127,21.69856013135201,-246.73594350621624
2478.017104118153,-8.997449028444066,-272.89940106010937 2456.6045429044802,29.319031472424328,-313.80599642439375
2456.6045429044802,29.319031472424328,-313.80599642439375 2475.5558176474274,38.79567863815468,-257.67185045143367
2475.5558176474274,38.79567863815468,-257.67185045143367 2460.5192084642863,-18.57016279173495,-266.7856104501515
2456.6045429044802,29.319031472424328,-313.80599642439375 2462.1857531337173,59.606695532323116,-262.31320568460404
2462.1857531337173,59.606695532323116,-262.31320568460404 2450.5996936894144,101.9773856990318,-303.18480757821544
2456.6045429044802,29.319031472424328,-313.80599642439375 2427.036048204446,-11.87175142064325,-345.8843929839202
2427.036048204446,-11.87175142064325,-345.8843929839202 2453.468163154225,-48.20073667656185,-306.11571021019813
2427.036048204446,-11.87175142064325,-345.8843929839202 2398.874413709745,-31.269751982382964,-395.18591341477105
2398.874413709745,-31.269751982382964,-395.18591341477105 2430.7346947241667,-52.167251751000755,-348.83705153982646
2398.874413709745,-31.269751982382964,-395.18591341477105 2437.3663702472527,-71.6002145416036,-373.00882903305137
2437.3663702472527,-71.6002145416036,-373.00882903305137 2415.4841076725625,-19.902362148730766,-394.18661556935024
2437.3663702472527,-71.6002145416036,-373.00882903305137 2410.918885822141,-45.06617388929292,-419.8753976533911
2398.874413709745,-31.269751982382964,-395.18591341477105 2431.0914315558666,-19.496149197472562,-345.95740502211464
2431.0914315558666,-19.496149197472562,-345.95740502211464 2464.835122764764,24.81991373820552,-323.6538207926776
2478.017104118153,-8.997449028444066,-272.89940106010937 2475.3443765169163,38.50250210313108,-236.3397078219603
2478.017104118153,-8.997449028444066,-272.89940106010937 2460.288938586378,18.90427221675384,-322.97141019129236
2460.288938586378,18.90427221675384,-322.97141019129236 2475.907238996105,-26.732484967540678,-287.2873088853429
2460.288938586378,18.90427221675384,-322.97141019129236 2461.618524829849,-39.99031819340639,-334.35821926322456
2461.618524829849,-39.99031819340639,-334.35821926322456 2439.5453016525,-48.359867737521206,-389.5191063027887
2461.618524829849,-39.99031819340639,-334.35821926322456 2422.815510793777,-4.083267102922441,-362.730913596012
2422.815510793777,-4.083267102922441,-362.730913596012 2401.7724038511988,-37.986108617176164,-407.53922741680435
2460.288938586378,18.90427221675384,-322.97141019129236 2439.077606784797,10.652294262944057,-378.48703198419906
2460.288938586378,18.90427221675384,-322.97141019129236 2442.8030212927783,75.75088784241512,-330.8900583277935
2478.017104118153,-8.997449028444066,-272.89940106010937 2472.86922304718,-68.38074341741049,-266.03473296962835
2472.86922304718,-68.38074341741049,-266.03473296962835 2438.0750452382104,-75.26112580034815,-314.4292112586061
2478.017104118153,-8.997449028444066,-272.89940106010937 2453.5005913951586,-44.259428758015574,-314.79848684314925
2453.5005913951586,-44.259428758015574,-314.79848684314925 2418.5439658692717,-22.621470839702752,-358.50012421485707
2466.804931297147,-51.27575763346587,-231.82834309795751 2482.473900963439,-9.744854567190814,-191.45920290279759
2466.804931297147,-51.27575763346587,-231.82834309795751 2484.9519185699487,-19.47971901668855,-184.292054000036
2484.9519185699487,-19.47971901668855,-184.292054000036 2473.067569144953,9.805715487365614,-235.29328501119252
2473.067569144953,9.805715487365614,-235.29328501119252 2468.160982849275,-46.862615918490505,-254.38845787239305
2484.9519185699487,-19.47971901668855,-184.292054000036 2485.3047955555066,-79.46780138816679,-183.149490555056
2485.6658899303216,-102.6449923272786,-142.7923053100306 2477.495780846339,-138.57025318712124,-190.14866654807426
