起始树
1090.0,0.0,340.0 1143.2110279570977,0.0,312.2766072828566
1143.2110279570977,0.0,312.2766072828566 1102.106630098156,-17.942409592099967,272.42063640416455
1102.106630098156,-17.942409592099967,272.42063640416455 1059.9854572594795,-53.81731672061328,249.20861716380392
1143.2110279570977,0.0,312.2766072828566 1106.633092861059,-24.16213511330151,271.3102077476701
1143.2110279570977,0.0,312.2766072828566 1148.7427374287531,7.87221119096903,371.5001539622474
1148.7427374287531,7.87221119096903,371.5001539622474 1093.2284951416093,-6.59302166806597,353.92386477430483
1093.2284951416093,-6.59302166806597,353.92386477430483 1086.084020090418,-2.3789035986904272,413.34774621216
1086.084020090418,-2.3789035986904272,413.34774621216 1080.3389784380795,-54.884154204414436,441.81163834312156
1143.2110279570977,0.0,312.2766072828566 1086.128534239348,-18.102740527117614,308.5510608301976
1086.128534239348,-18.102740527117614,308.5510608301976 1077.4643106567573,-68.90017760646381,277.8175023658619
1143.2110279570977,0.0,312.2766072828566 1111.4890239928095,-25.28634808021153,356.4842431080856
1111.4890239928095,-25.28634808021153,356.4842431080856 1070.1158921733622,-63.37082767230352,377.40878319025126
1070.1158921733622,-63.37082767230352,377.40878319025126 1125.8304869260369,-42.21042500748908,370.47183208705366
1125.8304869260369,-42.21042500748908,370.47183208705366 1080.4676598685896,-8.266128028927817,390.22021490660023
1080.4676598685896,-8.266128028927817,390.22021490660023 1126.5948341463575,-43.41134702072583,374.8222483146444
1080.4676598685896,-8.266128028927817,390.22021490660023 1108.3372695408548,36.48525636180717,361.5741252637142
1070.1158921733622,-63.37082767230352,377.40878319025126 1049.1090656028955,-28.1647920875212,333.59955704048485
1143.2110279570977,0.0,312.2766072828566 1125.1240890347688,14.92698587724297,257.0493700439676
1143.2110279570977,0.0,312.2766072828566 1113.3194009719139,40.856284162358556,280.0701687864436
1113.3194009719139,40.856284162358556,280.0701687864436 1076.874175443243,27.667402132368693,325.8719037640984
1076.874175443243,27.667402132368693,325.8719037640984 1070.717899396058,53.61507403643296,379.61963476727556
1113.3194009719139,40.856284162358556,280.0701687864436 1081.1962733972712,18.26201544689356,234.70935203854336
1081.1962733972712,18.26201544689356,234.70935203854336 1108.8735194516996,62.51273079355002,264.304017810466
1143.2110279570977,0.0,312.2766072828566 1147.8398435382896,-22.57091775018727,367.6763161108784
1090.0,0.0,340.0 1045.598960513734,39.476542090514556,348.3755786137367
1045.598960513734,39.476542090514556,348.3755786137367 1009.2590250645586,-1.8733709377124939,372.24174261442647
1045.598960513734,39.476542090514556,348.3755786137367 1021.3796764057181,80.78129113844736,384.532790665864
1021.3796764057181,80.78129113844736,384.532790665864 961.6572639131655,81.73406081012358,390.2183580097728
1090.0,0.0,340.0 1108.8434347186603,35.98330251950731,295.8397587439425
1108.8434347186603,35.98330251950731,295.8397587439425 1144.844587584835,10.685475671274641,336.6311420137358
1144.844587584835,10.685475671274641,336.6311420137358 1100.9376559605264,-30.105902328495237,339.50252429727004
1108.8434347186603,35.98330251950731,295.8397587439425 1156.6199211750256,71.79152597599999,301.77090321821026
1156.6199211750256,71.79152597599999,301.77090321821026 1137.3489113867092,105.43010520621121,255.97708082794225
1156.6199211750256,71.79152597599999,301.77090321821026 1113.718367451747,111.63189732156081,314.89346010231094
1113.718367451747,111.63189732156081,314.89346010231094 1095.4310031464609,80.41198323084791,267.030225036822
1095.4310031464609,80.41198323084791,267.030225036822 1145.9157943882938,104.27386987199313,245.0780903070585
1113.718367451747,111.63189732156081,314.89346010231094 1153.5296254448758,132.49852790451382,354.63823919490517
1156.6199211750256,71.79152597599999,301.77090321821026 1126.833627187072,46.606245012299574,347.3612345752278
1126.833627187072,46.606245012299574,347.3612345752278 1077.449464888964,78.02845181961358,360.5464320888237
1156.6199211750256,71.79152597599999,301.77090321821026 1115.4467560149478,78.58425046655609,344.88272717285594
1156.6199211750256,71.79152597599999,301.77090321821026 1156.4116935197603,64.4587103606075,361.3207685110406
1156.6199211750256,71.79152597599999,301.77090321821026 1150.7181768485386,115.68389275455549,261.2909136865721
1108.8434347186603,35.98330251950731,295.8397587439425 1082.4920265304606,76.32393447353172,331.5921950252483
1082.4920265304606,76.32393447353172,331.5921950252483 1034.706715697142,65.93414258041523,366.35735420769515
1082.4920265304606,76.32393447353172,331.5921950252483 1119.224945861928,110.2308337507396,298.41065167968964
1108.8434347186603,35.98330251950731,295.8397587439425 1092.974535102825,92.24811164349028,282.3323800484183
1092.974535102825,92.24811164349028,282.3323800484183 1148.585382586661,70.87153821871144,275.2277512231683
1108.8434347186603,35.98330251950731,295.8397587439425 1103.7518740507203,4.34488814981734,245.11415627204988
1103.7518740507203,4.34488814981734,245.11415627204988 1151.3067041717386,-29.40467733404846,259.23877880900073
1108.8434347186603,35.98330251950731,295.8397587439425 1145.7374915004248,-6.814332546806092,275.6607843667697
1108.8434347186603,35.98330251950731,295.8397587439425 1112.209383969323,6.259156037549289,347.850772015759
1108.8434347186603,35.98330251950731,295.8397587439425 1137.7418261583396,51.81703575182967,345.98131699781743
1137.7418261583396,51.81703575182967,345.98131699781743 1090.4232342130545,76.65751721267868,373.2558717532816
1137.7418261583396,51.81703575182967,345.98131699781743 1095.0892114892476,87.61885767587532,323.6433670290111
1108.8434347186603,35.98330251950731,295.8397587439425 1066.836322999464,-0.6234321064828947,273.5833092285034
1066.836322999464,-0.6234321064828947,273.5833092285034 1045.0707055924374,-53.83331073065961,290.75790429480185
1066.836322999464,-0.6234321064828947,273.5833092285034 1090.2784972938568,-37.487911213966335,232.45576803667888
1108.8434347186603,35.98330251950731,295.8397587439425 1116.9078798379774,74.79704914535475,250.80135515564865
1108.8434347186603,35.98330251950731,295.8397587439425 1143.161901767851,84.79157270318439,289.51555278028303
1143.161901767851,84.79157270318439,289.51555278028303 1117.340094804108,123.70868255554726,327.1810920153227
1108.8434347186603,35.98330251950731,295.8397587439425 1164.8085919598664,38.81101594530677,274.3943580307678
1164.8085919598664,38.81101594530677,274.3943580307678 1154.900860615926,6.6329883546134525,324.0573361934685
1164.8085919598664,38.81101594530677,274.3943580307678 1152.4525987376567,-0.9601124642097218,231.20191914933326
1152.4525987376567,-0.9601124642097218,231.20191914933326 1165.5869868566615,52.50696396005128,255.05060019004443
1164.8085919598664,38.81101594530677,274.3943580307678 1145.7416277258326,74.68170916170351,318.5502663905018
1164.8085919598664,38.81101594530677,274.3943580307678 1127.4222422708986,36.42046896490019,227.5270331437136
1127.4222422708986,36.42046896490019,227.5270331437136 1093.3423836900122,76.59543433804393,256.24175752639735
1164.8085919598664,38.81101594530677,274.3943580307678 1120.8064418081385,29.864590848452742,314.1909943209265
1120.8064418081385,29.864590848452742,314.1909943209265 1144.8603195473568,69.35852769683571,352.42239395424724
1164.8085919598664,38.81101594530677,274.3943580307678 1161.9404880092989,-20.19337890248046,263.89410239696736
1164.8085919598664,38.81101594530677,274.3943580307678 1150.5131346147612,65.0388883832706,222.35842230676866
1164.8085919598664,38.81101594530677,274.3943580307678 1107.2224962052044,55.656555700975645,274.1309836298144
1107.2224962052044,55.656555700975645,274.1309836298144 1098.288931784344,114.88768262751628,277.5755488781974
1164.8085919598664,38.81101594530677,274.3943580307678 1124.7253874649346,81.00571721317502,288.98695554912774
1164.8085919598664,38.81101594530677,274.3943580307678 1173.768924880868,-14.044828755922964,301.3382277391876
1173.768924880868,-14.044828755922964,301.3382277391876 1162.294878622347,43.64258418043245,289.48459322618993
1173.768924880868,-14.044828755922964,301.3382277391876 1145.3152715140766,-19.53672605856426,248.8003492694614
1173.768924880868,-14.044828755922964,301.3382277391876 1146.3681403938551,-64.51725736012891,318.7086324635919
1146.3681403938551,-64.51725736012891,318.7086324635919 1147.9079456912782,-104.3307430167838,363.56969976602426
1173.768924880868,-14.044828755922964,301.3382277391876 1136.4237787268173,18.199495080982125,335.4797514168646
1173.768924880868,-14.044828755922964,301.3382277391876 1132.6175919893017,-34.04994243688587,262.5263322964339
1132.6175919893017,-34.04994243688587,262.5263322964339 1093.2921562504066,6.014018129037495,283.70153401254913
1173.768924880868,-14.044828755922964,301.3382277391876 1172.2712165841392,42.69387731436613,281.8837654405978
1173.768924880868,-14.044828755922964,301.3382277391876 1137.5316534137698,27.718843906603958,278.0432539818052
1173.768924880868,-14.044828755922964,301.3382277391876 1167.8281357690234,-34.05383411738592,357.5907541639939
1173.768924880868,-14.044828755922964,301.3382277391876 1114.947322782193,-24.38961512543893,295.5932715588304
1114.947322782193,-24.38961512543893,295.5932715588304 1063.3030828456035,-14.83976297510522,266.5816737869265
1173.768924880868,-14.044828755922964,301.3382277391876 1146.9469861450448,-61.707106128935614,276.6625125910961
1173.768924880868,-14.044828755922964,301.3382277391876 1166.1722576345278,36.22786456203847,269.47999562711686
1173.768924880868,-14.044828755922964,301.3382277391876 1119.486009672238,-31.656642258562872,282.8128629222429
1173.768924880868,-14.044828755922964,301.3382277391876 1133.9146216208994,-58.6501698937486,296.64801946655695
1133.9146216208994,-58.6501698937486,296.64801946655695 1077.2477268026166,-48.03032624962167,280.03230543952907
1173.768924880868,-14.044828755922964,301.3382277391876 1131.9782394181502,-19.909951722104815,258.6868626830989
1173.768924880868,-14.044828755922964,301.3382277391876 1116.8332571102312,-7.489399233481122,283.57995982567866
1116.8332571102312,-7.489399233481122,283.57995982567866 1104.8324805422692,13.151208484267933,228.53500842404827
1104.8324805422692,13.151208484267933,228.53500842404827 1155.7324322448453,39.880137731762005,245.70356275916586
1116.8332571102312,-7.489399233481122,283.57995982567866 1170.8037773097515,2.0182624519217933,259.1507290013342
1116.8332571102312,-7.489399233481122,283.57995982567866 1156.3810572220057,17.19920764854551,321.34825600837513
1173.768924880868,-14.044828755922964,301.3382277391876 1150.0978386043862,-67.61003708842705,314.3938062704818
1173.768924880868,-14.044828755922964,301.3382277391876 1154.798668289489,-63.160105819704015,330.11007029063455
1173.768924880868,-14.044828755922964,301.3382277391876 1154.663633440957,-61.796977674837954,332.23677321663405
1173.768924880868,-14.044828755922964,301.3382277391876 1123.6366771735372,-3.1449853625152713,270.2263143648866
1123.6366771735372,-3.1449853625152713,270.2263143648866 1084.9386200336144,-38.1086071930494,299.891201387875
1173.768924880868,-14.044828755922964,301.3382277391876 1129.979850208109,-5.767576060311919,341.5128967125161
1129.979850208109,-5.767576060311919,341.5128967125161 1172.1116845805261,-10.353722811348412,299.04083777498437
1173.768924880868,-14.044828755922964,301.3382277391876 1147.4102221838182,-19.88825001292324,354.92062429012367
1173.768924880868,-14.044828755922964,301.3382277391876 1137.5919864770606,19.66187563913676,335.3248016552383
1173.768924880868,-14.044828755922964,301.3382277391876 1118.236369470798,-33.0273619514428,313.82016361101836
1173.768924880868,-14.044828755922964,301.3382277391876 1129.982088525938,21.334657142479536,280.57756928163116
1173.768924880868,-14.044828755922964,301.3382277391876 1150.26562463922,-56.951997943983066,266.60251542436475
1150.26562463922,-56.951997943983066,266.60251542436475 1139.4301850517643,-102.77355281844606,229.4140984395942
1173.768924880868,-14.044828755922964,301.3382277391876 1126.8878241462219,18.777159106617454,319.3626419227113
1173.768924880868,-14.044828755922964,301.3382277391876 1134.0506456989613,16.391516718522304,334.4454350057077
1173.768924880868,-14.044828755922964,301.3382277391876 1168.8773650298094,45.367898371085985,308.13532252704255
1173.768924880868,-14.044828755922964,301.3382277391876 1140.097570666151,-51.53820690909268,333.9033394388341
1140.097570666151,-51.53820690909268,333.9033394388341 1099.6664581223213,-50.572918961424136,289.58186205318884
1173.768924880868,-14.044828755922964,301.3382277391876 1159.6321330494952,-52.86277813066549,257.8259544929372
1173.768924880868,-14.044828755922964,301.3382277391876 1145.7635089522842,7.883576123658649,253.0180276350473
1173.768924880868,-14.044828755922964,301.3382277391876 1158.9400121358738,-37.611320740657696,354.4863584902759
1173.768924880868,-14.044828755922964,301.3382277391876 1149.8324573266573,30.39245681740953,268.89792607751514
1173.768924880868,-14.044828755922964,301.3382277391876 1154.8998021801883,-17.654757390291035,244.49700481285126
1173.768924880868,-14.044828755922964,301.3382277391876 1118.3332422899402,-3.063075272980738,281.1816857213268
1173.768924880868,-14.044828755922964,301.3382277391876 1157.5554762897784,26.412754681030528,342.57301920496366
1164.8085919598664,38.81101594530677,274.3943580307678 1150.7668656006244,-0.04659259896140355,230.88670147387444
1150.7668656006244,-0.04659259896140355,230.88670147387444 1137.9387299525276,-56.270785875610656,214.32532996714178
1137.9387299525276,-56.270785875610656,214.32532996714178 1149.7197489649316,-85.7486506398844,265.2396018363197
1149.7197489649316,-85.7486506398844,265.2396018363197 1128.3140905550215,-124.3226763262287,224.57214149777016
1128.3140905550215,-124.3226763262287,224.57214149777016 1164.6842347830886,-172.03422893417047,225.47787687258563
1164.6842347830886,-172.03422893417047,225.47787687258563 1125.6069403086062,-203.73094570538916,258.16247878969233
1164.6842347830886,-172.03422893417047,225.47787687258563 1135.5984001629447,-204.18405744429572,266.9556148921447
1164.6842347830886,-172.03422893417047,225.47787687258563 1139.6796154503888,-117.54835115123984,223.0165491312401
1164.6842347830886,-172.03422893417047,225.47787687258563 1124.265079908725,-129.74431395253308,212.14164764209843
1164.6842347830886,-172.03422893417047,225.47787687258563 1138.1708637949437,-205.79971014484607,267.3936667071635
1164.6842347830886,-172.03422893417047,225.47787687258563 1223.4681403055013,-178.13433646044913,235.8336066730351
1223.4681403055013,-178.13433646044913,235.8336066730351 1282.252045827914,-184.2344439867278,246.18933647348456
1282.252045827914,-184.2344439867278,246.18933647348456 1254.3994662222535,-208.95635002588926,199.14615236461265
1282.252045827914,-184.2344439867278,246.18933647348456 1227.4539269120157,-204.0525222066193,231.8921360849696
1282.252045827914,-184.2344439867278,246.18933647348456 1242.3532147022993,-215.27772224428492,278.5064859429779
1282.252045827914,-184.2344439867278,246.18933647348456 1303.922470801485,-238.99464422807583,257.6659714764938
1303.922470801485,-238.99464422807583,257.6659714764938 1363.0110512710567,-233.2227019996897,266.33916817685196
1363.0110512710567,-233.2227019996897,266.33916817685196 1422.0996317406284,-227.45075977130355,275.01236487721013
1422.0996317406284,-227.45075977130355,275.01236487721013 1481.1882122102002,-221.67881754291741,283.6855615775683
1481.1882122102002,-221.67881754291741,283.6855615775683 1540.276792679772,-215.90687531453128,292.3587582779264
1128.3140905550215,-124.3226763262287,224.57214149777016 1155.8415963186706,-90.99812783465606,182.95831093309988
1128.3140905550215,-124.3226763262287,224.57214149777016 1092.5426417359547,-90.44878129977452,258.8206843152631
1092.5426417359547,-90.44878129977452,258.8206843152631 1048.533770704311,-49.70935489958859,260.6964260629444
1128.3140905550215,-124.3226763262287,224.57214149777016 1103.9212556396271,-155.3530727631213,269.76178745521935
1164.8085919598664,38.81101594530677,274.3943580307678 1114.3711839412797,33.971652617344105,306.52920570345145
1114.3711839412797,33.971652617344105,306.52920570345145 1152.244757887688,49.79395170688578,350.29274358656875
1114.3711839412797,33.971652617344105,306.52920570345145 1102.7115599202614,17.609669934937795,249.9930341812381
1164.8085919598664,38.81101594530677,274.3943580307678 1129.0786088500652,80.37442237992437,249.98428731140882
1129.0786088500652,80.37442237992437,249.98428731140882 1081.3763553202225,61.717595358362175,218.7366023785674
1129.0786088500652,80.37442237992437,249.98428731140882 1070.4736398692082,91.13403166993751,257.0332885654207
1164.8085919598664,38.81101594530677,274.3943580307678 1114.5328712541836,70.19242044152381,283.7516738515038
1164.8085919598664,38.81101594530677,274.3943580307678 1117.3833630120578,3.7245838154984483,263.4494989796745
1164.8085919598664,38.81101594530677,274.3943580307678 1108.1969307579247,19.795066160784234,280.1834399743136
1164.8085919598664,38.81101594530677,274.3943580307678 1144.4819505371674,-17.46831567603028,269.9825011962149
1164.8085919598664,38.81101594530677,274.3943580307678 1169.417774437068,73.36618354457616,323.2277055412371
1164.8085919598664,38.81101594530677,274.3943580307678 1124.5314090734237,2.205937677733033,299.64939285071716
1164.8085919598664,38.81101594530677,274.3943580307678 1121.6323978717123,66.54698282831339,243.30525374764605
1164.8085919598664,38.81101594530677,274.3943580307678 1122.8428041290676,10.217527540352407,306.3519091349455
1164.8085919598664,38.81101594530677,274.3943580307678 1127.232101026337,13.034210511493189,313.42721125404256
1164.8085919598664,38.81101594530677,274.3943580307678 1108.8058478882608,18.854889424018413,282.4842078882486
1164.8085919598664,38.81101594530677,274.3943580307678 1143.0326567933753,82.386368436939,309.4228793077898
1164.8085919598664,38.81101594530677,274.3943580307678 1110.1316357711075,14.121354735207778,273.4718119543743
1164.8085919598664,38.81101594530677,274.3943580307678 1134.869336596078,-4.975439178588687,302.43695662549436
1164.8085919598664,38.81101594530677,274.3943580307678 1123.9058407313473,-4.666347015721179,280.4510775960862
1164.8085919598664,38.81101594530677,274.3943580307678 1142.081393282976,55.7118778463346,327.2889258738227
1164.8085919598664,38.81101594530677,274.3943580307678 1121.2887464601858,1.9124034937326968,255.83323072576607
1108.8434347186603,35.98330251950731,295.8397587439425 1076.6893555884271,63.49350289495641,253.30384367691533
1076.6893555884271,63.49350289495641,253.30384367691533 1045.1413565060082,105.49135188141122,224.30549140637027
1108.8434347186603,35.98330251950731,295.8397587439425 1077.787084513507,52.30893346473173,247.16762209292625
1077.787084513507,52.30893346473173,247.16762209292625 1072.8682388752163,20.20999124184415,297.620202460618
1108.8434347186603,35.98330251950731,295.8397587439425 1157.1684349141688,5.298189083423708,277.86427072501004
1108.8434347186603,35.98330251950731,295.8397587439425 1125.8256358513995,91.4295902724784,280.4347589353764
1108.8434347186603,35.98330251950731,295.8397587439425 1061.2592923479335,5.267093915277343,276.0341049091451
1061.2592923479335,5.267093915277343,276.0341049091451 1003.024212385591,7.989574233561708,261.84736593586
1108.8434347186603,35.98330251950731,295.8397587439425 1138.2789726478277,24.402095048948684,244.85520480508345
1138.2789726478277,24.402095048948684,244.85520480508345 1105.6295681301451,31.152209520998348,194.97081506986717
1105.6295681301451,31.152209520998348,194.97081506986717 1143.9491857589767,-14.500592590659359,188.08397514621825
1108.8434347186603,35.98330251950731,295.8397587439425 1127.1067665513506,28.87053904880152,239.1312117146028
1108.8434347186603,35.98330251950731,295.8397587439425 1074.419028981224,-12.958357509046067,300.27531995689657
1074.419028981224,-12.958357509046067,300.27531995689657 1031.9730666158482,-9.710515462249631,257.99303287452403
1031.9730666158482,-9.710515462249631,257.99303287452403 1062.9274594193723,10.433139892602426,305.2800153867343
1108.8434347186603,35.98330251950731,295.8397587439425 1159.5411287962809,11.637684946754991,316.74513413433647
1108.8434347186603,35.98330251950731,295.8397587439425 1055.5470508761398,44.60851119449677,322.0141975081951
1108.8434347186603,35.98330251950731,295.8397587439425 1159.1682330507142,25.674936416444318,264.8373030166405
1108.8434347186603,35.98330251950731,295.8397587439425 1079.7214841560954,65.14942371935723,339.44307707623454
1108.8434347186603,35.98330251950731,295.8397587439425 1158.7344275889157,54.00300919080527,267.8008749947538
1108.8434347186603,35.98330251950731,295.8397587439425 1155.733418004134,70.97572962663557,309.13861255321183
1090.0,0.0,340.0 1149.8904790903339,3.6190471098843786,340.18169300127425
1149.8904790903339,3.6190471098843786,340.18169300127425 1098.923779210283,10.726505621597694,371.03423806389617
1149.8904790903339,3.6190471098843786,340.18169300127425 1100.2964633722656,25.206368620923975,366.15131284706723
1100.2964633722656,25.206368620923975,366.15131284706723 1082.9381764792313,-20.491554844824755,400.9419677281942
1082.9381764792313,-20.491554844824755,400.9419677281942 1047.2098295963915,20.166574525674633,426.83408516016954
1090.0,0.0,340.0 1112.0481896932854,2.284917715425604,395.755326940864
1090.0,0.0,340.0 1059.079585119231,38.079343501394675,374.5527356674389
1090.0,0.0,340.0 1048.205916590523,9.961276852716713,298.1188878439789
1048.205916590523,9.961276852716713,298.1188878439789 1083.9677131448154,-14.015209492605345,256.3310665351098
1090.0,0.0,340.0 1122.2971355732511,24.83174472578561,295.9513963032146
1090.0,0.0,340.0 1042.533539843503,-29.482135322479284,361.857238092648
1042.533539843503,-29.482135322479284,361.857238092648 1029.208184450464,-84.46736663906714,341.88077091973344
1042.533539843503,-29.482135322479284,361.857238092648 1010.5613256990493,4.015543339770051,323.70382347558007
1090.0,0.0,340.0 1065.7844144798853,45.705062559135165,370.40810211742183
1090.0,0.0,340.0 1145.2070491541222,-22.92537120873245,334.84160115577055
1090.0,0.0,340.0 1132.3301477141076,-29.066335001379034,371.0371835721195
1090.0,0.0,340.0 1111.7374142615631,-44.01186018890755,374.50276777206784
1111.7374142615631,-44.01186018890755,374.50276777206784 1109.1466374688553,11.16484862922102,351.0758883467193
1090.0,0.0,340.0 1057.9964706894282,29.854425249807594,298.95749270974034
1057.9964706894282,29.854425249807594,298.95749270974034 1037.9496230108991,63.485029500306865,344.4229340459921
目标树
2280.0,0.0,-280.0 2226.788972042902,0.0,-252.27660728285662
2226.788972042902,0.0,-252.27660728285662 2173.577944085804,0.0,-224.55321456571323
2173.577944085804,0.0,-224.55321456571323 2120.366916128706,0.0,-196.82982184856985
2120.366916128706,0.0,-196.82982184856985 2179.8201441071988,-0.16241038726046209,-204.90987790057096
2179.8201441071988,-0.16241038726046209,-204.90987790057096 2126.131369969162,-0.15399871649329566,-178.1233988337233
2126.131369969162,-0.15399871649329566,-178.1233988337233 2186.030857592939,-0.350788828363119,-181.5893267124943
2186.030857592939,-0.350788828363119,-181.5893267124943 2131.8045509497224,-0.3325479184444078,-155.90845182270408
2131.8045509497224,-0.3325479184444078,-155.90845182270408 2191.776548993117,-0.5670863699208992,-154.09063929170765
2191.776548993117,-0.5670863699208992,-154.09063929170765 2136.95442575313,-0.5374374083292541,-129.7075729464184
2136.95442575313,-0.5374374083292541,-129.7075729464184 2196.452655824493,-0.8122238059022473,-121.9690258727813
2196.452655824493,-0.8122238059022473,-121.9690258727813 2140.9823345122945,-0.7694469973345491,-99.09892260090892
2140.9823345122945,-0.7694469973345491,-99.09892260090892 2085.512013200096,-0.726670188766851,-76.22881932903655
2085.512013200096,-0.726670188766851,-76.22881932903655 2140.7801514883586,-1.0965745066260568,-52.8772442013252
2140.7801514883586,-1.0965745066260568,-52.8772442013252 2084.436265411538,-1.034638679204522,-32.25292201329769
2084.436265411538,-1.034638679204522,-32.25292201329769 2135.121733376177,-1.4497079210634125,-0.1466756626261727
2135.121733376177,-1.4497079210634125,-0.1466756626261727 2185.8869556671143,-1.864176388421492,31.83332467573011
2185.8869556671143,-1.864176388421492,31.83332467573011 2127.946231967596,-1.7605854967760721,47.41734874216525
2127.946231967596,-1.7605854967760721,47.41734874216525 2173.977097705785,-2.2036880010059505,85.90063160061612
2173.977097705785,-2.2036880010059505,85.90063160061612 2115.373877909946,-2.0783994257660883,98.77102135125898
2115.373877909946,-2.0783994257660883,98.77102135125898 2056.7706581141065,-1.953110850526226,111.64141110190184
2056.7706581141065,-1.953110850526226,111.64141110190184 1998.1674383182672,-1.8278222752863635,124.5118008525447
1998.1674383182672,-1.8278222752863635,124.5118008525447 1939.5642185224278,-1.7025337000465013,137.38219060318755
1939.5642185224278,-1.7025337000465013,137.38219060318755 1880.9609987265885,-1.577245124806639,150.2525803538304
1880.9609987265885,-1.577245124806639,150.2525803538304 1902.2771910889262,-55.29426322169214,134.12490507340968
1902.2771910889262,-55.29426322169214,134.12490507340968 1844.010751816932,-51.04983765435612,147.79995191670622
1844.010751816932,-51.04983765435612,147.79995191670622 1861.1613745796008,-106.40006673844678,132.2369098236154
1861.1613745796008,-106.40006673844678,132.2369098236154 1858.3055080210909,-53.62518731464462,103.83521747961719
1844.010751816932,-51.04983765435612,147.79995191670622 1841.4946011580714,-84.08279043075854,197.82487587200956
1841.4946011580714,-84.08279043075854,197.82487587200956 1857.9855056372282,-140.71213099577784,186.81724866945663
1857.9855056372282,-140.71213099577784,186.81724866945663 1890.4117368153825,-110.02614145322299,226.90352534084522
1890.4117368153825,-110.02614145322299,226.90352534084522 1910.021669358641,-166.1340266870057,218.6964698249178
1910.021669358641,-166.1340266870057,218.6964698249178 1851.7948420651521,-153.51884275868224,225.8023629981074
1890.4117368153825,-110.02614145322299,226.90352534084522 1926.1616616298384,-77.1843872585311,262.1648647535249
1857.9855056372282,-140.71213099577784,186.81724866945663 1900.0501059988926,-98.90886984624355,177.70370085988785
1841.4946011580714,-84.08279043075854,197.82487587200956 1853.2601499572913,-141.9961293532844,187.45101273922108
1853.2601499572913,-141.9961293532844,187.45101273922108 1834.517515607154,-113.86530052496175,237.02288104220793
1841.4946011580714,-84.08279043075854,197.82487587200956 1869.377183706039,-136.6074521088502,205.80745102403827
1841.4946011580714,-84.08279043075854,197.82487587200956 1876.579714023164,-131.9930393814141,206.40642006463204
1876.579714023164,-131.9930393814141,206.40642006463204 1899.929004292217,-121.90596193909356,152.0643414090991
1899.929004292217,-121.90596193909356,152.0643414090991 1902.921890648763,-101.8991012812063,95.57745657843523
1899.929004292217,-121.90596193909356,152.0643414090991 1859.3609415877756,-89.83280158774511,121.6415756984475
1876.579714023164,-131.9930393814141,206.40642006463204 1932.9811544154306,-152.37621688363177,204.56153616837312
1932.9811544154306,-152.37621688363177,204.56153616837312 1964.2731156270822,-123.21196617434802,246.63598974883615
1964.2731156270822,-123.21196617434802,246.63598974883615 1989.3448699801925,-75.20290976167087,272.453379934943
1989.3448699801925,-75.20290976167087,272.453379934943 1976.7314034388498,-131.0263406413965,290.47128843251636
1841.4946011580714,-84.08279043075854,197.82487587200956 1879.6186557805024,-117.31639891624488,230.10619750200647
1841.4946011580714,-84.08279043075854,197.82487587200956 1857.9858376439267,-140.71221619583062,186.81818442154258
1857.9858376439267,-140.71221619583062,186.81818442154258 1890.4114553378317,-110.02719025565324,226.90569494813133
1890.4114553378317,-110.02719025565324,226.90569494813133 1910.0217096324495,-166.13512760187382,218.69976457717323
1910.0217096324495,-166.13512760187382,218.69976457717323 1852.1637187591582,-153.21415409553418,227.9464578106807
1852.1637187591582,-153.21415409553418,227.9464578106807 1884.3367798985546,-201.44004888379706,212.4817493170795
1884.3367798985546,-201.44004888379706,212.4817493170795 1910.7982020828617,-156.35599531102997,183.03312881574317
1890.4114553378317,-110.02719025565324,226.90569494813133 1912.0441422185318,-117.82886622227218,171.48764093652363
1912.0441422185318,-117.82886622227218,171.48764093652363 1929.9765581767754,-170.947020440576,150.11265203966045
1841.4946011580714,-84.08279043075854,197.82487587200956 1830.946192801965,-35.34341302338559,164.46016141055358
1830.946192801965,-35.34341302338559,164.46016141055358 1847.51158442144,-91.13006705928696,149.85067709480575
1847.51158442144,-91.13006705928696,149.85067709480575 1864.077218477967,-146.91664036722125,135.2411594140712
1864.077218477967,-146.91664036722125,135.2411594140712 1900.2309742476032,-114.59127259636752,170.56787086912388
1900.2309742476032,-114.59127259636752,170.56787086912388 1841.8975121411818,-105.7612467952222,181.48747905943057
1841.8975121411818,-105.7612467952222,181.48747905943057 1857.8984359117146,-162.3359124239641,169.51761492128554
1857.8984359117146,-162.3359124239641,169.51761492128554 1892.173428229782,-133.2251397424294,209.23899223225544
1892.173428229782,-133.2251397424294,209.23899223225544 1833.6352468258233,-122.81239085814536,217.29231319879176
1857.8984359117146,-162.3359124239641,169.51761492128554 1831.8781952469517,-114.30182634107652,194.33038683273386
1831.8781952469517,-114.30182634107652,194.33038683273386 1853.9689633455946,-58.52092610970131,193.6310055423463
1841.8975121411818,-105.7612467952222,181.48747905943057 1852.7140728277757,-133.19263420369927,129.2330916861269
1852.7140728277757,-133.19263420369927,129.2330916861269 1893.5060250618967,-161.55584954532895,95.59465164480616
1893.5060250618967,-161.55584954532895,95.59465164480616 1857.883506361483,-165.77810299562782,143.69048033337452
1900.2309742476032,-114.59127259636752,170.56787086912388 1906.3292809781658,-75.17257216202691,125.74626100192152
1847.51158442144,-91.13006705928696,149.85067709480575 1816.7404844859961,-122.20788087979204,190.92754280898794
1841.4946011580714,-84.08279043075854,197.82487587200956 1817.892169047043,-47.07640959415297,238.73273545694016
1817.892169047043,-47.07640959415297,238.73273545694016 1833.4603846405648,-104.44434992722142,230.57491190067708
1833.4603846405648,-104.44434992722142,230.57491190067708 1849.0288568730477,-161.81221643989213,222.41705898886264
1833.4603846405648,-104.44434992722142,230.57491190067708 1864.3549586194274,-78.44513279333057,186.1951191218753
1817.892169047043,-47.07640959415297,238.73273545694016 1852.2153996983625,-85.1407583231956,207.5394478217749
1817.892169047043,-47.07640959415297,238.73273545694016 1858.8005104555,-33.58835369333813,196.96456634186399
1858.8005104555,-33.58835369333813,196.96456634186399 1841.6532651568155,-84.27548290118887,169.8207473155481
1858.8005104555,-33.58835369333813,196.96456634186399 1844.1018863194192,-4.7641309864478565,146.43621159079555
1817.892169047043,-47.07640959415297,238.73273545694016 1865.9363522414608,-31.81118711042083,206.19461252854458
1865.9363522414608,-31.81118711042083,206.19461252854458 1914.4704840232046,-64.52723991884518,219.38923040208377
1817.892169047043,-47.07640959415297,238.73273545694016 1833.4612865420368,-104.44385911931658,230.57318182914406
1833.4612865420368,-104.44385911931658,230.57318182914406 1849.0305044743734,-161.81128082279596,222.41362423877376
1849.0305044743734,-161.81128082279596,222.41362423877376 1901.033489236727,-152.16432808038695,194.08297160611926
1901.033489236727,-152.16432808038695,194.08297160611926 1930.5774329963062,-105.18860174975943,171.26989371555814
1930.5774329963062,-105.18860174975943,171.26989371555814 1919.669922442481,-89.9113980792971,114.28188391060527
1901.033489236727,-152.16432808038695,194.08297160611926 1898.8969943503264,-93.78034307807147,207.7484640908336
1833.4612865420368,-104.44385911931658,230.57318182914406 1874.2658684245544,-125.2931811795801,191.83958056331383
1874.2658684245544,-125.2931811795801,191.83958056331383 1912.8912488147178,-165.8835337697311,213.29892040223726
1817.892169047043,-47.07640959415297,238.73273545694016 1816.293247976225,10.206634454107004,256.5118331836079
1816.293247976225,10.206634454107004,256.5118331836079 1833.1503782417653,-46.92579190622919,249.31996156410798
1833.1503782417653,-46.92579190622919,249.31996156410798 1850.0079392486678,-104.05808976004059,242.1280787200997
1850.0079392486678,-104.05808976004059,242.1280787200997 1866.865590455716,-161.19036070327707,234.9361935256517
1866.865590455716,-161.19036070327707,234.9361935256517 1810.0810743285942,-142.56333589527605,240.27966384097545
1810.0810743285942,-142.56333589527605,240.27966384097545 1817.8606551823584,-140.6277368793681,180.81764589515257
1850.0079392486678,-104.05808976004059,242.1280787200997 1882.5311929840059,-122.6987866614879,288.9763698895243
1850.0079392486678,-104.05808976004059,242.1280787200997 1840.0925090956032,-152.42532311984417,276.220526300143
1840.0925090956032,-152.42532311984417,276.220526300143 1850.480623300202,-133.01055010536788,220.40696457838425
1833.1503782417653,-46.92579190622919,249.31996156410798 1836.0050556658673,-106.83904809945506,250.82081103331092
1816.293247976225,10.206634454107004,256.5118331836079 1848.3568369114519,35.87455144036512,300.25065235124623
1848.3568369114519,35.87455144036512,300.25065235124623 1876.6333148501385,19.121214344412174,350.4479280894009
1816.293247976225,10.206634454107004,256.5118331836079 1859.5427261503082,44.891476469710845,279.4562087911967
1816.293247976225,10.206634454107004,256.5118331836079 1845.7303598989365,53.042720005358994,226.53640630932333
1816.293247976225,10.206634454107004,256.5118331836079 1835.3356352462233,-3.5566816687398166,201.30351301026812
1816.293247976225,10.206634454107004,256.5118331836079 1873.3735365028353,11.310394387626737,238.0558754537019
1873.3735365028353,11.310394387626737,238.0558754537019 1846.8958084465237,56.78774532119586,209.23330670903573
1816.293247976225,10.206634454107004,256.5118331836079 1852.3983327747046,40.83967463958025,219.66024297789505
1816.293247976225,10.206634454107004,256.5118331836079 1811.483376085525,-33.82498294918085,296.98505644597645
1811.483376085525,-33.82498294918085,296.98505644597645 1826.938082957753,-91.71857542466637,293.9054483904099
1826.938082957753,-91.71857542466637,293.9054483904099 1842.392986999578,-149.6121154287215,290.8258434065104
1842.392986999578,-149.6121154287215,290.8258434065104 1870.4450468336415,-98.56007621006316,305.20538549527976
1842.392986999578,-149.6121154287215,290.8258434065104 1804.0639364726198,-118.80132002572157,325.1999437196296
1811.483376085525,-33.82498294918085,296.98505644597645 1826.9384606138326,-91.71842388421743,293.9044949834679
1826.9384606138326,-91.71842388421743,293.9044949834679 1842.393802695166,-149.6117968740229,290.82394876368335
1826.9384606138326,-91.71842388421743,293.9044949834679 1820.2028609565211,-120.33918818036709,241.60264464946277
1811.483376085525,-33.82498294918085,296.98505644597645 1813.1936107032495,24.15551411206217,281.64435704589937
1813.1936107032495,24.15551411206217,281.64435704589937 1830.2099690595198,-33.17299339768211,276.7570495053223
1830.2099690595198,-33.17299339768211,276.7570495053223 1847.226965699824,-90.50131358890457,271.86976709108063
1847.226965699824,-90.50131358890457,271.86976709108063 1864.2441900980086,-147.82956693769856,266.982493642795
1864.2441900980086,-147.82956693769856,266.982493642795 1806.2757003235258,-132.3609909184663,267.59678119997363
1806.2757003235258,-132.3609909184663,267.59678119997363 1837.4756388060832,-150.6008976170888,315.4911403909074
1806.2757003235258,-132.3609909184663,267.59678119997363 1834.0477244799329,-80.17065362791766,277.838039313834
1864.2441900980086,-147.82956693769856,266.982493642795 1817.327076468712,-121.74114597798527,240.183636567829
1813.1936107032495,24.15551411206217,281.64435704589937 1830.2100404636262,-33.1730858998328,276.7583833572348
1830.2100404636262,-33.1730858998328,276.7583833572348 1847.227247385872,-90.50145436618327,271.87239957177
1847.227247385872,-90.50145436618327,271.87239957177 1864.2447862437248,-147.82972393304573,266.9864114740947
1864.2447862437248,-147.82972393304573,266.9864114740947 1805.4104303542301,-136.4301246480634,269.91347539723006
1813.1936107032495,24.15551411206217,281.64435704589937 1841.4585548005477,-8.922973850569235,322.95908286227933
1813.1936107032495,24.15551411206217,281.64435704589937 1818.771181480785,65.1398636644362,325.10898399690865
1813.1936107032495,24.15551411206217,281.64435704589937 1824.5941898706,60.65518838304012,235.40800151519733
1811.483376085525,-33.82498294918085,296.98505644597645 1826.9378253002906,-91.71857840127709,293.90421157853274
1826.9378253002906,-91.71857840127709,293.90421157853274 1842.392691945751,-149.61206397629655,290.82339594853335
1842.392691945751,-149.61206397629655,290.82339594853335 1884.0440653733967,-116.05549193297776,318.01014941952286
1811.483376085525,-33.82498294918085,296.98505644597645 1851.4820985354725,5.478650112819253,275.6466724748385
1811.483376085525,-33.82498294918085,296.98505644597645 1826.9387407662834,-91.71840844469106,293.90561055741625
1826.9387407662834,-91.71840844469106,293.90561055741625 1842.3944714007375,-149.6117364102206,290.8261678106133
1842.3944714007375,-149.6117364102206,290.8261678106133 1868.765823079184,-134.9698985358157,342.6930010888398
1811.483376085525,-33.82498294918085,296.98505644597645 1846.4243166970498,3.911327635816292,327.88977344216534
1816.293247976225,10.206634454107004,256.5118331836079 1810.0830339460667,15.973202343084836,315.91031747808665
1810.0830339460667,15.973202343084836,315.91031747808665 1826.6471904830207,-41.676629916775994,314.45238790873384
1826.6471904830207,-41.676629916775994,314.45238790873384 1843.211864253852,-99.32631400078583,312.99447574409453
1843.211864253852,-99.32631400078583,312.99447574409453 1859.7766814355834,-156.9759569999148,311.53656840520347
1859.7766814355834,-156.9759569999148,311.53656840520347 1802.7253765188525,-138.41468565345764,310.7442216999092
1859.7766814355834,-156.9759569999148,311.53656840520347 1911.1475696120065,-147.20599064940404,340.95730268352025
1859.7766814355834,-156.9759569999148,311.53656840520347 1829.292486621751,-188.99654819079663,270.9730921446715
1843.211864253852,-99.32631400078583,312.99447574409453 1883.9179190660984,-99.58631101401315,357.0733766284801
1883.9179190660984,-99.58631101401315,357.0733766284801 1865.0916917396798,-47.41226126545705,379.95222488378363
1843.211864253852,-99.32631400078583,312.99447574409453 1828.2521505100822,-71.94167287388856,364.2418014797416
1843.211864253852,-99.32631400078583,312.99447574409453 1892.4354312011135,-124.7461445017312,336.03515008951405
1826.6471904830207,-41.676629916775994,314.45238790873384 1863.4310079811826,-64.59107506919594,272.95685834688027
1810.0830339460667,15.973202343084836,315.91031747808665 1837.466337138293,-11.361852160040467,270.05239011984486
1810.0830339460667,15.973202343084836,315.91031747808665 1830.6235413854333,17.771883783363187,259.5644897779834
1810.0830339460667,15.973202343084836,315.91031747808665 1823.2314782674796,49.03796429800534,267.60048484754293
1810.0830339460667,15.973202343084836,315.91031747808665 1826.6474787354528,-41.67651897245505,314.451276334059
1826.6474787354528,-41.67651897245505,314.451276334059 1843.2125164285376,-99.32607110455612,312.9922817505054
1843.2125164285376,-99.32607110455612,312.9922817505054 1859.777754285735,-156.97556611888282,311.5333028858202
1859.777754285735,-156.97556611888282,311.5333028858202 1802.1020242359505,-140.72717026673803,308.45112906586957
1843.2125164285376,-99.32607110455612,312.9922817505054 1816.9232699096988,-58.32647814617356,277.9507507520079
1826.6474787354528,-41.67651897245505,314.451276334059 1814.0023207582092,-5.218844998832722,268.5063311478515
1810.0830339460667,15.973202343084836,315.91031747808665 1834.3635328192465,63.86258567741001,342.6883745085654
1834.3635328192465,63.86258567741001,342.6883745085654 1829.6554726786326,14.843488946479837,376.9660979655874
1810.0830339460667,15.973202343084836,315.91031747808665 1840.3863910058642,38.261092016917935,269.16679894563697
1840.3863910058642,38.261092016917935,269.16679894563697 1879.8529042822076,82.36349439838312,279.034546104515
1810.0830339460667,15.973202343084836,315.91031747808665 1814.3595966236453,73.36475573878641,332.8785410295689
1814.3595966236453,73.36475573878641,332.8785410295689 1832.9969745354215,16.33326601534005,333.1179663792474
1832.9969745354215,16.33326601534005,333.1179663792474 1851.6354676664666,-40.69785885247651,333.3574869743851
1851.6354676664666,-40.69785885247651,333.3574869743851 1870.2744723860183,-97.72881634063936,333.59705126198565
1870.2744723860183,-97.72881634063936,333.59705126198565 1888.9136236750892,-154.75972587378124,333.83662806744684
1888.9136236750892,-154.75972587378124,333.83662806744684 1831.2098462685083,-138.86083592007773,329.6534030852363
1814.3595966236453,73.36475573878641,332.8785410295689 1835.7480754415158,20.895716999206485,352.61513008649496
1810.0830339460667,15.973202343084836,315.91031747808665 1837.199766204783,49.848230546252914,357.3490106988395
1810.0830339460667,15.973202343084836,315.91031747808665 1848.4968247403258,-17.238452168769612,347.8691453883859
1810.0830339460667,15.973202343084836,315.91031747808665 1859.8562834301938,-11.502059110361603,335.08669992774634
1810.0830339460667,15.973202343084836,315.91031747808665 1829.8215231627971,37.949908971655844,368.1349898964249
1829.8215231627971,37.949908971655844,368.1349898964249 1815.338188066372,-6.402213063247721,405.85928280544675
1810.0830339460667,15.973202343084836,315.91031747808665 1867.0513035757688,16.375837859674686,334.7372699674929
1810.0830339460667,15.973202343084836,315.91031747808665 1818.32918043436,75.20512028691127,320.76634103542455
1818.32918043436,75.20512028691127,320.76634103542455 1854.828764608286,98.77079284208129,279.3847094562685
1854.828764608286,98.77079284208129,279.3847094562685 1825.1231078999695,62.19821358737652,242.2360835572398
1810.0830339460667,15.973202343084836,315.91031747808665 1826.6476262328886,-41.67650710836102,314.4524825988089
1826.6476262328886,-41.67650710836102,314.4524825988089 1843.2129478627255,-99.3260075525943,312.99466991180134
1843.2129478627255,-99.3260075525943,312.99466991180134 1859.7785719383533,-156.97542132226351,311.5368664276321
1859.7785719383533,-156.97542132226351,311.5368664276321 1801.0461705304613,-144.73848417118765,310.66371465224086
1801.0461705304613,-144.73848417118765,310.66371465224086 1790.4393954365685,-203.73449084641913,308.02410890826786
1790.4393954365685,-203.73449084641913,308.02410890826786 1806.6993936058516,-146.15078398601474,312.465861237015
1790.4393954365685,-203.73449084641913,308.02410890826786 1833.8368945250133,-226.8637633561788,342.3998827328337
1790.4393954365685,-203.73449084641913,308.02410890826786 1796.3613630687378,-163.82890924303896,352.4366618213746
1790.4393954365685,-203.73449084641913,308.02410890826786 1802.9863644107973,-157.2816774784618,343.86695616907383
1790.4393954365685,-203.73449084641913,308.02410890826786 1740.9355101398853,-231.83282024232085,326.9938012012977
1740.9355101398853,-231.83282024232085,326.9938012012977 1682.1516046174727,-225.7327127160422,316.6380714008482
1682.1516046174727,-225.7327127160422,316.6380714008482 1623.36769909506,-219.63260518976352,306.28234160039875
1623.36769909506,-219.63260518976352,306.28234160039875 1564.5837935726477,-213.53249766348486,295.9266117999493
1564.5837935726477,-213.53249766348486,295.9266117999493 1606.512848815266,-247.6807571746477,321.9237404648565
1564.5837935726477,-213.53249766348486,295.9266117999493 1611.6599975176325,-242.0559196481026,272.0467998153957
1801.0461705304613,-144.73848417118765,310.66371465224086 1821.9292068911473,-200.6929378051976,316.4080954611441
1859.7785719383533,-156.97542132226351,311.5368664276321 1904.1037108516957,-156.14960532981374,271.1066785940404
1859.7785719383533,-156.97542132226351,311.5368664276321 1910.4979165835318,-133.5272229878715,289.6798292625766
1810.0830339460667,15.973202343084836,315.91031747808665 1857.9636696304053,-9.9913468366676,341.0755099541212
1810.0830339460667,15.973202343084836,315.91031747808665 1810.255906539742,-43.59890698852036,323.0611149755433
1810.255906539742,-43.59890698852036,323.0611149755433 1825.4071767137427,-101.65033362024772,322.3749093681553
1825.4071767137427,-101.65033362024772,322.3749093681553 1840.5587637453061,-159.70167770401056,321.6887166156921
1810.255906539742,-43.59890698852036,323.0611149755433 1820.7036109207766,-99.56666939750141,341.9940239992079
1810.0830339460667,15.973202343084836,315.91031747808665 1844.199176383863,26.993754206677334,267.7996506589095
1810.0830339460667,15.973202343084836,315.91031747808665 1823.3738574904921,59.208657719801025,355.33175083456075
1810.0830339460667,15.973202343084836,315.91031747808665 1836.862661822729,67.48721542640952,331.0482825605722
1810.0830339460667,15.973202343084836,315.91031747808665 1846.7813702107321,-31.29887499125674,320.22109697854575
1810.0830339460667,15.973202343084836,315.91031747808665 1826.7636074847449,-35.76382198475807,290.5127038082762
1810.0830339460667,15.973202343084836,315.91031747808665 1817.3058143570431,-30.352928486537486,278.47075223633294
1817.3058143570431,-30.352928486537486,278.47075223633294 1849.6323093756077,8.357914258670121,310.974111659176
1810.0830339460667,15.973202343084836,315.91031747808665 1859.099000629219,50.57375302318766,316.3970440437681
1859.099000629219,50.57375302318766,316.3970440437681 1817.9052610496515,18.280753450097137,287.0672298946272
1859.099000629219,50.57375302318766,316.3970440437681 1863.4714669382658,90.62075943453326,360.8618482811185
1810.0830339460667,15.973202343084836,315.91031747808665 1807.8782028458081,-30.845137129266362,278.45124903170085
1807.8782028458081,-30.845137129266362,278.45124903170085 1823.0636470280967,-88.69345844082702,273.6581282924503
1823.0636470280967,-88.69345844082702,273.6581282924503 1838.2494726328189,-146.54167916303578,268.8650019663889
1807.8782028458081,-30.845137129266362,278.45124903170085 1820.8413490182163,-0.9107574704502106,228.09363038511836
1807.8782028458081,-30.845137129266362,278.45124903170085 1862.4856611131815,-53.3452445818629,267.8790843432994
1807.8782028458081,-30.845137129266362,278.45124903170085 1810.767750249699,2.773643697019338,328.06403056584617
1807.8782028458081,-30.845137129266362,278.45124903170085 1862.4919108189604,-53.79435978309802,287.9736479420646
1807.8782028458081,-30.845137129266362,278.45124903170085 1812.866064207502,-80.75519467145523,311.3770352056393
1812.866064207502,-80.75519467145523,311.3770352056393 1809.1321173294973,-76.840682910917,371.13265618299044
1807.8782028458081,-30.845137129266362,278.45124903170085 1824.7023276430234,15.776209222955003,244.63706725668314
1807.8782028458081,-30.845137129266362,278.45124903170085 1810.8424225064255,-71.53354190557846,234.4550319379257
1807.8782028458081,-30.845137129266362,278.45124903170085 1836.4345184583321,-35.05718331168111,225.8509115271266
1807.8782028458081,-30.845137129266362,278.45124903170085 1829.9052162840403,20.084317491562032,255.62579545423785
1807.8782028458081,-30.845137129266362,278.45124903170085 1858.6569664189387,-27.63943374169954,246.65123903523926
1807.8782028458081,-30.845137129266362,278.45124903170085 1822.3823419995013,13.126145562805384,240.29163365334284
1807.8782028458081,-30.845137129266362,278.45124903170085 1813.2523886055558,-20.62478032551375,337.32961886497424
1807.8782028458081,-30.845137129266362,278.45124903170085 1814.6960689005796,-74.26659280570533,319.2935541747537
1807.8782028458081,-30.845137129266362,278.45124903170085 1818.07202302768,-43.756584380563154,336.1520337748622
1807.8782028458081,-30.845137129266362,278.45124903170085 1840.7740890804394,-77.11169189546354,297.874600413599
1840.7740890804394,-77.11169189546354,297.874600413599 1835.4072068429616,-115.82167441881167,252.34731378139207
1840.7740890804394,-77.11169189546354,297.874600413599 1890.188441967717,-80.40738409411075,331.74730537885637
1810.0830339460667,15.973202343084836,315.91031747808665 1850.44191290081,8.071491087951546,359.5992617175266
1810.0830339460667,15.973202343084836,315.91031747808665 1806.8303299328234,-34.60350516991844,348.02599236973964
1806.8303299328234,-34.60350516991844,348.02599236973964 1821.8847238376263,-92.66239945515483,349.61659556814556
1821.8847238376263,-92.66239945515483,349.61659556814556 1836.9394892467903,-150.7211966841437,351.20722525421144
1806.8303299328234,-34.60350516991844,348.02599236973964 1863.842199412411,-17.051747290851456,341.5775403231563
1863.842199412411,-17.051747290851456,341.5775403231563 1901.1531017908906,27.613730162504712,326.9867319984852
1806.8303299328234,-34.60350516991844,348.02599236973964 1835.3035901686749,-43.58035110781716,400.0710659939426
1806.8303299328234,-34.60350516991844,348.02599236973964 1819.0848214963742,-88.80316323497651,325.39361507194684
1806.8303299328234,-34.60350516991844,348.02599236973964 1814.7144059117431,-89.94237789813768,326.2211646674033
1814.7144059117431,-89.94237789813768,326.2211646674033 1856.396785156307,-81.07042882975051,368.45702360551763
1806.8303299328234,-34.60350516991844,348.02599236973964 1842.871868351094,-53.037090511719185,303.7404367122697
1806.8303299328234,-34.60350516991844,348.02599236973964 1826.270933876353,-3.7583845307027524,300.3747442112386
1810.0830339460667,15.973202343084836,315.91031747808665 1833.9968261426366,-31.584252403761823,343.59459172865917
1810.0830339460667,15.973202343084836,315.91031747808665 1853.3509399941001,-23.792608263965015,328.0168699594001
1853.3509399941001,-23.792608263965015,328.0168699594001 1804.7276926138716,-47.56006110448336,302.11536421794096
1804.7276926138716,-47.56006110448336,302.11536421794096 1819.3133986863972,-105.70361860469461,299.5494531544954
1819.3133986863972,-105.70361860469461,299.5494531544954 1833.8994045044478,-163.84710110789092,296.9835465552023
1804.7276926138716,-47.56006110448336,302.11536421794096 1818.8112820702638,-85.47808711499951,346.43100267085754
1804.7276926138716,-47.56006110448336,302.11536421794096 1855.4711473882082,-79.43322743479354,305.1490197101195
1804.7276926138716,-47.56006110448336,302.11536421794096 1816.3662356276309,-92.17993893751833,340.5030030966466
1804.7276926138716,-47.56006110448336,302.11536421794096 1840.3261772789615,-27.189064963860268,345.9077197813048
1804.7276926138716,-47.56006110448336,302.11536421794096 1847.1238219319262,-79.44307966328748,274.07893530080287
1804.7276926138716,-47.56006110448336,302.11536421794096 1820.768584778943,-10.04185535506921,346.1048404127444
1820.768584778943,-10.04185535506921,346.1048404127444 1836.3573295447463,-44.56079190170545,392.6390649825805
1804.7276926138716,-47.56006110448336,302.11536421794096 1819.7922877102449,-99.60065609018409,327.8997480212547
1804.7276926138716,-47.56006110448336,302.11536421794096 1842.0924088049842,-83.39546294941977,332.4419525286879
1842.0924088049842,-83.39546294941977,332.4419525286879 1811.3537689139614,-36.97238292970907,310.08052012524917
1804.7276926138716,-47.56006110448336,302.11536421794096 1855.6868881257199,-22.172379591902725,321.05278801847413
1804.7276926138716,-47.56006110448336,302.11536421794096 1861.1263198616975,-66.24110726819154,293.7360230272392
1804.7276926138716,-47.56006110448336,302.11536421794096 1828.0626336315602,-90.56379919656204,336.84516464651955
1804.7276926138716,-47.56006110448336,302.11536421794096 1834.161653239513,-82.52612127310363,340.9871611685916
1804.7276926138716,-47.56006110448336,302.11536421794096 1815.768795562391,-4.626214149441026,261.68296592991953
1804.7276926138716,-47.56006110448336,302.11536421794096 1836.4999546310805,-95.53282096900548,285.1113153680136
1836.4999546310805,-95.53282096900548,285.1113153680136 1882.6947597691167,-85.56568155830851,322.0801686126923
1804.7276926138716,-47.56006110448336,302.11536421794096 1813.6137167695576,-21.435775806576096,355.3935050674311
1804.7276926138716,-47.56006110448336,302.11536421794096 1847.8748861621268,-68.47754629048106,338.181671242683
1804.7276926138716,-47.56006110448336,302.11536421794096 1811.1223957539473,3.776339213170985,332.50749764381027
1804.7276926138716,-47.56006110448336,302.11536421794096 1822.2256867140989,-101.42111724658751,282.296009189951
1804.7276926138716,-47.56006110448336,302.11536421794096 1862.6734852584264,-32.79205030728708,307.0337960704873
1804.7276926138716,-47.56006110448336,302.11536421794096 1846.5970694633515,-5.372376162345184,293.92057798161227
1804.7276926138716,-47.56006110448336,302.11536421794096 1835.2277443450757,-75.09688886560036,345.8357251639401
1804.7276926138716,-47.56006110448336,302.11536421794096 1858.6671431407776,-21.28206559637339,302.06409111374677
1804.7276926138716,-47.56006110448336,302.11536421794096 1820.3501756572898,-93.14493301941253,266.3668331144451
1804.7276926138716,-47.56006110448336,302.11536421794096 1840.3152838479143,-0.5150976800644358,313.08326130688954
1804.7276926138716,-47.56006110448336,302.11536421794096 1811.9398313399538,-65.80010006856446,358.8188564700461
1804.7276926138716,-47.56006110448336,302.11536421794096 1834.1866269619206,-76.57047625986338,345.5960150823178
1804.7276926138716,-47.56006110448336,302.11536421794096 1807.101544876715,-96.59329748194686,267.6174431822324
1804.7276926138716,-47.56006110448336,302.11536421794096 1840.6665455551038,-0.11335111741738757,309.6789983095487
1840.6665455551038,-0.11335111741738757,309.6789983095487 1811.651021275637,-19.142279150864052,260.7300529819363
1804.7276926138716,-47.56006110448336,302.11536421794096 1838.679404366522,-96.77167093589523,297.06573780940136
1804.7276926138716,-47.56006110448336,302.11536421794096 1864.045975240057,-55.80661472632547,298.463556495446
1804.7276926138716,-47.56006110448336,302.11536421794096 1843.0222350928148,-53.07506336070939,256.2556567783788
1804.7276926138716,-47.56006110448336,302.11536421794096 1854.0324617799304,-76.06929989609915,283.2404326682825
1853.3509399941001,-23.792608263965015,328.0168699594001 1902.5281548590674,-24.2351484036859,362.38845264553163
1853.3509399941001,-23.792608263965015,328.0168699594001 1813.1695401328275,-10.723884226385232,370.61573798682673
1813.1695401328275,-10.723884226385232,370.61573798682673 1846.2694497092175,38.630718781841786,362.33810861996625
1853.3509399941001,-23.792608263965015,328.0168699594001 1824.7316709246222,-62.67138077075225,292.388531711675
1824.7316709246222,-62.67138077075225,292.388531711675 1867.8982629110694,-45.540327266255645,330.3776399152333
1853.3509399941001,-23.792608263965015,328.0168699594001 1899.5891615050482,-17.477055149637955,290.30558967929534
1853.3509399941001,-23.792608263965015,328.0168699594001 1840.428271643989,17.57788253474896,369.5076777821765
1853.3509399941001,-23.792608263965015,328.0168699594001 1897.1707956736598,-10.157716182978028,366.668001458522
1853.3509399941001,-23.792608263965015,328.0168699594001 1851.1899988488683,-65.04508253033038,284.50177257619634
1853.3509399941001,-23.792608263965015,328.0168699594001 1812.2663174939657,-65.63059152253483,340.73052210491215
1853.3509399941001,-23.792608263965015,328.0168699594001 1835.3598016690466,-74.83154704981558,302.1065309152465
1853.3509399941001,-23.792608263965015,328.0168699594001 1810.057525559388,11.527921660495544,306.150447471038
1810.057525559388,11.527921660495544,306.150447471038 1826.4957538411898,-46.12625448827161,303.74615473463865
1826.4957538411898,-46.12625448827161,303.74615473463865 1842.9346712006886,-103.78023468589195,301.34187450555356
1842.9346712006886,-103.78023468589195,301.34187450555356 1859.373865819119,-161.43413603763787,298.93759930904974
1859.373865819119,-161.43413603763787,298.93759930904974 1800.7143856839505,-148.82369578789834,299.14299400109627
1810.057525559388,11.527921660495544,306.150447471038 1857.025466775432,33.14185316558557,336.59466634456976
1810.057525559388,11.527921660495544,306.150447471038 1839.06297720235,-0.9301599314278128,255.12613975366895
1810.057525559388,11.527921660495544,306.150447471038 1839.029337779439,-28.298102922554023,271.87914952951775
1853.3509399941001,-23.792608263965015,328.0168699594001 1859.4199785044384,17.207493587829298,371.4007197159918
1853.3509399941001,-23.792608263965015,328.0168699594001 1869.1956391879219,12.21756957295262,373.31822313577743
1853.3509399941001,-23.792608263965015,328.0168699594001 1903.0647957158476,4.357322116120102,309.68345868725436
1853.3509399941001,-23.792608263965015,328.0168699594001 1875.0942502982998,-50.25375761633292,278.75191251532056
1853.3509399941001,-23.792608263965015,328.0168699594001 1815.9285061336302,-0.9142364233389131,368.95757764601444
1853.3509399941001,-23.792608263965015,328.0168699594001 1887.1968391159535,10.583634426006071,363.6921982851988
1853.3509399941001,-23.792608263965015,328.0168699594001 1846.9035492339083,-62.44589742762858,282.5817030815773
1853.3509399941001,-23.792608263965015,328.0168699594001 1831.8925410155105,-49.33765378280518,377.8865778261607
1853.3509399941001,-23.792608263965015,328.0168699594001 1844.0785012040326,-67.32022928851056,368.25824278424284
1853.3509399941001,-23.792608263965015,328.0168699594001 1894.248560116137,1.0690063327742045,291.8328294443226
1853.3509399941001,-23.792608263965015,328.0168699594001 1871.9388140819635,-36.18013615439823,272.3298868335611
1853.3509399941001,-23.792608263965015,328.0168699594001 1910.3781053728078,-8.83830230025949,339.16456667277635
1853.3509399941001,-23.792608263965015,328.0168699594001 1820.9018336606166,-15.702888193083163,377.8326498622888
1810.0830339460667,15.973202343084836,315.91031747808665 1834.7528045821432,48.969244681130164,359.5298498780254
1810.0830339460667,15.973202343084836,315.91031747808665 1837.0425948927289,-22.250402191290732,353.48874386827595
1810.0830339460667,15.973202343084836,315.91031747808665 1837.7876174972075,-24.22808231952606,350.7859932670028
1810.0830339460667,15.973202343084836,315.91031747808665 1860.7964398489771,-11.52685404706411,299.421006993252
1860.7964398489771,-11.52685404706411,299.421006993252 1821.3154019180581,-9.659457047807313,344.5625673599971
1810.0830339460667,15.973202343084836,315.91031747808665 1815.4559117529996,61.27609182766367,354.881850530044
1815.4559117529996,61.27609182766367,354.881850530044 1846.7070714317097,18.188631900772386,382.57365104543675
1810.0830339460667,15.973202343084836,315.91031747808665 1815.2697579628025,46.212577663443646,264.3479467586493
1815.2697579628025,46.212577663443646,264.3479467586493 1833.0457025715089,-10.686092379650091,257.52466744475976
1833.0457025715089,-10.686092379650091,257.52466744475976 1850.8224203572704,-67.58452149362208,250.70139336791877
1850.8224203572704,-67.58452149362208,250.70139336791877 1868.599445148852,-124.4828549385858,243.87812137090629
1868.599445148852,-124.4828549385858,243.87812137090629 1810.3393002174957,-110.4955709959496,247.05796421064545
1810.3393002174957,-110.4955709959496,247.05796421064545 1824.0601639237848,-168.50452292988672,240.22426867458196
1833.0457025715089,-10.686092379650091,257.52466744475976 1810.7071827846007,11.442155229168193,206.4234816317794
1810.7071827846007,11.442155229168193,206.4234816317794 1826.8848453857092,-45.08663276634676,194.47444984996457
1826.8848453857092,-45.08663276634676,194.47444984996457 1843.063064563114,-101.6152578953734,182.52540113176835
1843.063064563114,-101.6152578953734,182.52540113176835 1859.2414737385175,-158.14382742548773,170.57634663225858
1859.2414737385175,-158.14382742548773,170.57634663225858 1893.4226203853605,-128.65230241131832,210.09721664097214
1893.4226203853605,-128.65230241131832,210.09721664097214 1834.5114655571856,-117.99944724166983,214.09628072464247
1834.5114655571856,-117.99944724166983,214.09628072464247 1849.8417574608968,-175.25653010340162,204.7899059034898
1849.8417574608968,-175.25653010340162,204.7899059034898 1892.5524557594727,-203.57328688341366,235.99819865252812
1815.2697579628025,46.212577663443646,264.3479467586493 1856.9557302770716,54.85978475749712,306.6268483726522
1810.0830339460667,15.973202343084836,315.91031747808665 1822.7863764171364,61.800506674309105,352.49560506471187
1810.0830339460667,15.973202343084836,315.91031747808665 1849.2875381529702,53.5603077826618,341.4096577551411
1810.0830339460667,15.973202343084836,315.91031747808665 1854.9224951606477,51.14658347161834,334.67880111350644
1810.0830339460667,15.973202343084836,315.91031747808665 1866.0222004754316,29.851163255292736,299.23063376048566
1810.0830339460667,15.973202343084836,315.91031747808665 1851.9173885493674,-26.863246587516777,319.77366032350625
1810.0830339460667,15.973202343084836,315.91031747808665 1858.0685985463576,50.28857745045743,304.9631433572635
1810.0830339460667,15.973202343084836,315.91031747808665 1827.923382704215,71.93456407698098,328.1597235484095
1810.0830339460667,15.973202343084836,315.91031747808665 1832.7530778006737,-6.790612867171742,366.5845498719127
1810.0830339460667,15.973202343084836,315.91031747808665 1838.9873489658055,17.890342929709448,368.454252858022
1810.0830339460667,15.973202343084836,315.91031747808665 1852.0208426746758,43.737025083129474,283.1934969433527
1810.0830339460667,15.973202343084836,315.91031747808665 1865.8035253276412,33.70614693830249,329.3553729327443
1810.0830339460667,15.973202343084836,315.91031747808665 1837.2472820673536,65.29536893552134,336.6329501929012
1816.293247976225,10.206634454107004,256.5118331836079 1816.9787990538825,-34.129900011875854,216.09151983417138
1816.293247976225,10.206634454107004,256.5118331836079 1823.5029554540677,53.686286866155925,215.79893664932348
1823.5029554540677,53.686286866155925,215.79893664932348 1856.9178782637887,87.77870753743045,179.45131242994367
1823.5029554540677,53.686286866155925,215.79893664932348 1875.0640716642636,31.106207086072057,195.02416126464814
1875.0640716642636,31.106207086072057,195.02416126464814 1922.6941811039464,63.728757106782524,178.67968498334548
1816.293247976225,10.206634454107004,256.5118331836079 1820.3981328251036,37.80093897948628,309.6315496562895
1820.3981328251036,37.80093897948628,309.6315496562895 1866.891039694127,54.531085305560154,275.5946312473547
1816.293247976225,10.206634454107004,256.5118331836079 1850.7186925594604,-37.882932598823515,246.39836167732986
1816.293247976225,10.206634454107004,256.5118331836079 1862.2829321054091,14.556414219675666,218.22308327336776
1816.293247976225,10.206634454107004,256.5118331836079 1819.890947717858,58.673085000287095,221.325760256614
1816.293247976225,10.206634454107004,256.5118331836079 1815.7175799917118,-42.77946187866585,228.36681227784695
1816.293247976225,10.206634454107004,256.5118331836079 1831.247159373048,11.87823953728753,198.4292517122076
1816.293247976225,10.206634454107004,256.5118331836079 1838.2141936974356,60.89873509885525,233.0643797843481
1816.293247976225,10.206634454107004,256.5118331836079 1875.9329380963459,3.6462005110375593,256.7727332690726
1816.293247976225,10.206634454107004,256.5118331836079 1846.4329818674519,-23.097850618895905,216.7323445621065
1816.293247976225,10.206634454107004,256.5118331836079 1833.6326742915683,36.22145744321252,205.30076719294246
1816.293247976225,10.206634454107004,256.5118331836079 1838.6816735053314,62.046582789854206,276.794292572812
1816.293247976225,10.206634454107004,256.5118331836079 1846.2067403453407,62.18181055192496,258.4519475832444
1817.892169047043,-47.07640959415297,238.73273545694016 1845.8769984223095,-22.960456943472675,286.0113791831234
1845.8769984223095,-22.960456943472675,286.0113791831234 1814.7576818460857,15.76110808438985,252.36277538412793
1817.892169047043,-47.07640959415297,238.73273545694016 1854.613364682951,-20.95000650228866,278.34289643301787
1841.4946011580714,-84.08279043075854,197.82487587200956 1826.7672482019007,-108.17244102985713,144.88345721971316
1841.4946011580714,-84.08279043075854,197.82487587200956 1864.4410190492115,-54.20458098083346,244.52342516459015
1864.4410190492115,-54.20458098083346,244.52342516459015 1893.9139098195185,-19.536434094950828,205.41500789745422
1893.9139098195185,-19.536434094950828,205.41500789745422 1914.2273686733342,21.90053160872442,167.06997871938762
1914.2273686733342,21.90053160872442,167.06997871938762 1934.696532703956,46.427224438958234,217.85831067367462
1914.2273686733342,21.90053160872442,167.06997871938762 1931.0905202920285,-1.6019942533083338,114.50320788847763
1841.4946011580714,-84.08279043075854,197.82487587200956 1839.6536053610319,-33.43700607673209,229.94364393121026
1844.010751816932,-51.04983765435612,147.79995191670622 1846.89571054404,-110.59858744878363,154.55446234038257
1846.89571054404,-110.59858744878363,154.55446234038257 1899.9266753858506,-136.8907187536526,144.73404486482863
1902.2771910889262,-55.29426322169214,134.12490507340968 1875.6458871201141,-20.139443643205347,174.8055185068964
1902.2771910889262,-55.29426322169214,134.12490507340968 1868.0460553030453,-11.236680598729812,112.05323191006696
1902.2771910889262,-55.29426322169214,134.12490507340968 1917.4048389888562,-87.29019737752628,85.67478158015875
1917.4048389888562,-87.29019737752628,85.67478158015875 1904.672571477371,-30.532171483666403,70.9637020600179
1904.672571477371,-30.532171483666403,70.9637020600179 1932.1750203572483,-67.7282703437084,32.75289815322058
1880.9609987265885,-1.577245124806639,150.2525803538304 1876.3732536265059,18.2389737617641,93.80552494846685
1880.9609987265885,-1.577245124806639,150.2525803538304 1839.9220567898928,33.67533079852751,176.19600216912082
1839.9220567898928,33.67533079852751,176.19600216912082 1812.6609044892496,1.8724446447391223,219.15419123163022
1812.6609044892496,1.8724446447391223,219.15419123163022 1828.8405817248656,-54.92365389701641,208.55130318230687
1828.8405817248656,-54.92365389701641,208.55130318230687 1845.0207627820664,-111.71960762122069,197.94840822318153
1845.0207627820664,-111.71960762122069,197.94840822318153 1861.201100302113,-168.51551637107718,187.34551111836402
1861.201100302113,-168.51551637107718,187.34551111836402 1895.0360106108521,-141.1386024162882,228.64567366903276
1895.0360106108521,-141.1386024162882,228.64567366903276 1836.2250970442758,-129.51362134101745,231.12282131587844
1880.9609987265885,-1.577245124806639,150.2525803538304 1867.961458768973,-9.69429953234049,92.24287953891934
1880.9609987265885,-1.577245124806639,150.2525803538304 1883.77506554093,-36.594732052442886,101.61250801386316
1939.5642185224278,-1.7025337000465013,137.38219060318755 1899.3455639263534,23.687249900718772,173.95839476911988
2056.7706581141065,-1.953110850526226,111.64141110190184 2012.8521137856437,18.633864451384028,76.32373971791341
2012.8521137856437,18.633864451384028,76.32373971791341 1990.7221582924221,64.31903581228457,108.3101460117312
1990.7221582924221,64.31903581228457,108.3101460117312 2024.5856240385397,23.583002825474097,80.13495649756804
2115.373877909946,-2.0783994257660883,98.77102135125898 2174.1436947336515,8.13103476269482,92.2998480372792
2135.121733376177,-1.4497079210634125,-0.1466756626261727 2099.7285128074573,-37.369973023407304,32.365698793129866
2099.7285128074573,-37.369973023407304,32.365698793129866 2096.1861635182427,-80.19065717890624,74.24458094115528
2084.436265411538,-1.034638679204522,-32.25292201329769 2131.0224695425145,-31.806752034081782,-10.280151948019768
2131.0224695425145,-31.806752034081782,-10.280151948019768 2177.1608904760706,-42.18046931488547,26.647237663702843
2084.436265411538,-1.034638679204522,-32.25292201329769 2066.375420583708,-46.781615200897306,-66.61889389288724
2066.375420583708,-46.781615200897306,-66.61889389288724 2036.659090586994,-66.48128897593998,-18.360603572121818
2036.659090586994,-66.48128897593998,-18.360603572121818 2084.681513572869,-88.87925203819981,9.785055795307315
2036.659090586994,-66.48128897593998,-18.360603572121818 1990.5397366753223,-69.47777357613363,19.90199271734579
2066.375420583708,-46.781615200897306,-66.61889389288724 2095.6645648286226,-18.994111041319183,-111.00358316725311
2066.375420583708,-46.781615200897306,-66.61889389288724 2063.4917901124213,13.085392504738543,-63.85736104347086
2140.7801514883586,-1.0965745066260568,-52.8772442013252 2121.6411606305314,50.69051789834428,-76.36758453906992
2085.512013200096,-0.726670188766851,-76.22881932903655 2062.2780670833913,-38.37712827409491,-116.75815134686044
2196.452655824493,-0.8122238059022473,-121.9690258727813 2219.765463534272,-26.162300994525935,-72.83770609386949
2219.765463534272,-26.162300994525935,-72.83770609386949 2185.963328491497,14.9717657110386,-100.50364585401815
2196.452655824493,-0.8122238059022473,-121.9690258727813 2190.316037425555,54.17492086763792,-98.75791139551038
2190.316037425555,54.17492086763792,-98.75791139551038 2232.795629185128,57.1326887543209,-141.0277102247989
2136.95442575313,-0.5374374083292541,-129.7075729464184 2140.714371347196,51.376536321601726,-159.55388160758625
2136.95442575313,-0.5374374083292541,-129.7075729464184 2163.7616163362763,35.36660696274793,-169.61088271940085
2163.7616163362763,35.36660696274793,-169.61088271940085 2188.0235583224953,76.94303894469215,-133.79526497088065
2191.776548993117,-0.5670863699208992,-154.09063929170765 2203.1575905927375,41.093323659729606,-112.43872303003843
2186.030857592939,-0.350788828363119,-181.5893267124943 2134.5958203532527,-6.071808912924992,-151.229701000965
2186.030857592939,-0.350788828363119,-181.5893267124943 2235.5216865477764,-9.619195572177954,-214.21990264664262
2186.030857592939,-0.350788828363119,-181.5893267124943 2224.918273214359,-41.88318548858999,-200.63739574703175
2126.131369969162,-0.15399871649329566,-178.1233988337233 2141.521420377709,-31.642295759645826,-129.42397894247026
2141.521420377709,-31.642295759645826,-129.42397894247026 2113.5429869960867,13.950641702437707,-102.24878217982197
2179.8201441071988,-0.16241038726046209,-204.90987790057096 2155.340964811053,37.806208174530994,-244.39599932945183
2155.340964811053,37.806208174530994,-244.39599932945183 2111.0927024282255,52.03977823802019,-206.45529876464659
2111.0927024282255,52.03977823802019,-206.45529876464659 2127.06889094542,99.36954994507153,-239.69163596689336
2179.8201441071988,-0.16241038726046209,-204.90987790057096 2137.760950416341,-25.724272839209732,-170.59347636919642
2137.760950416341,-25.724272839209732,-170.59347636919642 2146.232605756656,13.820007315962329,-126.27101070217626
2226.788972042902,0.0,-252.27660728285662 2279.6837972608428,13.35027183287703,-227.2984626930001
2279.6837972608428,13.35027183287703,-227.2984626930001 2305.1261025538497,52.81561152594638,-264.65051838325735
2305.1261025538497,52.81561152594638,-264.65051838325735 2334.743185537249,8.906035183009372,-236.4587199138757
2305.1261025538497,52.81561152594638,-264.65051838325735 2274.902099111715,20.63248099452654,-224.02102509171579
2226.788972042902,0.0,-252.27660728285662 2279.1757002673457,-3.225017088947354,-223.20376822791945
2280.0,0.0,-280.0 2238.219195831923,-31.246089256510192,-250.36815379961973
2238.219195831923,-31.246089256510192,-250.36815379961973 2197.4530362165615,-62.633554841855975,-219.4983103542183
