1481.2793158290212,-207.2641032038632,270.2714059047689 1522.062194821391,-203.748862775209,284.6140669300369
1424.8637807727778,-212.12678515603645,250.43099944346415 1481.2793158290212,-207.2641032038632,270.2714059047689
1407.3281305749972,-199.64137398006687,194.42550435674917 1424.8637807727778,-212.12678515603645,250.43099944346415
1380.8659847858676,-242.03312914915642,161.21866870625664 1407.3281305749972,-199.64137398006687,194.42550435674917
1378.3436612441776,-182.29795601854224,166.25324664354065 1380.8659847858676,-242.03312914915642,161.21866870625664
1342.8442310820492,-179.4972531727032,117.96301448699091 1378.3436612441776,-182.29795601854224,166.25324664354065
1286.2723880653734,-164.5814016747031,131.27255812252542 1342.8442310820492,-179.4972531727032,117.96301448699091
1229.9513339040275,-152.15165645999002,147.80858824018193 1286.2723880653734,-164.5814016747031,131.27255812252542
1232.342680970125,-96.85048826700563,170.96160652507774 1229.9513339040275,-152.15165645999002,147.80858824018193
1196.8523804375473,-95.43791905972388,219.31905906697614 1232.342680970125,-96.85048826700563,170.96160652507774
1202.2700497131282,-37.28016231973952,233.04218519017522 1196.8523804375473,-95.43791905972388,219.31905906697614
1200.0,0.0,280.0 1202.2700497131282,-37.28016231973952,233.04218519017522
1569.2145585057744,-205.43692121513445,321.678943264365 1522.062194821391,-203.748862775209,284.6140669300369
1580.9576016729068,-214.35395597542143,263.5189275468748 1569.2145585057744,-205.43692121513445,321.678943264365
1636.533811688946,-219.06323454248528,285.63470416970483 1580.9576016729068,-214.35395597542143,263.5189275468748
1678.6260833768802,-248.2238324679289,254.36330840968583 1636.533811688946,-219.06323454248528,285.63470416970483
1737.2338925752879,-245.86977055580465,266.995928623914 1678.6260833768802,-248.2238324679289,254.36330840968583
1795.8417017736956,-243.51570864368037,279.62854883814214 1737.2338925752879,-245.86977055580465,266.995928623914
1854.4495109721033,-241.1616467315561,292.2611690523703 1795.8417017736956,-243.51570864368037,279.62854883814214
1913.057320170511,-238.8075848194318,304.89378926659845 1854.4495109721033,-241.1616467315561,292.2611690523703
1874.4887465395484,-277.3705011254042,279.8864580604984 1913.057320170511,-238.8075848194318,304.89378926659845
1866.5683962135042,-330.98456727938463,254.14155640697993 1874.4887465395484,-277.3705011254042,279.8864580604984
1818.6472196691532,-359.3981390855293,231.86534093347095 1866.5683962135042,-330.98456727938463,254.14155640697993
1828.8017687949925,-308.92005014865475,201.06196986256538 1818.6472196691532,-359.3981390855293,231.86534093347095
1843.001877596931,-297.8536906380936,143.82655602466147 1828.8017687949925,-308.92005014865475,201.06196986256538
1902.4458674436414,-304.4208171399948,148.65200114529145 1843.001877596931,-297.8536906380936,143.82655602466147
1961.889857290352,-310.987943641896,153.4774462659214 1902.4458674436414,-304.4208171399948,148.65200114529145
2021.3338471370625,-317.5550701437972,158.30289138655138 1961.889857290352,-310.987943641896,153.4774462659214
2080.777836983773,-324.12219664569835,163.12833650718133 2021.3338471370625,-317.5550701437972,158.30289138655138
2055.336592367399,-316.2924208599951,109.35624631612176 2080.777836983773,-324.12219664569835,163.12833650718133
2112.652628464816,-320.49948396794895,92.11755071334304 2055.336592367399,-316.2924208599951,109.35624631612176
2066.716876819197,-312.12901624461887,54.436759972639784 2112.652628464816,-320.49948396794895,92.11755071334304
2059.50401272304,-298.22638252094634,-3.4829376014651032 2066.716876819197,-312.12901624461887,54.436759972639784
2051.2271025059763,-344.9722202621216,-40.1751630877229 2059.50401272304,-298.22638252094634,-3.4829376014651032
2066.1415554093123,-336.6942144627213,-97.69936420846226 2051.2271025059763,-344.9722202621216,-40.1751630877229
2086.695819331724,-308.726107402249,-146.64124016414877 2066.1415554093123,-336.6942144627213,-97.69936420846226
2141.4749865491635,-322.3110870187172,-167.00520755225745 2086.695819331724,-308.726107402249,-146.64124016414877
2196.254153766603,-335.89606663518543,-187.36917494036615 2141.4749865491635,-322.3110870187172,-167.00520755225745
2251.0333209840423,-349.48104625165365,-207.73314232847483 2196.254153766603,-335.89606663518543,-187.36917494036615
2305.8124882014818,-363.0660258681219,-228.0971097165835 2251.0333209840423,-349.48104625165365,-207.73314232847483
2360.591655418921,-376.65100548459014,-248.46107710469218 2305.8124882014818,-363.0660258681219,-228.0971097165835
2405.0921549612412,-344.99124546687887,-273.3079106273946 2360.591655418921,-376.65100548459014,-248.46107710469218
2451.1924257790943,-313.671454181827,-295.5303250862555 2405.0921549612412,-344.99124546687887,-273.3079106273946
2438.839367504947,-257.41957783932287,-278.70390659558615 2451.1924257790943,-313.671454181827,-295.5303250862555
2452.316763131644,-206.17034644522573,-306.84419956911034 2438.839367504947,-257.41957783932287,-278.70390659558615
2463.7591655503834,-158.8915562164297,-271.7188893015963 2452.316763131644,-206.17034644522573,-306.84419956911034
2478.2127213245244,-175.9710436820592,-216.04676132542497 2463.7591655503834,-158.8915562164297,-271.7188893015963
2480.509625393814,-129.91452922788233,-177.66028313285463 2478.2127213245244,-175.9710436820592,-216.04676132542497
2479.373999896822,-81.24313192906129,-212.72886507896268 2480.509625393814,-129.91452922788233,-177.66028313285463
2477.4506498385826,-21.82159841277416,-220.81478364930678 2479.373999896822,-81.24313192906129,-212.72886507896268
2459.953217475195,-48.76298029842373,-271.4902392740988 2477.4506498385826,-21.82159841277416,-220.81478364930678
2476.6152464150196,-40.661877460686675,-214.42230673382835 2459.953217475195,-48.76298029842373,-271.4902392740988
2487.1031405542703,-14.014399014994543,-161.69739830327495 2476.6152464150196,-40.661877460686675,-214.42230673382835
2487.8567772955967,15.331122662735416,-109.36889374673325 2487.1031405542703,-14.014399014994543,-161.69739830327495
2489.6916487595345,29.79783242373146,-51.16796973858774 2487.8567772955967,15.331122662735416,-109.36889374673325
2480.0,0.0,0.0 2489.6916487595345,29.79783242373146,-51.16796973858774
