起始树
1600.0,0.0,500.0 1630.4855380424847,0.0,460.36880054477
1630.4855380424847,0.0,460.36880054477 1660.9710760849694,0.0,420.73760108954
1660.9710760849694,0.0,420.73760108954 1691.456614127454,0.0,381.10640163431003
1691.456614127454,0.0,381.10640163431003 1721.9421521699387,0.0,341.47520217908004
1721.9421521699387,0.0,341.47520217908004 1752.4276902124234,0.0,301.84400272385005
1752.4276902124234,0.0,301.84400272385005 1716.325948597678,-34.09017135278374,295.96825004695745
1716.325948597678,-34.09017135278374,295.96825004695745 1737.7351341436993,-11.887328824935867,335.3215289184775
1737.7351341436993,-11.887328824935867,335.3215289184775 1721.2639823105192,-19.10045053462322,288.66671102697177
1721.2639823105192,-19.10045053462322,288.66671102697177 1695.2369100855817,22.38602929033332,278.5938016591989
1695.2369100855817,22.38602929033332,278.5938016591989 1726.9678343093863,57.43575867624607,294.8623270342122
1726.9678343093863,57.43575867624607,294.8623270342122 1721.015963842918,56.38100151310829,245.22904459916478
1726.9678343093863,57.43575867624607,294.8623270342122 1710.8998472223755,51.571237562657885,247.87906210849712
1737.7351341436993,-11.887328824935867,335.3215289184775 1768.5944482556497,-50.33755916018478,343.64514109747074
1768.5944482556497,-50.33755916018478,343.64514109747074 1740.146906436477,-13.447563767265265,361.8073437270195
1752.4276902124234,0.0,301.84400272385005 1704.2681279446786,-12.62986521996026,297.2458436677868
1752.4276902124234,0.0,301.84400272385005 1774.7870676517473,44.041680097104994,294.0729889707984
1774.7870676517473,44.041680097104994,294.0729889707984 1819.8254490930724,65.36896777397061,289.9875272473306
1819.8254490930724,65.36896777397061,289.9875272473306 1776.0709344279771,89.54220227620877,288.89336998177953
1776.0709344279771,89.54220227620877,288.89336998177953 1791.8057623140137,114.16222634241413,329.4676180509216
1774.7870676517473,44.041680097104994,294.0729889707984 1787.5689219208905,90.10429561960629,308.73108068386296
1774.7870676517473,44.041680097104994,294.0729889707984 1805.8545377687815,80.32962246510557,279.3082492431954
1774.7870676517473,44.041680097104994,294.0729889707984 1795.2544260762527,86.65977491868911,310.3452117108329
1721.9421521699387,0.0,341.47520217908004 1758.3388841035767,-21.088970827462518,368.5035801176345
1758.3388841035767,-21.088970827462518,368.5035801176345 1768.0139036451696,17.197292280208963,337.8350937819845
1768.0139036451696,17.197292280208963,337.8350937819845 1763.767343155873,-19.663008355613037,304.31965016195215
1763.767343155873,-19.663008355613037,304.31965016195215 1724.6367106042158,-47.98192750253064,317.23601243844183
1758.3388841035767,-21.088970827462518,368.5035801176345 1733.4534180330104,-8.302911363831166,409.9430572118641
1758.3388841035767,-21.088970827462518,368.5035801176345 1734.5759791493142,-49.70778364302849,401.9144750646767
1691.456614127454,0.0,381.10640163431003 1657.5514482090925,25.36173364387481,407.70005107596296
1657.5514482090925,25.36173364387481,407.70005107596296 1640.3527901758978,72.19318202216404,404.380170859922
1640.3527901758978,72.19318202216404,404.380170859922 1603.1603450087382,85.96353230015289,373.93186260298717
1603.1603450087382,85.96353230015289,373.93186260298717 1585.874667559405,49.34615489425746,344.5997466371754
1640.3527901758978,72.19318202216404,404.380170859922 1659.8140735150653,107.93000071651906,375.3261136492769
1657.5514482090925,25.36173364387481,407.70005107596296 1640.6321515788197,68.62443011651926,389.2047409825183
1657.5514482090925,25.36173364387481,407.70005107596296 1683.4621562334787,9.06761502335522,447.23657732771454
1683.4621562334787,9.06761502335522,447.23657732771454 1662.5733954136626,-21.63070997258258,480.7219848040511
1683.4621562334787,9.06761502335522,447.23657732771454 1698.7476109441,56.612698382600186,449.6490289131336
1657.5514482090925,25.36173364387481,407.70005107596296 1693.5587754452963,21.155932197179865,373.26484206692817
1693.5587754452963,21.155932197179865,373.26484206692817 1676.059440512698,2.3495820933900546,330.3685196990324
1676.059440512698,2.3495820933900546,330.3685196990324 1702.6054091671315,36.50523327937409,305.29456827012467
1676.059440512698,2.3495820933900546,330.3685196990324 1645.9202044453095,32.08279249767082,303.7684699184587
1676.059440512698,2.3495820933900546,330.3685196990324 1703.512845463948,42.24637806601422,342.80058419779857
1657.5514482090925,25.36173364387481,407.70005107596296 1694.4929612057715,20.637669324415448,441.061823118554
1691.456614127454,0.0,381.10640163431003 1658.0930944717973,35.67991653475621,370.43779758975813
1658.0930944717973,35.67991653475621,370.43779758975813 1628.0341983881278,66.72044819399792,395.59625860276094
1691.456614127454,0.0,381.10640163431003 1657.419119071657,-34.59654738937162,393.12837481102105
1657.419119071657,-34.59654738937162,393.12837481102105 1612.2574030544195,-22.269640115005405,410.69159670871295
1657.419119071657,-34.59654738937162,393.12837481102105 1693.678550625397,-13.876682687290426,420.62275296596545
1657.419119071657,-34.59654738937162,393.12837481102105 1617.7456259124497,-29.39255172020849,423.1105756912377
1617.7456259124497,-29.39255172020849,423.1105756912377 1642.9047560428062,12.688616468819642,432.9184018994509
1617.7456259124497,-29.39255172020849,423.1105756912377 1653.7035983185197,-1.6754575914321777,444.05781688192576
1657.419119071657,-34.59654738937162,393.12837481102105 1699.0279727133473,-42.81187599038924,419.6087765187313
1691.456614127454,0.0,381.10640163431003 1654.1860897622953,-15.32563365799518,351.50854754778817
1654.1860897622953,-15.32563365799518,351.50854754778817 1642.6617091863973,-7.486572976279443,399.5266460104537
1642.6617091863973,-7.486572976279443,399.5266460104537 1622.2774599623071,28.969932499206063,427.011288851249
1622.2774599623071,28.969932499206063,427.011288851249 1655.862042066819,-8.029365881861548,428.7798374578866
1655.862042066819,-8.029365881861548,428.7798374578866 1677.2067507766976,26.876136748189243,400.03946000326795
1655.862042066819,-8.029365881861548,428.7798374578866 1677.3830903727826,-50.13597744631133,412.5355233026836
1642.6617091863973,-7.486572976279443,399.5266460104537 1628.7722405239788,31.17642068310788,371.0265480883435
1628.7722405239788,31.17642068310788,371.0265480883435 1661.08364322668,-4.854689713401829,358.46739449511057
1628.7722405239788,31.17642068310788,371.0265480883435 1587.7612203526826,51.09932235339597,350.5040186744146
1628.7722405239788,31.17642068310788,371.0265480883435 1637.105484388862,72.97428048725888,397.1703037956042
1642.6617091863973,-7.486572976279443,399.5266460104537 1600.6009445934023,-34.51811805196311,399.09345705175633
1600.6009445934023,-34.51811805196311,399.09345705175633 1585.2216444455423,-72.4686069506125,427.7855730301139
1642.6617091863973,-7.486572976279443,399.5266460104537 1637.9417229767637,-56.920971406025906,393.69895503804025
1637.9417229767637,-56.920971406025906,393.69895503804025 1624.013249262169,-23.503786219465063,359.21288025141155
1637.9417229767637,-56.920971406025906,393.69895503804025 1623.9726328191596,-9.644475165722753,385.34446981097045
1637.9417229767637,-56.920971406025906,393.69895503804025 1600.8588658808085,-27.399031331260204,409.6148830292982
1600.8588658808085,-27.399031331260204,409.6148830292982 1567.5424502627964,-27.08480932668147,372.33328281015906
1642.6617091863973,-7.486572976279443,399.5266460104537 1628.363743374851,-22.45567030968438,445.0403175682934
1628.363743374851,-22.45567030968438,445.0403175682934 1611.2523351281436,-60.62296079169594,417.6458355495316
1642.6617091863973,-7.486572976279443,399.5266460104537 1611.3528265806087,6.847919379689576,363.2736985596102
1611.3528265806087,6.847919379689576,363.2736985596102 1617.0103150007606,14.176012806817376,412.4091427063678
1691.456614127454,0.0,381.10640163431003 1729.8761351330677,-31.02139623427104,373.256982459902
1660.9710760849694,0.0,420.73760108954 1632.294448518337,-33.037877078081046,396.52707219035494
1632.294448518337,-33.037877078081046,396.52707219035494 1658.4406899747648,-58.74532437227392,362.534408109432
1658.4406899747648,-58.74532437227392,362.534408109432 1629.9345699246012,-20.070547707690345,348.6901757497004
1632.294448518337,-33.037877078081046,396.52707219035494 1633.7329004204948,4.602272352285844,363.6462265962278
1633.7329004204948,4.602272352285844,363.6462265962278 1623.8651488301655,21.585575711487607,317.6658515916579
1623.8651488301655,21.585575711487607,317.6658515916579 1659.6583100512016,19.84316679186999,282.7973325384812
1659.6583100512016,19.84316679186999,282.7973325384812 1637.370717715483,-24.587188016934263,277.39300099419404
1637.370717715483,-24.587188016934263,277.39300099419404 1681.8911999506659,-27.682121054020936,254.84642584312718
1637.370717715483,-24.587188016934263,277.39300099419404 1642.3963261606077,-56.30659846590039,315.7156086889518
1637.370717715483,-24.587188016934263,277.39300099419404 1610.3620738313623,8.597415801090463,251.5218737481406
1610.3620738313623,8.597415801090463,251.5218737481406 1586.291340521809,33.375343403739464,215.37420298419997
1659.6583100512016,19.84316679186999,282.7973325384812 1627.9454014226483,35.19586309527701,318.27389018620653
1627.9454014226483,35.19586309527701,318.27389018620653 1610.0514953539928,-4.168167997055633,343.37929163227
1610.0514953539928,-4.168167997055633,343.37929163227 1589.4648714336622,2.716223978245753,388.4214503582157
1589.4648714336622,2.716223978245753,388.4214503582157 1555.0429587020321,-27.37473728072723,368.18124348162894
1627.9454014226483,35.19586309527701,318.27389018620653 1662.1627756060525,71.59053120513143,320.418520029899
1659.6583100512016,19.84316679186999,282.7973325384812 1656.9363088376863,-20.587352512838535,312.08835194964564
1633.7329004204948,4.602272352285844,363.6462265962278 1648.9075038142882,-29.644804881377148,330.5272122269474
1648.9075038142882,-29.644804881377148,330.5272122269474 1662.0362826385558,-44.560515993416864,284.6452252537829
1633.7329004204948,4.602272352285844,363.6462265962278 1604.9309646134272,33.2731893370015,392.77399707426304
1604.9309646134272,33.2731893370015,392.77399707426304 1623.2878304274784,73.96877051788863,370.2596649759142
1632.294448518337,-33.037877078081046,396.52707219035494 1680.470175455866,-27.42068086046519,408.67394177446835
1680.470175455866,-27.42068086046519,408.67394177446835 1649.7204098250136,7.464227519057779,390.3029025823069
1632.294448518337,-33.037877078081046,396.52707219035494 1613.2967488334734,-75.47472760511906,378.1368268404536
1613.2967488334734,-75.47472760511906,378.1368268404536 1567.9509877430858,-81.46515795723984,357.9408694397786
1567.9509877430858,-81.46515795723984,357.9408694397786 1595.8884827030156,-41.990360402178766,345.24296672512395
1660.9710760849694,0.0,420.73760108954 1677.5333922544792,-47.102694727280024,423.3882297941799
1677.5333922544792,-47.102694727280024,423.3882297941799 1670.6646050326415,-30.287989620792324,376.8040537868384
1670.6646050326415,-30.287989620792324,376.8040537868384 1697.9842118523661,11.572904106690856,375.6618368407128
1697.9842118523661,11.572904106690856,375.6618368407128 1708.1227670530832,42.90168365374907,338.0358183091987
1708.1227670530832,42.90168365374907,338.0358183091987 1674.5370921371934,20.842890416407354,308.2799435723274
1674.5370921371934,20.842890416407354,308.2799435723274 1670.3441586649487,70.63712161478806,309.99861988261364
1708.1227670530832,42.90168365374907,338.0358183091987 1668.1772178875308,72.90290224512496,335.9670058733044
1668.1772178875308,72.90290224512496,335.9670058733044 1657.088191374939,25.00098980937245,345.0466686424019
1708.1227670530832,42.90168365374907,338.0358183091987 1733.3984144587312,81.61178245445961,357.07971231921124
1733.3984144587312,81.61178245445961,357.07971231921124 1685.0980783130456,81.72617269366786,344.1543711984925
1697.9842118523661,11.572904106690856,375.6618368407128 1732.8125906272135,-22.094671446400206,363.2731973555768
1732.8125906272135,-22.094671446400206,363.2731973555768 1749.2458249426845,-67.23710031385139,377.1335698570624
1749.2458249426845,-67.23710031385139,377.1335698570624 1786.4381207038223,-50.19061460110722,348.3907366483952
1749.2458249426845,-67.23710031385139,377.1335698570624 1725.2687626680713,-34.03964417722752,348.4450810377422
1697.9842118523661,11.572904106690856,375.6618368407128 1698.499276000079,-35.25181102053514,393.18840987076845
1670.6646050326415,-30.287989620792324,376.8040537868384 1639.7378951301355,-60.48742782370982,351.6737424709315
1639.7378951301355,-60.48742782370982,351.6737424709315 1599.7447053165247,-38.96030928176651,330.7661377345294
1599.7447053165247,-38.96030928176651,330.7661377345294 1572.6583501491216,-51.90299368320834,290.78093691935317
1599.7447053165247,-38.96030928176651,330.7661377345294 1626.6465260002612,-36.38545697499886,288.69878484064725
1626.6465260002612,-36.38545697499886,288.69878484064725 1665.3082093208961,-16.251821389043613,313.1918646981683
1639.7378951301355,-60.48742782370982,351.6737424709315 1607.4311841121935,-48.648279508236904,315.39549843449254
1607.4311841121935,-48.648279508236904,315.39549843449254 1576.7452932188883,-22.568307977601087,345.03012657532446
1639.7378951301355,-60.48742782370982,351.6737424709315 1602.2613885549847,-56.17208690826705,384.48973381213864
1670.6646050326415,-30.287989620792324,376.8040537868384 1640.8243978510868,-70.36168650094606,374.890718029723
1640.8243978510868,-70.36168650094606,374.890718029723 1670.941607336647,-101.514382182341,399.83993133566275
1670.941607336647,-101.514382182341,399.83993133566275 1656.758661249659,-136.22320643935953,432.9177420097233
1656.758661249659,-136.22320643935953,432.9177420097233 1693.1996507987108,-128.22252786633422,466.2050282171786
1693.1996507987108,-128.22252786633422,466.2050282171786 1670.0643762589918,-144.2705410636319,507.5235512352052
1640.8243978510868,-70.36168650094606,374.890718029723 1675.02502805543,-49.45926090237356,404.7806075865932
1677.5333922544792,-47.102694727280024,423.3882297941799 1651.0737021230432,-45.810071817603124,380.98287725276396
1651.0737021230432,-45.810071817603124,380.98287725276396 1685.883647135463,-15.534431060021333,361.70456547630994
1660.9710760849694,0.0,420.73760108954 1652.6654748657977,-22.874808665006352,377.05968771301247
1652.6654748657977,-22.874808665006352,377.05968771301247 1670.7914634186923,9.424500851816145,410.6484230824311
1670.7914634186923,9.424500851816145,410.6484230824311 1628.2554759267273,10.82168555379331,384.40461156443774
1660.9710760849694,0.0,420.73760108954 1653.2647933950104,-45.173396498944214,440.7370374778889
1653.2647933950104,-45.173396498944214,440.7370374778889 1686.9641816929402,-56.015909387468106,405.42710767609606
1686.9641816929402,-56.015909387468106,405.42710767609606 1702.7839688779272,-90.70190174648606,373.0756584428412
1702.7839688779272,-90.70190174648606,373.0756584428412 1657.790367950308,-99.71756576286795,353.218828939875
1657.790367950308,-99.71756576286795,353.218828939875 1644.119357629263,-70.05139299593434,391.07410162630964
1644.119357629263,-70.05139299593434,391.07410162630964 1609.91333814945,-38.45956223321044,409.29234688775216
1657.790367950308,-99.71756576286795,353.218828939875 1653.0500388926291,-147.3773786002064,367.57402036091815
1702.7839688779272,-90.70190174648606,373.0756584428412 1725.5950696052598,-70.91350083306061,333.22502641652284
1686.9641816929402,-56.015909387468106,405.42710767609606 1676.798473478538,-93.54572858748236,373.99191963285574
1653.2647933950104,-45.173396498944214,440.7370374778889 1638.493793677618,-2.6656154501874525,462.5293782805596
1638.493793677618,-2.6656154501874525,462.5293782805596 1625.6973576288208,-31.268966289250393,423.56658134262767
1660.9710760849694,0.0,420.73760108954 1621.1363499037152,6.98894264900353,450.1374186181141
1621.1363499037152,6.98894264900353,450.1374186181141 1590.5415360139837,24.84085491577881,414.84908355577306
1590.5415360139837,24.84085491577881,414.84908355577306 1571.7583110635574,57.209309160812964,448.00739518723
1660.9710760849694,0.0,420.73760108954 1706.4722608477355,16.645287073638872,433.0897913172188
1706.4722608477355,16.645287073638872,433.0897913172188 1752.2763459801877,-1.5053459563295135,441.60685100883114
1706.4722608477355,16.645287073638872,433.0897913172188 1720.3955622403116,-27.17303484466262,452.7391257231365
1660.9710760849694,0.0,420.73760108954 1700.2393758971605,15.745827643407853,394.0904710060963
1700.2393758971605,15.745827643407853,394.0904710060963 1714.5470305396252,22.003012909373254,441.5892988987859
1714.5470305396252,22.003012909373254,441.5892988987859 1680.4890005042348,43.83215886954986,412.2032651964
1680.4890005042348,43.83215886954986,412.2032651964 1658.7550715129223,34.103228333882605,456.16898185418637
1680.4890005042348,43.83215886954986,412.2032651964 1706.0104399482036,77.63432287680281,385.63129054010847
1714.5470305396252,22.003012909373254,441.5892988987859 1732.4991799633688,-15.003347731124691,413.1595679255074
1714.5470305396252,22.003012909373254,441.5892988987859 1684.3274315681513,16.061773987136206,402.20049950007126
1630.4855380424847,0.0,460.36880054477 1606.5240942975631,40.17426948715191,442.7087528428906
1606.5240942975631,40.17426948715191,442.7087528428906 1584.9700627035354,82.12188295687957,426.10087982320573
1584.9700627035354,82.12188295687957,426.10087982320573 1587.9385358287439,36.18446840856587,445.61861821476356
1587.9385358287439,36.18446840856587,445.61861821476356 1561.8334828772302,9.41087617709341,478.81049929163987
1561.8334828772302,9.41087617709341,478.81049929163987 1588.7966929463594,39.79185712157031,449.6560605280597
1588.7966929463594,39.79185712157031,449.6560605280597 1574.2060684201736,72.00891150604731,414.3123894860822
1574.2060684201736,72.00891150604731,414.3123894860822 1597.1601534891136,90.39461378807613,373.8763173444354
1588.7966929463594,39.79185712157031,449.6560605280597 1598.406785499452,67.32477012471824,490.2711417502126
1598.406785499452,67.32477012471824,490.2711417502126 1565.6444850079545,30.175497897046853,497.0948679653512
1588.7966929463594,39.79185712157031,449.6560605280597 1569.5558383535622,79.91332789669238,472.4608209385499
1587.9385358287439,36.18446840856587,445.61861821476356 1548.0517519501354,17.1811083607797,469.02624045016785
1548.0517519501354,17.1811083607797,469.02624045016785 1510.6051228531169,-13.724379904382673,457.0846842550049
1510.6051228531169,-13.724379904382673,457.0846842550049 1504.6042833372624,8.443393641934403,412.6709505557969
1504.6042833372624,8.443393641934403,412.6709505557969 1541.7245637222622,40.04818150644368,423.771498658407
1504.6042833372624,8.443393641934403,412.6709505557969 1544.7143704319683,28.30786036719787,434.955112531873
1510.6051228531169,-13.724379904382673,457.0846842550049 1474.6215142002582,18.650398857340683,444.5525811415055
1510.6051228531169,-13.724379904382673,457.0846842550049 1525.981838220774,-52.19125777889018,485.0821114776941
1548.0517519501354,17.1811083607797,469.02624045016785 1507.3506294224392,5.929474335270966,442.25275810771797
1548.0517519501354,17.1811083607797,469.02624045016785 1598.010939182685,16.01748299554337,470.6771756616247
1548.0517519501354,17.1811083607797,469.02624045016785 1499.315451523882,17.834251132427983,480.1773132811483
1587.9385358287439,36.18446840856587,445.61861821476356 1558.695899914696,66.57667011325015,418.7637802830198
1584.9700627035354,82.12188295687957,426.10087982320573 1608.2890161062949,44.867272104067766,402.26140872157504
1608.2890161062949,44.867272104067766,402.26140872157504 1570.3811847980205,44.45386812394513,369.6604053220993
1570.3811847980205,44.45386812394513,369.6604053220993 1602.9796533071683,16.87477650703543,343.64630229231545
1602.9796533071683,16.87477650703543,343.64630229231545 1566.9761116533316,-13.2383912458236,360.87831077271665
1566.9761116533316,-13.2383912458236,360.87831077271665 1587.9710373894682,-49.72615224417953,333.8994970356198
1584.9700627035354,82.12188295687957,426.10087982320573 1560.9901670984598,120.97932666011229,405.7277682390668
1560.9901670984598,120.97932666011229,405.7277682390668 1594.9081368949528,133.11968523822455,440.4002792309036
1594.9081368949528,133.11968523822455,440.4002792309036 1565.4932193999293,159.38965895484623,471.1354563035833
1565.4932193999293,159.38965895484623,471.1354563035833 1541.3882439182787,122.96446145244431,446.80121820291464
1541.3882439182787,122.96446145244431,446.80121820291464 1504.1724036633852,89.57312773908916,446.79303495199173
1560.9901670984598,120.97932666011229,405.7277682390668 1594.8092512353762,152.11112885965932,386.05340827620023
1594.8092512353762,152.11112885965932,386.05340827620023 1548.9466031512547,165.83124591455632,400.4886394386016
1548.9466031512547,165.83124591455632,400.4886394386016 1503.0996481131303,183.59141329016828,409.5789182309405
1503.0996481131303,183.59141329016828,409.5789182309405 1488.4511328523197,230.91953117305698,416.322082051966
1560.9901670984598,120.97932666011229,405.7277682390668 1534.788469889781,138.25047653033047,366.8024751053577
1534.788469889781,138.25047653033047,366.8024751053577 1571.1805835464245,166.85793218184924,385.7029392464397
1584.9700627035354,82.12188295687957,426.10087982320573 1613.8370002343538,53.78872773660714,396.70815567494446
1613.8370002343538,53.78872773660714,396.70815567494446 1587.7654660635842,29.903386216700316,432.0601791878893
1587.7654660635842,29.903386216700316,432.0601791878893 1561.2858941535283,52.88893149466878,396.416147713677
1584.9700627035354,82.12188295687957,426.10087982320573 1598.390362189645,44.278134432143545,455.89595088033974
1598.390362189645,44.278134432143545,455.89595088033974 1565.669008931666,40.94634611917841,493.55510949553104
1565.669008931666,40.94634611917841,493.55510949553104 1587.5787305997674,82.96953963463983,509.49296704252936
1587.5787305997674,82.96953963463983,509.49296704252936 1609.7769323856264,104.79957009254143,470.368938521921
1609.7769323856264,104.79957009254143,470.368938521921 1612.9779258330286,113.45998493586293,519.5090530485606
1612.9779258330286,113.45998493586293,519.5090530485606 1637.3186307216727,135.46065586246596,481.7797466104181
1612.9779258330286,113.45998493586293,519.5090530485606 1661.5196676113706,107.59960530482493,509.05174671734494
1587.5787305997674,82.96953963463983,509.49296704252936 1629.2055966040236,76.79366938880247,536.4941272651989
1629.2055966040236,76.79366938880247,536.4941272651989 1667.9862553626047,53.68369832410985,515.0001805908545
1629.2055966040236,76.79366938880247,536.4941272651989 1612.180021639689,42.513207885327326,568.6652285245991
1565.669008931666,40.94634611917841,493.55510949553104 1607.5558970333818,60.99439819526508,475.0196242548134
1607.5558970333818,60.99439819526508,475.0196242548134 1609.332833569708,18.54868389165071,448.6529059568944
1609.332833569708,18.54868389165071,448.6529059568944 1628.3957091246123,-14.649986495908536,480.8158514077767
1628.3957091246123,-14.649986495908536,480.8158514077767 1634.7266577077983,-2.2785742079914684,528.8457092884682
1634.7266577077983,-2.2785742079914684,528.8457092884682 1610.7139417345506,16.201560700462114,489.0729285791251
1609.332833569708,18.54868389165071,448.6529059568944 1561.4535196385018,11.46589497614318,461.1990367809916
1561.4535196385018,11.46589497614318,461.1990367809916 1540.4504218309073,36.18448599183659,423.14826621476647
1540.4504218309073,36.18448599183659,423.14826621476647 1552.904321486798,77.84023168889382,447.8403547004151
1540.4504218309073,36.18448599183659,423.14826621476647 1511.270025707236,21.38977736876017,460.95859653366074
1561.4535196385018,11.46589497614318,461.1990367809916 1577.0837884132209,-31.661505367301007,481.0918002302044
1607.5558970333818,60.99439819526508,475.0196242548134 1607.230472231975,76.06151934104102,427.3449353824449
1607.230472231975,76.06151934104102,427.3449353824449 1578.8976106471916,36.91939224176374,414.4941439452791
1565.669008931666,40.94634611917841,493.55510949553104 1580.4715362264822,16.281858638995566,534.451909407335
1565.669008931666,40.94634611917841,493.55510949553104 1597.0649674691838,14.895696652302838,464.6473691849422
1597.0649674691838,14.895696652302838,464.6473691849422 1563.7107353813367,36.39314542572858,495.0670157651372
1565.669008931666,40.94634611917841,493.55510949553104 1538.7397688935143,78.29834402557671,474.0706468812319
1565.669008931666,40.94634611917841,493.55510949553104 1535.1845618230848,62.33594830431837,526.9195127248048
1598.390362189645,44.278134432143545,455.89595088033974 1581.6564241678354,17.706741078165493,494.8052861806299
1598.390362189645,44.278134432143545,455.89595088033974 1580.5583798155067,64.35452247525538,413.7182429322919
1580.5583798155067,64.35452247525538,413.7182429322919 1554.3285105544073,90.17400383108627,379.87524748180704
1598.390362189645,44.278134432143545,455.89595088033974 1574.5012991832155,4.88706779783157,475.3293380808776
1574.5012991832155,4.88706779783157,475.3293380808776 1554.8497667839022,-21.81275640804419,512.7584265246812
1554.8497667839022,-21.81275640804419,512.7584265246812 1570.0579563817082,9.62996658983868,476.98041456711724
1570.0579563817082,9.62996658983868,476.98041456711724 1534.5817745811903,-5.859017748714791,445.33342594234216
1598.390362189645,44.278134432143545,455.89595088033974 1623.1165729378536,85.41010149564843,441.8682715454704
1623.1165729378536,85.41010149564843,441.8682715454704 1594.7380736942,53.88173971380067,415.39898398363977
1598.390362189645,44.278134432143545,455.89595088033974 1591.2686391826524,16.108349280432016,415.2051132640153
1591.2686391826524,16.108349280432016,415.2051132640153 1556.087104646026,-5.033858923438579,386.6522384540708
1591.2686391826524,16.108349280432016,415.2051132640153 1637.1780973803643,6.798236925968364,397.7224516834724
1598.390362189645,44.278134432143545,455.89595088033974 1620.953236228807,76.39788122808844,486.8675278640404
1584.9700627035354,82.12188295687957,426.10087982320573 1582.4447796368065,41.853605757442416,396.56973022109605
1584.9700627035354,82.12188295687957,426.10087982320573 1613.2089590821138,54.212835222506854,395.7092726613524
1606.5240942975631,40.17426948715191,442.7087528428906 1572.956875580845,34.57308220455604,479.34027654378633
1572.956875580845,34.57308220455604,479.34027654378633 1568.295990058186,70.69393162554181,445.08300894622187
1606.5240942975631,40.17426948715191,442.7087528428906 1576.3482922534379,3.7194640810240926,458.84777802395774
1576.3482922534379,3.7194640810240926,458.84777802395774 1588.3660081656253,-16.20048970608178,414.58978501282445
1606.5240942975631,40.17426948715191,442.7087528428906 1611.51501248831,62.65043588800302,487.0924511963911
1611.51501248831,62.65043588800302,487.0924511963911 1659.4469764696394,65.89478272234334,500.9488952752687
1659.4469764696394,65.89478272234334,500.9488952752687 1645.156419765507,18.210947146694025,496.2550893695651
1645.156419765507,18.210947146694025,496.2550893695651 1641.1576255608327,-12.640219500723415,457.1115693259878
1641.1576255608327,-12.640219500723415,457.1115693259878 1611.3176132710842,26.82239744647268,449.8813874315589
1645.156419765507,18.210947146694025,496.2550893695651 1611.291531298362,-18.294882155654335,491.7280863813131
1659.4469764696394,65.89478272234334,500.9488952752687 1620.5292209352672,50.84089316121178,473.40277552587196
1620.5292209352672,50.84089316121178,473.40277552587196 1640.4078568379234,8.720556984401341,455.21714617184364
1640.4078568379234,8.720556984401341,455.21714617184364 1668.892333415559,39.39261053096549,482.5641702390951
1640.4078568379234,8.720556984401341,455.21714617184364 1675.9376001520518,15.773005787467442,489.68307581130483
1675.9376001520518,15.773005787467442,489.68307581130483 1659.7602027763444,33.19065861606456,533.670769364058
1659.4469764696394,65.89478272234334,500.9488952752687 1642.061696957474,84.82641299779499,543.8364859210194
1642.061696957474,84.82641299779499,543.8364859210194 1607.5371040169791,73.89071221788916,509.3623952042869
1611.51501248831,62.65043588800302,487.0924511963911 1585.0951121274759,62.793331440519644,444.64285230800743
1611.51501248831,62.65043588800302,487.0924511963911 1641.5717143886463,67.14453284771723,526.7963271204242
1611.51501248831,62.65043588800302,487.0924511963911 1623.0012142136407,99.1507970767997,454.9087471986783
1611.51501248831,62.65043588800302,487.0924511963911 1585.4461139842656,20.83106127855323,495.55131861823514
1630.4855380424847,0.0,460.36880054477 1662.8485549847242,-33.65801876691575,442.4866052913266
1600.0,0.0,500.0 1600.198740976961,-17.810585619416763,546.7198409877163
1600.198740976961,-17.810585619416763,546.7198409877163 1635.2873836293334,-35.79282439821395,577.4676253845869
1635.2873836293334,-35.79282439821395,577.4676253845869 1631.494699295098,-51.57535237927992,530.1756878469081
1631.494699295098,-51.57535237927992,530.1756878469081 1640.9526334877537,-80.83192096515519,490.74726313341785
1640.9526334877537,-80.83192096515519,490.74726313341785 1649.6714053129501,-108.62297131346517,531.3876437713727
1649.6714053129501,-108.62297131346517,531.3876437713727 1623.3978236293724,-100.8004675334368,573.2028005943217
1623.3978236293724,-100.8004675334368,573.2028005943217 1631.055102562369,-64.3919396476048,539.7994298582886
1640.9526334877537,-80.83192096515519,490.74726313341785 1658.7339877601864,-127.55773903317906,490.0252062712701
1631.494699295098,-51.57535237927992,530.1756878469081 1674.475306884988,-27.000081437697258,523.1954708480112
1635.2873836293334,-35.79282439821395,577.4676253845869 1663.6308384437766,-23.040084733670824,616.6341442524924
1663.6308384437766,-23.040084733670824,616.6341442524924 1654.4168748871543,4.056975622024083,657.632341720882
1654.4168748871543,4.056975622024083,657.632341720882 1677.2638585894972,-35.872602794269966,638.0455067748806
1663.6308384437766,-23.040084733670824,616.6341442524924 1690.4954424728776,-64.57667395532769,623.9145842248397
1690.4954424728776,-64.57667395532769,623.9145842248397 1697.5574626993834,-87.82914890674215,667.6118413350322
1697.5574626993834,-87.82914890674215,667.6118413350322 1648.9085658976396,-76.50193236001422,669.8432098112866
1648.9085658976396,-76.50193236001422,669.8432098112866 1676.161600339122,-97.27850180308664,706.2520861453423
1648.9085658976396,-76.50193236001422,669.8432098112866 1624.036824869721,-110.20737705635707,642.5423033050564
1690.4954424728776,-64.57667395532769,623.9145842248397 1667.7111710503966,-104.32308484319728,603.8871081662007
1600.198740976961,-17.810585619416763,546.7198409877163 1553.1041933454019,-26.428832314954445,561.1361306377496
1553.1041933454019,-26.428832314954445,561.1361306377496 1585.9854298766732,-30.94097436168412,523.7400765902337
1600.198740976961,-17.810585619416763,546.7198409877163 1626.4465623084805,-0.9699335125337463,585.8023730444238
1626.4465623084805,-0.9699335125337463,585.8023730444238 1604.9002452003024,-41.43855256778588,605.7534905779034
1604.9002452003024,-41.43855256778588,605.7534905779034 1611.7097305250177,-48.44017340885497,654.7902952781528
1626.4465623084805,-0.9699335125337463,585.8023730444238 1644.440912637342,-35.852756200703055,554.8283187804445
1600.0,0.0,500.0 1567.470481631217,34.34929081162551,516.1850750827228
1567.470481631217,34.34929081162551,516.1850750827228 1599.5186554328554,72.72084430941626,516.9188585290813
1599.5186554328554,72.72084430941626,516.9188585290813 1571.0919646498176,112.26853071763006,528.2283125779348
1571.0919646498176,112.26853071763006,528.2283125779348 1561.0121517189355,68.95650007879118,505.3708111130174
1599.5186554328554,72.72084430941626,516.9188585290813 1621.225942327924,102.53151480825372,483.15323073890204
1621.225942327924,102.53151480825372,483.15323073890204 1636.0741950421184,122.80838492618899,526.3779682112778
1636.0741950421184,122.80838492618899,526.3779682112778 1656.7463932451888,86.2042748294836,499.307701395429
1621.225942327924,102.53151480825372,483.15323073890204 1634.8547842879145,148.23991498553517,468.1533367371733
1599.5186554328554,72.72084430941626,516.9188585290813 1631.5306154364632,106.69144376199199,534.841826741966
1567.470481631217,34.34929081162551,516.1850750827228 1598.0559284239382,10.450942918740207,484.6668357207242
1598.0559284239382,10.450942918740207,484.6668357207242 1585.292182611936,58.794351481254694,484.7073499700228
1598.0559284239382,10.450942918740207,484.6668357207242 1559.0978132810183,41.68098359077248,482.0305838104933
1567.470481631217,34.34929081162551,516.1850750827228 1564.5174253013545,77.25302189281139,490.67920678489884
1564.5174253013545,77.25302189281139,490.67920678489884 1543.741650882725,114.07853014094795,463.991210614848
1543.741650882725,114.07853014094795,463.991210614848 1565.4571023014566,139.42905839004158,501.21740955017594
1565.4571023014566,139.42905839004158,501.21740955017594 1537.4698703384302,111.13465243769602,470.9495811039258
1565.4571023014566,139.42905839004158,501.21740955017594 1528.265990976925,136.26448498841685,534.4861142684548
1543.741650882725,114.07853014094795,463.991210614848 1568.1510602403775,157.11889380951214,456.80039493870373
1543.741650882725,114.07853014094795,463.991210614848 1494.3730211647942,119.90056771755754,469.3617113578304
1564.5174253013545,77.25302189281139,490.67920678489884 1515.2585433661657,68.89831135375728,488.73978359648805
1515.2585433661657,68.89831135375728,488.73978359648805 1490.846456804736,34.684928243676865,461.6566810068636
1564.5174253013545,77.25302189281139,490.67920678489884 1600.0624178240923,97.04055822036295,519.7482093932502
1567.470481631217,34.34929081162551,516.1850750827228 1532.871331167009,63.88580469855989,536.9334035590612
1600.0,0.0,500.0 1582.91752183881,38.72690645517718,526.616078905136
目标树
2200.0,0.0,-280.0 2169.5144619575153,0.0,-240.36880054476998
2169.5144619575153,0.0,-240.36880054476998 2139.0289239150306,0.0,-200.73760108953996
2139.0289239150306,0.0,-200.73760108953996 2154.895397685881,-42.95725075015163,-220.8107079259893
2154.895397685881,-42.95725075015163,-220.8107079259893 2106.743597290979,-37.89669149914715,-233.2924890006827
2106.743597290979,-37.89669149914715,-233.2924890006827 2116.331046113343,-70.94218721075266,-197.0147266902423
2116.331046113343,-70.94218721075266,-197.0147266902423 2137.772439185822,-25.86745619379927,-199.93624801666644
2137.772439185822,-25.86745619379927,-199.93624801666644 2156.183478601025,-26.983912219569874,-246.4097582520076
2106.743597290979,-37.89669149914715,-233.2924890006827 2084.374648406991,-67.46443584900095,-266.8391523204116
2154.895397685881,-42.95725075015163,-220.8107079259893 2141.8463817400534,-53.211271539204205,-173.64527311930902
2154.895397685881,-42.95725075015163,-220.8107079259893 2126.3057537836944,-80.05155862711746,-238.32197814476615
2126.3057537836944,-80.05155862711746,-238.32197814476615 2124.1296010915476,-34.919489894673596,-216.91261730913106
2126.3057537836944,-80.05155862711746,-238.32197814476615 2146.372041342688,-64.28831343881116,-281.32039910104214
2146.372041342688,-64.28831343881116,-281.32039910104214 2105.375841362251,-39.26488577055651,-267.42292973084324
2139.0289239150306,0.0,-200.73760108953996 2143.5979853912622,14.105017898185768,-248.48874921519527
2143.5979853912622,14.105017898185768,-248.48874921519527 2141.7387344781982,-12.61227346449391,-206.2663673747075
2143.5979853912622,14.105017898185768,-248.48874921519527 2119.3502942818236,23.115076747646718,-291.27739625375574
2139.0289239150306,0.0,-200.73760108953996 2172.561680919904,7.823519902728604,-164.48368069486082
2169.5144619575153,0.0,-240.36880054476998 2130.4840715387663,15.731341793295343,-267.3716431570312
2130.4840715387663,15.731341793295343,-267.3716431570312 2168.088702747426,2.9402944721514483,-237.00256644915328
2168.088702747426,2.9402944721514483,-237.00256644915328 2195.285059298394,-26.878162551732714,-266.51896546846757
2195.285059298394,-26.878162551732714,-266.51896546846757 2215.2805274605807,-40.69242985721518,-310.21504391708424
2215.2805274605807,-40.69242985721518,-310.21504391708424 2178.770594563196,-70.68705470205472,-326.56580170520556
2178.770594563196,-70.68705470205472,-326.56580170520556 2139.6701999524353,-99.64318592990304,-315.0461834129871
2139.6701999524353,-99.64318592990304,-315.0461834129871 2179.1716054463805,-68.99191925987995,-315.4187629696705
2179.1716054463805,-68.99191925987995,-315.4187629696705 2208.9816656673574,-100.62733620320752,-340.12828956253634
2208.9816656673574,-100.62733620320752,-340.12828956253634 2213.5728086106537,-103.419259303669,-389.8387167571937
2213.5728086106537,-103.419259303669,-389.8387167571937 2175.6796165608107,-72.38275369720743,-379.79673906284506
2208.9816656673574,-100.62733620320752,-340.12828956253634 2202.7396112934293,-131.51309652835212,-301.3068191327516
2179.1716054463805,-68.99191925987995,-315.4187629696705 2189.5195856204614,-24.810392651136063,-336.41666793273015
2189.5195856204614,-24.810392651136063,-336.41666793273015 2223.1437472036614,-8.114414512884146,-369.4418109579143
2223.1437472036614,-8.114414512884146,-369.4418109579143 2260.7780330166725,17.98759317206464,-389.5003683875868
2189.5195856204614,-24.810392651136063,-336.41666793273015 2232.765489111379,0.21842503423089354,-338.2470002869484
2189.5195856204614,-24.810392651136063,-336.41666793273015 2231.3608772967978,-44.52061024286854,-355.41176291386444
2179.1716054463805,-68.99191925987995,-315.4187629696705 2129.3215415106934,-71.66006780695277,-312.6166014934767
2179.1716054463805,-68.99191925987995,-315.4187629696705 2225.8700638108753,-72.85667810246963,-297.9740610384772
2225.8700638108753,-72.85667810246963,-297.9740610384772 2183.6477618799136,-99.06007935873428,-303.51111641601136
2139.6701999524353,-99.64318592990304,-315.0461834129871 2122.2324074954013,-109.06808728220817,-360.9492838390446
2122.2324074954013,-109.06808728220817,-360.9492838390446 2146.3362820443904,-67.55177456869103,-374.9278034459288
2146.3362820443904,-67.55177456869103,-374.9278034459288 2156.41094435539,-111.08676317565165,-397.36005581414054
2156.41094435539,-111.08676317565165,-397.36005581414054 2120.6000174561623,-121.69238525526767,-430.603074553758
2156.41094435539,-111.08676317565165,-397.36005581414054 2204.3541028382256,-123.55603500614014,-404.14023388754435
2122.2324074954013,-109.06808728220817,-360.9492838390446 2126.222070301452,-137.99187774839518,-320.3599141006251
2139.6701999524353,-99.64318592990304,-315.0461834129871 2165.756804093164,-140.39964738878626,-302.4604798666824
2165.756804093164,-140.39964738878626,-302.4604798666824 2156.316431765459,-105.54143342063819,-267.88036579421146
2156.316431765459,-105.54143342063819,-267.88036579421146 2183.62716195013,-75.81639256499147,-297.38538168829695
2183.62716195013,-75.81639256499147,-297.38538168829695 2192.0626213204728,-26.761748259815924,-292.64355742921657
2156.316431765459,-105.54143342063819,-267.88036579421146 2128.5375285246605,-69.9831704169203,-246.3410420607056
2165.756804093164,-140.39964738878626,-302.4604798666824 2180.7881559842,-128.23929640855442,-348.5710461651507
2180.7881559842,-128.23929640855442,-348.5710461651507 2213.4134450127144,-159.08598459694292,-326.5694020535345
2180.7881559842,-128.23929640855442,-348.5710461651507 2152.01522856384,-137.6603245699415,-308.779553656763
2165.756804093164,-140.39964738878626,-302.4604798666824 2186.6857987300577,-109.66734273153925,-335.88954856359703
2178.770594563196,-70.68705470205472,-326.56580170520556 2219.470532142117,-66.20379867431488,-355.2610190150929
2219.470532142117,-66.20379867431488,-355.2610190150929 2185.9641363649243,-34.150192143357145,-373.96630571112235
2185.9641363649243,-34.150192143357145,-373.96630571112235 2162.7991043196016,-60.693051789754236,-338.4859182818561
2162.7991043196016,-60.693051789754236,-338.4859182818561 2135.588846549512,-102.61129222499778,-340.05531016993774
2135.588846549512,-102.61129222499778,-340.05531016993774 2160.056626853096,-77.46524209824283,-304.43222930881245
2135.588846549512,-102.61129222499778,-340.05531016993774 2106.101614874744,-113.51963704524486,-378.933468323857
2162.7991043196016,-60.693051789754236,-338.4859182818561 2168.2616693272153,-46.00518054064127,-291.0051135108007
2168.2616693272153,-46.00518054064127,-291.0051135108007 2198.735667790376,-21.990831658951926,-259.46709731675656
2185.9641363649243,-34.150192143357145,-373.96630571112235 2180.295478338063,14.494128011648385,-384.0458112958137
2180.295478338063,14.494128011648385,-384.0458112958137 2189.2660709037086,43.60192071386032,-344.3940159641237
2185.9641363649243,-34.150192143357145,-373.96630571112235 2142.6440329378897,-47.263949157838226,-395.21243514770833
2185.9641363649243,-34.150192143357145,-373.96630571112235 2228.2304241699676,-60.735549214918564,-376.57009229201344
2228.2304241699676,-60.735549214918564,-376.57009229201344 2200.0850501121968,-89.62950481841371,-406.11628068800496
2228.2304241699676,-60.735549214918564,-376.57009229201344 2254.4744655403683,-101.27713175852818,-363.6228772475186
2219.470532142117,-66.20379867431488,-355.2610190150929 2191.88767477099,-99.62226441244755,-330.3132309978494
2191.88767477099,-99.62226441244755,-330.3132309978494 2165.310256298934,-80.73687111265953,-368.2207862774176
2178.770594563196,-70.68705470205472,-326.56580170520556 2143.2145168516477,-35.66680390624857,-329.6231489162983
2143.2145168516477,-35.66680390624857,-329.6231489162983 2145.18139126953,-42.60777058789149,-379.0999554679403
2145.18139126953,-42.60777058789149,-379.0999554679403 2188.1463991997766,-20.262923443172387,-391.5384400875797
2143.2145168516477,-35.66680390624857,-329.6231489162983 2117.5469438477535,-62.82726242702363,-362.8418964699166
2178.770594563196,-70.68705470205472,-326.56580170520556 2152.2335845566863,-101.21059295968476,-297.17021169327677
2215.2805274605807,-40.69242985721518,-310.21504391708424 2185.4007323269557,-37.17013569407947,-270.2802059106401
2215.2805274605807,-40.69242985721518,-310.21504391708424 2250.843304286718,-5.6622168216769,-313.07390367215334
2250.843304286718,-5.6622168216769,-313.07390367215334 2287.315681390285,-23.749160258762974,-342.10196226240083
2250.843304286718,-5.6622168216769,-313.07390367215334 2266.3780111041515,-13.735260513943869,-266.2390998438128
2215.2805274605807,-40.69242985721518,-310.21504391708424 2180.458774775607,-49.32729436083318,-275.38855033890934
2180.458774775607,-49.32729436083318,-275.38855033890934 2158.3122879066623,-11.000991738689763,-252.13714937725672
2195.285059298394,-26.878162551732714,-266.51896546846757 2233.478658476163,-34.053502383081835,-297.9794721419554
2233.478658476163,-34.053502383081835,-297.9794721419554 2262.864172487588,-72.5338618963728,-285.49934802349196
2262.864172487588,-72.5338618963728,-285.49934802349196 2224.6695401687193,-56.31889497938833,-257.6023067841859
2195.285059298394,-26.878162551732714,-266.51896546846757 2162.6016647989495,-35.85480325193129,-229.76008020608214
2195.285059298394,-26.878162551732714,-266.51896546846757 2147.921567303114,-32.84927709608505,-251.6513692568643
2147.921567303114,-32.84927709608505,-251.6513692568643 2142.5369096296945,-17.331090575620102,-204.42646746918302
2168.088702747426,2.9402944721514483,-237.00256644915328 2149.067509501477,-26.059685598853896,-200.98596800646902
2149.067509501477,-26.059685598853896,-200.98596800646902 2171.04917796635,-53.2775292425122,-165.26489245029637
2171.04917796635,-53.2775292425122,-165.26489245029637 2218.973392256348,-43.255228167551984,-155.12471662099244
2218.973392256348,-43.255228167551984,-155.12471662099244 2219.7033426670996,-42.87753565537991,-105.13147186968537
2218.973392256348,-43.255228167551984,-155.12471662099244 2233.2033227412458,-53.614117040710326,-108.32511726684709
2149.067509501477,-26.059685598853896,-200.98596800646902 2137.9456536081498,-69.40570131427779,-223.28904499342954
2137.9456536081498,-69.40570131427779,-223.28904499342954 2134.6672936192435,-48.51520050220532,-177.98077498006512
2134.6672936192435,-48.51520050220532,-177.98077498006512 2116.3447233258667,-46.77964876143161,-224.47024989643046
2168.088702747426,2.9402944721514483,-237.00256644915328 2157.02914783734,-32.70077071765021,-203.72493556402108
2157.02914783734,-32.70077071765021,-203.72493556402108 2176.9150562032414,-47.036442739644585,-160.1469691573519
2168.088702747426,2.9402944721514483,-237.00256644915328 2173.4198174407115,-42.89402125742195,-217.74653576448682
2130.4840715387663,15.731341793295343,-267.3716431570312 2146.066769904672,13.779530074333842,-219.90196923092427
2146.066769904672,13.779530074333842,-219.90196923092427 2133.4098158503994,23.04883313774544,-172.426906989926
2146.066769904672,13.779530074333842,-219.90196923092427 2103.1202733956466,18.03410933181939,-194.65326643371085
2103.1202733956466,18.03410933181939,-194.65326643371085 2152.5583820364413,22.22424309114864,-188.46325891353078
2103.1202733956466,18.03410933181939,-194.65326643371085 2152.5173083156305,22.250081141185557,-188.16030695312676
2152.5173083156305,22.250081141185557,-188.16030695312676 2187.25520138167,18.495823280064087,-223.9259934870746
2103.1202733956466,18.03410933181939,-194.65326643371085 2152.517577223802,22.315804258265956,-188.20551775175178
2152.517577223802,22.315804258265956,-188.20551775175178 2190.494533462833,53.25433613958476,-178.17765457720756
2190.494533462833,53.25433613958476,-178.17765457720756 2157.919929315031,19.32297133311232,-195.13517936663615
2157.919929315031,19.32297133311232,-195.13517936663615 2168.7567781952653,45.65369138247827,-236.23573761137143
2103.1202733956466,18.03410933181939,-194.65326643371085 2152.521492128345,22.246247413533737,-188.18971628656752
2103.1202733956466,18.03410933181939,-194.65326643371085 2152.5445694545215,22.241467083308645,-188.36541307698656
2152.5445694545215,22.241467083308645,-188.36541307698656 2185.4116225372436,-8.718966906502096,-209.8411749684794
2103.1202733956466,18.03410933181939,-194.65326643371085 2152.5479390548335,22.20665914518909,-188.36870634261706
2103.1202733956466,18.03410933181939,-194.65326643371085 2152.550496595565,22.23000702488757,-188.40446839284553
2152.550496595565,22.23000702488757,-188.40446839284553 2133.3417461352237,0.1558110903642138,-228.9477018553681
2133.3417461352237,0.1558110903642138,-228.9477018553681 2168.186954659943,-34.625786422151435,-237.66847689811618
2103.1202733956466,18.03410933181939,-194.65326643371085 2152.5218049143236,22.272176102006924,-188.20908505353617
2103.1202733956466,18.03410933181939,-194.65326643371085 2152.547385659882,22.25471681613122,-188.39650643495366
2152.547385659882,22.25471681613122,-188.39650643495366 2194.18792374682,-4.916753126289731,-183.1261355752936
2152.547385659882,22.25471681613122,-188.39650643495366 2168.079465161562,-22.75401093349926,-203.659826280686
2103.1202733956466,18.03410933181939,-194.65326643371085 2152.505394402841,22.214901582766277,-188.0479050310926
2152.505394402841,22.214901582766277,-188.0479050310926 2192.7167497100163,26.171622374456874,-217.4994120373005
2103.1202733956466,18.03410933181939,-194.65326643371085 2152.5391163254194,22.225507469371315,-188.31211944480145
2103.1202733956466,18.03410933181939,-194.65326643371085 2152.5291138627217,22.237677937631183,-188.24261165628306
2103.1202733956466,18.03410933181939,-194.65326643371085 2152.5126325434603,22.332342068439015,-188.1786967062895
2152.5126325434603,22.332342068439015,-188.1786967062895 2199.019358152264,40.085180766671684,-183.4924197936438
2103.1202733956466,18.03410933181939,-194.65326643371085 2152.538250811517,22.235587671699797,-188.3120451093905
2103.1202733956466,18.03410933181939,-194.65326643371085 2152.516525679485,22.28279896670067,-188.17569770016195
2152.516525679485,22.28279896670067,-188.17569770016195 2134.055892179319,62.452983782107665,-211.53295059232804
2134.055892179319,62.452983782107665,-211.53295059232804 2166.9519526250506,90.35616642275124,-236.8165738626122
2103.1202733956466,18.03410933181939,-194.65326643371085 2152.530145932638,22.221536970209954,-188.24000317297555
2103.1202733956466,18.03410933181939,-194.65326643371085 2152.5595095916656,22.212481022824324,-188.4643138271659
2103.1202733956466,18.03410933181939,-194.65326643371085 2152.5312372145136,22.253799858677112,-188.2696259090433
2103.1202733956466,18.03410933181939,-194.65326643371085 2152.5402224222275,22.253372251343126,-188.33927731224009
2103.1202733956466,18.03410933181939,-194.65326643371085 2152.5301342301814,22.276769062222986,-188.2763164790762
2152.5301342301814,22.276769062222986,-188.2763164790762 2184.5409078972293,56.449061528349304,-205.81384187026424
2103.1202733956466,18.03410933181939,-194.65326643371085 2152.5523425780966,22.24152682822435,-188.42685700672882
2103.1202733956466,18.03410933181939,-194.65326643371085 2152.51949259908,22.337732372185528,-188.23485768873581
2152.51949259908,22.337732372185528,-188.23485768873581 2136.7464982089696,59.07408488810708,-218.26239591276433
2136.7464982089696,59.07408488810708,-218.26239591276433 2107.546432209023,89.39492375017679,-245.24392434054548
2107.546432209023,89.39492375017679,-245.24392434054548 2108.316986083593,116.34270015217265,-203.13426281596873
2108.316986083593,116.34270015217265,-203.13426281596873 2152.2551639635126,139.9214391973339,-199.4628067515816
2152.2551639635126,139.9214391973339,-199.4628067515816 2126.3833381379955,174.96518386219998,-224.01040517419275
2108.316986083593,116.34270015217265,-203.13426281596873 2152.2655994186193,139.8996443543682,-199.4478328650554
2108.316986083593,116.34270015217265,-203.13426281596873 2152.270964109373,139.89681294984976,-199.49399002075813
2108.316986083593,116.34270015217265,-203.13426281596873 2152.2431146170484,139.9425000929819,-199.45395375067105
2103.1202733956466,18.03410933181939,-194.65326643371085 2152.5583409480237,22.24756827937516,-188.47878342832135
2103.1202733956466,18.03410933181939,-194.65326643371085 2152.525352939523,22.220617560297967,-188.2025870806413
2103.1202733956466,18.03410933181939,-194.65326643371085 2152.5592737176307,22.21478584804561,-188.46398610159378
2152.5592737176307,22.21478584804561,-188.46398610159378 2179.162017590117,24.505064963302456,-230.73748418288696
2103.1202733956466,18.03410933181939,-194.65326643371085 2152.527095489335,22.34676237703073,-188.29976705822688
2152.527095489335,22.34676237703073,-188.29976705822688 2192.128681607107,0.22934678555333932,-209.33626639891025
2103.1202733956466,18.03410933181939,-194.65326643371085 2152.5379199790814,22.20836647755622,-188.2915226919369
2103.1202733956466,18.03410933181939,-194.65326643371085 2152.561559221964,22.21189780017709,-188.48031419397682
2103.1202733956466,18.03410933181939,-194.65326643371085 2152.526078480509,22.248153413982777,-188.22611649068517
2152.526078480509,22.248153413982777,-188.22611649068517 2144.020704382422,-17.07260346172591,-217.91680004921915
2103.1202733956466,18.03410933181939,-194.65326643371085 2152.5354613685777,22.224185392285705,-188.2828300116585
2152.5354613685777,22.224185392285705,-188.2828300116585 2145.5439073982584,-0.41866359180292534,-232.31031646005647
2145.5439073982584,-0.41866359180292534,-232.31031646005647 2118.5651571310223,37.055011426583796,-213.13036039560123
2103.1202733956466,18.03410933181939,-194.65326643371085 2152.5351739600183,22.257600495893442,-188.30269759302794
2103.1202733956466,18.03410933181939,-194.65326643371085 2152.5411911261076,22.209287701055636,-188.31759154747675
2103.1202733956466,18.03410933181939,-194.65326643371085 2152.5155318950897,22.209506683915,-188.12069460285414
2103.1202733956466,18.03410933181939,-194.65326643371085 2152.5250385053805,22.270004976114272,-188.2324898029082
2152.5250385053805,22.270004976114272,-188.2324898029082 2120.0130336520456,33.657451720752604,-224.47191028744083
2120.0130336520456,33.657451720752604,-224.47191028744083 2162.7119265292854,59.34952829360504,-220.38268683638412
2103.1202733956466,18.03410933181939,-194.65326643371085 2152.542354509601,22.190686139454083,-188.31443628864767
2152.542354509601,22.190686139454083,-188.31443628864767 2195.3903660668134,-3.5735912756231976,-188.81435115334156
2103.1202733956466,18.03410933181939,-194.65326643371085 2152.54613321369,22.226260159045168,-188.36754828151172
2103.1202733956466,18.03410933181939,-194.65326643371085 2152.5336125213603,22.22251531289972,-188.26740926455346
2103.1202733956466,18.03410933181939,-194.65326643371085 2152.544957322616,22.20346017704761,-188.3431846395861
2152.544957322616,22.20346017704761,-188.3431846395861 2154.4948997608226,-21.92858211319691,-211.7645545350416
2103.1202733956466,18.03410933181939,-194.65326643371085 2152.5311998172615,22.253237096965854,-188.2689645095284
2103.1202733956466,18.03410933181939,-194.65326643371085 2152.5229674479515,22.24689024759014,-188.2014219431743
2152.5229674479515,22.24689024759014,-188.2014219431743 2182.5770287465043,-4.290503002159095,-218.0764978254378
2182.5770287465043,-4.290503002159095,-218.0764978254378 2184.179161048387,-51.3160520092042,-201.16404937250041
2184.179161048387,-51.3160520092042,-201.16404937250041 2154.5734173898322,-35.90762312945545,-238.3941482426576
2184.179161048387,-51.3160520092042,-201.16404937250041 2153.7898786715878,-50.7101489752551,-161.46361614896216
2103.1202733956466,18.03410933181939,-194.65326643371085 2152.519915596162,22.367415106845844,-188.2581267541414
2103.1202733956466,18.03410933181939,-194.65326643371085 2152.544717695944,22.215681794826878,-188.34939799096844
2152.544717695944,22.215681794826878,-188.34939799096844 2169.3652975844548,34.767336853310105,-233.73137731654523
2169.3652975844548,34.767336853310105,-233.73137731654523 2186.3308105467436,9.193386417277196,-273.204715521234
2186.3308105467436,9.193386417277196,-273.204715521234 2209.9195252057757,53.13974020123499,-269.6989303267317
2169.3652975844548,34.767336853310105,-233.73137731654523 2148.142203912272,2.6514464177058343,-201.82291642433003
2148.142203912272,2.6514464177058343,-201.82291642433003 2181.151923883008,-32.20608596398735,-187.84755153775845
2103.1202733956466,18.03410933181939,-194.65326643371085 2152.550954484026,22.200109854845476,-188.38810827281452
2152.550954484026,22.200109854845476,-188.38810827281452 2121.674993783397,48.56677258099937,-217.56813821622688
2103.1202733956466,18.03410933181939,-194.65326643371085 2152.526947170865,22.290687131803516,-188.26091695156975
2103.1202733956466,18.03410933181939,-194.65326643371085 2152.544998623735,22.229944892100622,-188.3610887439869
2103.1202733956466,18.03410933181939,-194.65326643371085 2152.5053698122542,22.354048608113676,-188.13787108334927
2152.5053698122542,22.354048608113676,-188.13787108334927 2184.508468117717,57.5179270758951,-203.6073038445718
2103.1202733956466,18.03410933181939,-194.65326643371085 2152.509876741051,22.24968868369846,-188.10376476475798
2152.509876741051,22.24968868369846,-188.10376476475798 2189.095991581797,8.732174004648106,-156.81905607566515
2103.1202733956466,18.03410933181939,-194.65326643371085 2152.546385485834,22.21784427335972,-188.36392580156573
2152.546385485834,22.21784427335972,-188.36392580156573 2131.173205249792,31.194757305289258,-232.66519213803554
2103.1202733956466,18.03410933181939,-194.65326643371085 2151.7546281977993,29.585693812532455,-193.5305781585156
2151.7546281977993,29.585693812532455,-193.5305781585156 2121.4994649029986,-4.713908436204456,-213.73360712902868
2103.1202733956466,18.03410933181939,-194.65326643371085 2152.5221423421112,22.246256368365582,-188.1946936858927
2103.1202733956466,18.03410933181939,-194.65326643371085 2152.5243152696703,22.265854342590433,-188.2241933532791
2103.1202733956466,18.03410933181939,-194.65326643371085 2152.553514297021,22.248953353167906,-188.44119883407978
2103.1202733956466,18.03410933181939,-194.65326643371085 2152.526898519253,22.290789643297092,-188.26060919111637
2103.1202733956466,18.03410933181939,-194.65326643371085 2152.5571489662684,22.24046447044621,-188.4644127221899
2152.5571489662684,22.24046447044621,-188.4644127221899 2151.990823934245,72.07066834693458,-192.5424094835554
2103.1202733956466,18.03410933181939,-194.65326643371085 2152.509335061149,22.367602591914636,-188.17704655125561
2103.1202733956466,18.03410933181939,-194.65326643371085 2152.5092110949804,22.299920248361367,-188.1313272929628
2103.1202733956466,18.03410933181939,-194.65326643371085 2152.5435915058856,22.219108967787783,-188.34284608154096
2103.1202733956466,18.03410933181939,-194.65326643371085 2152.5433031216503,22.245003051978447,-188.3578310412969
2103.1202733956466,18.03410933181939,-194.65326643371085 2152.540152754713,22.22519433308776,-188.3199947162282
2103.1202733956466,18.03410933181939,-194.65326643371085 2152.511062074322,22.331438403888413,-188.16612865617432
2103.1202733956466,18.03410933181939,-194.65326643371085 2152.528014737683,22.28413936045266,-188.26481276837472
2103.1202733956466,18.03410933181939,-194.65326643371085 2152.539266299237,22.247084828592754,-188.3276061631599
2103.1202733956466,18.03410933181939,-194.65326643371085 2152.5253076888825,22.26706090436668,-188.23261946719222
2103.1202733956466,18.03410933181939,-194.65326643371085 2152.5191059234444,22.300059043747254,-188.20679313849763
2103.1202733956466,18.03410933181939,-194.65326643371085 2152.5240181096506,22.245992295264642,-188.20888514953967
2103.1202733956466,18.03410933181939,-194.65326643371085 2152.5344977486507,22.295162195188812,-188.3225587255214
2103.1202733956466,18.03410933181939,-194.65326643371085 2152.552934516445,22.216515562854806,-188.41471751309538
2152.552934516445,22.216515562854806,-188.41471751309538 2177.899952027922,14.190862046350295,-230.75993671084998
2103.1202733956466,18.03410933181939,-194.65326643371085 2152.5132566220764,22.25764061329584,-188.13444817362773
2103.1202733956466,18.03410933181939,-194.65326643371085 2152.5132082327723,22.303929842877864,-188.1643049621963
2103.1202733956466,18.03410933181939,-194.65326643371085 2152.535913499221,22.213436840467327,-188.2792775154993
2103.1202733956466,18.03410933181939,-194.65326643371085 2152.521109907399,22.240030100761224,-188.18275003820543
2103.1202733956466,18.03410933181939,-194.65326643371085 2152.526520038222,22.344257097118113,-188.2935951423384
2103.1202733956466,18.03410933181939,-194.65326643371085 2152.5521614564645,22.19979735549109,-188.39743027599346
2103.1202733956466,18.03410933181939,-194.65326643371085 2152.5241997234225,22.26072880730923,-188.21993516530273
2103.1202733956466,18.03410933181939,-194.65326643371085 2152.525347186014,22.288705007924055,-188.24724587479804
2152.525347186014,22.288705007924055,-188.24724587479804 2163.552824834379,36.58276582025604,-234.87421835005284
2103.1202733956466,18.03410933181939,-194.65326643371085 2152.5471354480323,22.275252039153393,-188.40842726921196
2152.5471354480323,22.275252039153393,-188.40842726921196 2195.068814756641,37.34911100663449,-209.96499389296548
2195.068814756641,37.34911100663449,-209.96499389296548 2159.3913815439723,47.995401119818325,-176.59169219562858
2103.1202733956466,18.03410933181939,-194.65326643371085 2152.5148082651112,22.338537536287664,-188.19944408863464
2103.1202733956466,18.03410933181939,-194.65326643371085 2152.5548978767206,22.20811762557928,-188.42465846893742
2152.5548978767206,22.20811762557928,-188.42465846893742 2182.7368874721737,-12.6600010012808,-169.1046738032298
2103.1202733956466,18.03410933181939,-194.65326643371085 2152.541626680884,22.237623233752398,-188.33976420974486
2152.541626680884,22.237623233752398,-188.33976420974486 2191.4451060305273,47.4483072102355,-207.0731757498188
2103.1202733956466,18.03410933181939,-194.65326643371085 2152.557773260019,22.201783268925666,-188.4432663440054
2103.1202733956466,18.03410933181939,-194.65326643371085 2152.515912170934,22.288505993418198,-188.17476513888124
2103.1202733956466,18.03410933181939,-194.65326643371085 2152.5220802331683,22.281288235191425,-188.21719989032096
2152.5220802331683,22.281288235191425,-188.21719989032096 2164.443101952821,70.44882469256521,-182.0708454596741
2103.1202733956466,18.03410933181939,-194.65326643371085 2152.529622187147,22.305107821959886,-188.29128373198725
2103.1202733956466,18.03410933181939,-194.65326643371085 2152.5161642541257,22.27156932468118,-188.16559357619641
2103.1202733956466,18.03410933181939,-194.65326643371085 2152.5145307057996,22.267174586697116,-188.15030531385702
2103.1202733956466,18.03410933181939,-194.65326643371085 2152.5201600819814,22.244249366586796,-188.17824394224914
2152.5201600819814,22.244249366586796,-188.17824394224914 2197.954407720103,22.937885840070393,-209.0408422943361
2103.1202733956466,18.03410933181939,-194.65326643371085 2152.525014083897,22.296824931219955,-188.25007556935603
2152.525014083897,22.296824931219955,-188.25007556935603 2188.6558875593396,-10.18329702922961,-176.4347609592461
2103.1202733956466,18.03410933181939,-194.65326643371085 2152.517479147523,22.26005840917957,-188.1680973301071
2103.1202733956466,18.03410933181939,-194.65326643371085 2152.521343912738,22.29223840875976,-188.21878366277397
2103.1202733956466,18.03410933181939,-194.65326643371085 2152.5550792369127,22.2590349902344,-188.46053080095575
2103.1202733956466,18.03410933181939,-194.65326643371085 2152.5366308185658,22.23649396803256,-188.30003242105235
2103.1202733956466,18.03410933181939,-194.65326643371085 2152.5174757550913,22.259041571190117,-188.16740900136028
2103.1202733956466,18.03410933181939,-194.65326643371085 2152.539199133774,22.270648713996202,-188.34283752969208
2103.1202733956466,18.03410933181939,-194.65326643371085 2152.5452935270323,22.276320055110315,-188.39458980112295
2103.1202733956466,18.03410933181939,-194.65326643371085 2152.5159194170374,22.301167167298193,-188.18315271306048
2103.1202733956466,18.03410933181939,-194.65326643371085 2152.52392155163,22.23436466655815,-188.20056126434218
2103.1202733956466,18.03410933181939,-194.65326643371085 2152.5099659008915,22.26820991009857,-188.11639665296823
2103.1202733956466,18.03410933181939,-194.65326643371085 2152.531748487997,22.246614487357057,-188.26883775820596
2103.1202733956466,18.03410933181939,-194.65326643371085 2152.501811945462,22.2960016742737,-188.0729986493123
2103.1202733956466,18.03410933181939,-194.65326643371085 2152.5607564530383,22.256865494866638,-188.50452953584227
2103.1202733956466,18.03410933181939,-194.65326643371085 2152.521752482632,22.30836696336422,-188.23262894843506
2103.1202733956466,18.03410933181939,-194.65326643371085 2152.556200591314,22.237721597932005,-188.45498068514397
2103.1202733956466,18.03410933181939,-194.65326643371085 2152.54003542513,22.26936503737202,-188.34852773509672
2103.1202733956466,18.03410933181939,-194.65326643371085 2152.549100396116,22.27322176923306,-188.4226174225209
2152.549100396116,22.27322176923306,-188.4226174225209 2121.757674805668,4.18915335729924,-223.42053992915544
2152.549100396116,22.27322176923306,-188.4226174225209 2124.58635479783,-12.80487882405528,-210.50454934372496
2103.1202733956466,18.03410933181939,-194.65326643371085 2152.5401191350306,22.226347451857134,-188.32049558356985
2103.1202733956466,18.03410933181939,-194.65326643371085 2152.4957358386337,22.361029600361093,-188.06984258810732
2103.1202733956466,18.03410933181939,-194.65326643371085 2152.5349940014653,22.233198759777423,-188.28513990977385
2103.1202733956466,18.03410933181939,-194.65326643371085 2152.5506099391987,22.25075034328189,-188.41934569539455
2103.1202733956466,18.03410933181939,-194.65326643371085 2152.5295136389263,22.274701151734334,-188.27013557192163
2103.1202733956466,18.03410933181939,-194.65326643371085 2152.5172519085627,22.252304794681834,-188.1613221308373
2103.1202733956466,18.03410933181939,-194.65326643371085 2152.53821245523,22.236013832796633,-188.31202856812527
2103.1202733956466,18.03410933181939,-194.65326643371085 2152.56015774853,22.255160505834343,-188.49854774315668
2103.1202733956466,18.03410933181939,-194.65326643371085 2152.532712640763,22.240202159664953,-188.27207289556844
2152.532712640763,22.240202159664953,-188.27207289556844 2156.6175742088335,-5.311519579232392,-229.7957593310485
2103.1202733956466,18.03410933181939,-194.65326643371085 2152.534129753764,22.24303441455589,-188.28492681751257
2103.1202733956466,18.03410933181939,-194.65326643371085 2152.514302553078,22.316343117271202,-188.1808358700393
2103.1202733956466,18.03410933181939,-194.65326643371085 2152.5394013382315,22.2393870952575,-188.32354034747746
2103.1202733956466,18.03410933181939,-194.65326643371085 2152.5400098392247,22.23914007721486,-188.3281287848093
2103.1202733956466,18.03410933181939,-194.65326643371085 2152.5367378180313,22.303728041546364,-188.34585808600204
2103.1202733956466,18.03410933181939,-194.65326643371085 2152.504121926516,22.293820119550723,-188.08894100873002
2103.1202733956466,18.03410933181939,-194.65326643371085 2152.5446620161574,22.28076174879017,-188.39261529040627
2103.1202733956466,18.03410933181939,-194.65326643371085 2152.5372826015587,22.283925236281338,-188.3367590189313
2103.1202733956466,18.03410933181939,-194.65326643371085 2152.5576435844473,22.254513724607907,-188.4779433185361
2103.1202733956466,18.03410933181939,-194.65326643371085 2152.520649253695,22.246254725474024,-188.18328217822238
2152.520649253695,22.246254725474024,-188.18328217822238 2191.2830477144626,53.80263366405268,-186.89045045927568
2103.1202733956466,18.03410933181939,-194.65326643371085 2152.5461317985073,22.246220128722427,-188.38089497030379
2103.1202733956466,18.03410933181939,-194.65326643371085 2152.5392667644246,22.216064470412093,-188.30705924867087
2103.1202733956466,18.03410933181939,-194.65326643371085 2152.5068193137986,22.3456992493673,-188.14332982440595
2103.1202733956466,18.03410933181939,-194.65326643371085 2152.526806411298,22.253712837478037,-188.2353663387898
2103.1202733956466,18.03410933181939,-194.65326643371085 2152.5337658320645,22.299151908014373,-188.31953316972528
2103.1202733956466,18.03410933181939,-194.65326643371085 2152.547325630307,22.199565159502303,-188.35918308982716
2103.1202733956466,18.03410933181939,-194.65326643371085 2152.553061951908,22.218842163697133,-188.4172880279013
2103.1202733956466,18.03410933181939,-194.65326643371085 2152.5147559325533,22.261889627557444,-188.14857822579557
2103.1202733956466,18.03410933181939,-194.65326643371085 2152.5146685262753,22.27241808756915,-188.1547690250592
2103.1202733956466,18.03410933181939,-194.65326643371085 2152.52961843402,22.26345713714351,-188.2634902231889
2103.1202733956466,18.03410933181939,-194.65326643371085 2152.5339625547113,22.27213507091737,-188.30295451018327
2103.1202733956466,18.03410933181939,-194.65326643371085 2152.534172833966,22.28319759967519,-188.31198965441303
2103.1202733956466,18.03410933181939,-194.65326643371085 2152.548277282931,22.253571176009046,-188.40278057547195
2146.066769904672,13.779530074333842,-219.90196923092427 2112.6685604698027,-18.660217485555847,-201.67500061858385
2112.6685604698027,-18.660217485555847,-201.67500061858385 2148.988790297253,-52.47687717510812,-207.78027970493017
2146.066769904672,13.779530074333842,-219.90196923092427 2147.857448617176,-19.146790424644912,-257.4872175092996
2146.066769904672,13.779530074333842,-219.90196923092427 2130.840422561423,35.34898078460239,-262.36274104020754
2169.5144619575153,0.0,-240.36880054476998 2202.5567200945457,-18.42891558820678,-207.67959364939534
2202.5567200945457,-18.42891558820678,-207.67959364939534 2168.212055550756,-31.881106831359865,-241.4358163073316
2168.212055550756,-31.881106831359865,-241.4358163073316 2150.2166313609555,-58.52750219864867,-279.7259497905055
2150.2166313609555,-58.52750219864867,-279.7259497905055 2186.597119570072,-36.16191033660195,-305.7305720397648
2186.597119570072,-36.16191033660195,-305.7305720397648 2204.8279975915175,-78.7111771006838,-324.6301747976586
2204.8279975915175,-78.7111771006838,-324.6301747976586 2168.2313786860655,-71.13444634455438,-291.41450627001575
2204.8279975915175,-78.7111771006838,-324.6301747976586 2253.7919908578074,-78.87363942530386,-314.5058985562775
2253.7919908578074,-78.87363942530386,-314.5058985562775 2234.4081173361683,-80.07454528421353,-268.43179224465007
2253.7919908578074,-78.87363942530386,-314.5058985562775 2221.3397102455833,-96.46819662550638,-348.22949622903894
2204.8279975915175,-78.7111771006838,-324.6301747976586 2253.0179680714937,-90.58394945605482,-318.56684058812033
2204.8279975915175,-78.7111771006838,-324.6301747976586 2199.8368048432335,-30.418238098162355,-312.6769309932255
2186.597119570072,-36.16191033660195,-305.7305720397648 2187.7217020331677,-7.301725163096162,-264.91605224552177
2187.7217020331677,-7.301725163096162,-264.91605224552177 2165.8268437096062,-49.61750846622499,-249.75064218071276
2186.597119570072,-36.16191033660195,-305.7305720397648 2217.378387167461,-60.977732565084196,-275.1252043369857
2186.597119570072,-36.16191033660195,-305.7305720397648 2221.684187059387,-66.15274750679052,-286.5095579970174
2221.684187059387,-66.15274750679052,-286.5095579970174 2199.2377893225325,-98.1859896148384,-317.65487271185236
2221.684187059387,-66.15274750679052,-286.5095579970174 2192.6854431381466,-29.3243983868651,-269.1099731717636
2221.684187059387,-66.15274750679052,-286.5095579970174 2246.811489209802,-34.376102502069145,-257.20318464776653
2186.597119570072,-36.16191033660195,-305.7305720397648 2172.0550489414927,-71.52644126168752,-273.51445597525344
2150.2166313609555,-58.52750219864867,-279.7259497905055 2114.211683572709,-84.17287568919244,-303.0917057871803
2114.211683572709,-84.17287568919244,-303.0917057871803 2103.304585486985,-91.22547960209465,-351.375201822535
2103.304585486985,-91.22547960209465,-351.375201822535 2150.1413553045063,-74.63029797379265,-345.8149014903418
2150.1413553045063,-74.63029797379265,-345.8149014903418 2161.954149744997,-110.48531252788533,-378.60020031210826
2114.211683572709,-84.17287568919244,-303.0917057871803 2094.0161111814746,-121.44441340846717,-276.57809924580044
2094.0161111814746,-121.44441340846717,-276.57809924580044 2125.3820303792395,-158.21053633301537,-263.75502169100514
2125.3820303792395,-158.21053633301537,-263.75502169100514 2086.9148005108855,-142.14287499985807,-291.3612254419407
2086.9148005108855,-142.14287499985807,-291.3612254419407 2116.4928974107793,-169.90590196940138,-320.59050044610206
2116.4928974107793,-169.90590196940138,-320.59050044610206 2139.0649898811666,-160.3362907071636,-277.01386471320126
2086.9148005108855,-142.14287499985807,-291.3612254419407 2070.943883422331,-119.27396909905035,-332.8575258824682
2125.3820303792395,-158.21053633301537,-263.75502169100514 2096.682285525852,-128.3668019331001,-291.78493718174064
2094.0161111814746,-121.44441340846717,-276.57809924580044 2103.3634355026093,-90.56304423498561,-314.7745462796106
2103.3634355026093,-90.56304423498561,-314.7745462796106 2062.9650328661232,-94.71088660657463,-343.9424133267709
2062.9650328661232,-94.71088660657463,-343.9424133267709 2084.5056958377604,-104.17423873132581,-299.8238820127605
2103.3634355026093,-90.56304423498561,-314.7745462796106 2081.1006830945175,-68.89762915802598,-275.59573000398706
2094.0161111814746,-121.44441340846717,-276.57809924580044 2120.9076144008313,-91.81513422961234,-246.5955564926447
2114.211683572709,-84.17287568919244,-303.0917057871803 2144.6921088638824,-58.81913588792086,-272.6264542346556
2144.6921088638824,-58.81913588792086,-272.6264542346556 2158.058401429896,-47.693081001733475,-319.5045208085799
2144.6921088638824,-58.81913588792086,-272.6264542346556 2179.4963383017816,-22.923751388479033,-272.1940367612661
2144.6921088638824,-58.81913588792086,-272.6264542346556 2113.687035372084,-34.038704592928795,-242.2189610363932
2113.687035372084,-34.038704592928795,-242.2189610363932 2073.2699622595355,-43.07916035857719,-270.23200015328064
2073.2699622595355,-43.07916035857719,-270.23200015328064 2096.5845235817105,-65.13122395023352,-231.88962513941277
2113.687035372084,-34.038704592928795,-242.2189610363932 2144.198186752074,-71.39736443060625,-229.05081095371088
2113.687035372084,-34.038704592928795,-242.2189610363932 2069.974238588228,-48.31057987524064,-261.85324160022986
2069.974238588228,-48.31057987524064,-261.85324160022986 2041.294927851716,-84.57512671588995,-242.81696627859918
2041.294927851716,-84.57512671588995,-242.81696627859918 2084.4076815755143,-109.51787320756827,-247.19302201441667
2084.4076815755143,-109.51787320756827,-247.19302201441667 2127.63081658102,-133.9886313656936,-252.93258606252763
2127.63081658102,-133.9886313656936,-252.93258606252763 2094.6288618329645,-128.2788682308031,-215.80753269218562
2094.6288618329645,-128.2788682308031,-215.80753269218562 2136.9407612014543,-154.89636076327628,-214.7065044843067
2136.9407612014543,-154.89636076327628,-214.7065044843067 2102.556964755083,-147.72120026905586,-179.1217940904218
2102.556964755083,-147.72120026905586,-179.1217940904218 2143.0571395368997,-175.9388966687378,-171.1532652087731
2143.0571395368997,-175.9388966687378,-171.1532652087731 2107.257019016615,-167.17491926987444,-137.36652119747072
2107.257019016615,-167.17491926987444,-137.36652119747072 2145.141880446738,-196.38199470047547,-122.81715628997286
2145.141880446738,-196.38199470047547,-122.81715628997286 2107.9279627138662,-185.9213992794504,-91.10437857485178
2107.9279627138662,-185.9213992794504,-91.10437857485178 2070.7140449809945,-175.46080385842535,-59.3916008597307
2070.7140449809945,-175.46080385842535,-59.3916008597307 2033.5001272481227,-165.0002084374003,-27.678823144609613
2033.5001272481227,-165.0002084374003,-27.678823144609613 1996.286209515251,-154.53961301637523,4.033954570511476
1996.286209515251,-154.53961301637523,4.033954570511476 1959.0722917823791,-144.07901759535017,35.74673228563256
1959.0722917823791,-144.07901759535017,35.74673228563256 1921.8583740495073,-133.6184221743251,67.45951000075365
1921.8583740495073,-133.6184221743251,67.45951000075365 1884.6444563166356,-123.15782675330004,99.17228771587475
1884.6444563166356,-123.15782675330004,99.17228771587475 1861.4104588244606,-125.44383928161804,143.38716651536924
1861.4104588244606,-125.44383928161804,143.38716651536924 1838.1764613322857,-127.72985180993605,187.60204531486374
1838.1764613322857,-127.72985180993605,187.60204531486374 1814.942463840111,-130.01586433825406,231.81692411435824
1814.942463840111,-130.01586433825406,231.81692411435824 1791.708466347936,-132.30187686657206,276.03180291385274
1791.708466347936,-132.30187686657206,276.03180291385274 1768.4744688557614,-134.58788939489006,320.24668171334724
1768.4744688557614,-134.58788939489006,320.24668171334724 1745.2404713635865,-136.87390192320805,364.46156051284174
1745.2404713635865,-136.87390192320805,364.46156051284174 1722.0064738714118,-139.15991445152605,408.67643931233624
1722.0064738714118,-139.15991445152605,408.67643931233624 1698.7724763792369,-141.44592697984407,452.89131811183074
2145.141880446738,-196.38199470047547,-122.81715628997286 2157.956817461888,-149.23632724349244,-112.18402743091582
2144.6921088638824,-58.81913588792086,-272.6264542346556 2170.7717759345487,-90.65509234331724,-301.02227861172395
2144.6921088638824,-58.81913588792086,-272.6264542346556 2183.499153478556,-27.94746008616206,-279.0259012002801
2114.211683572709,-84.17287568919244,-303.0917057871803 2117.5656181589866,-52.55395650204348,-341.67920469845353
2114.211683572709,-84.17287568919244,-303.0917057871803 2089.0426439037738,-107.29854391870822,-266.5989268976253
2150.2166313609555,-58.52750219864867,-279.7259497905055 2122.3986014035686,-77.29126471660524,-242.65738594646575
2122.3986014035686,-77.29126471660524,-242.65738594646575 2101.4697195277454,-120.72253552115691,-255.9128233111674
2101.4697195277454,-120.72253552115691,-255.9128233111674 2125.0401978451723,-126.12069431169407,-212.14876918498015
2168.212055550756,-31.881106831359865,-241.4358163073316 2161.9597200116737,-0.6980865139592929,-202.85437589628276
2161.9597200116737,-0.6980865139592929,-202.85437589628276 2203.66299894929,26.340652969212716,-197.4006530382218
2203.66299894929,26.340652969212716,-197.4006530382218 2181.7710730120175,-7.7935905681539985,-226.65124272268318
2181.7710730120175,-7.7935905681539985,-226.65124272268318 2181.691438221087,-46.88304937324074,-195.4742019935585
2181.7710730120175,-7.7935905681539985,-226.65124272268318 2172.964247863342,17.449610485472974,-184.39937138700367
2172.964247863342,17.449610485472974,-184.39937138700367 2148.1608536554454,50.218980032122445,-212.87673178579774
2148.1608536554454,50.218980032122445,-212.87673178579774 2138.007115550905,8.431770983513502,-238.386156758389
2138.007115550905,8.431770983513502,-238.386156758389 2135.64653674183,2.7966994099965534,-288.01148936228685
2181.7710730120175,-7.7935905681539985,-226.65124272268318 2145.706628243394,-8.949803861104693,-261.2636537099592
2145.706628243394,-8.949803861104693,-261.2636537099592 2114.4096200853733,-2.9356035895828727,-299.7906140812473
2203.66299894929,26.340652969212716,-197.4006530382218 2196.9129443802017,-18.68923813707089,-176.74282957420283
2161.9597200116737,-0.6980865139592929,-202.85437589628276 2200.1660876721726,-32.68842973126291,-206.96429207911555
2200.1660876721726,-32.68842973126291,-206.96429207911555 2183.977155291969,-76.2383285692757,-188.4893149590201
2183.977155291969,-76.2383285692757,-188.4893149590201 2137.432890689432,-68.74824267879232,-171.83008190457898
2183.977155291969,-76.2383285692757,-188.4893149590201 2179.9082409562047,-94.0553760991067,-235.02958519295788
2179.9082409562047,-94.0553760991067,-235.02958519295788 2155.4860634260403,-127.10055051222383,-206.54145270429146
2183.977155291969,-76.2383285692757,-188.4893149590201 2201.5250748030394,-104.21893853932876,-150.95058846841084
2200.1660876721726,-32.68842973126291,-206.96429207911555 2156.0904459410626,-25.130815485092675,-184.59868739475849
2168.212055550756,-31.881106831359865,-241.4358163073316 2147.18365403527,0.9164716117688343,-272.7746927704459
2202.5567200945457,-18.42891558820678,-207.67959364939534 2215.11525044091,-51.76576255421631,-172.59486834187288
2215.11525044091,-51.76576255421631,-172.59486834187288 2176.1297676703234,-77.3671158549555,-154.5753555206275
2215.11525044091,-51.76576255421631,-172.59486834187288 2234.810388200396,-72.58366509192564,-131.62272557919437
2234.810388200396,-72.58366509192564,-131.62272557919437 2266.9460458176404,-104.30897351327852,-110.15637248703445
2266.9460458176404,-104.30897351327852,-110.15637248703445 2254.5643527466477,-76.58316918385358,-70.43265852443812
2254.5643527466477,-76.58316918385358,-70.43265852443812 2287.8962507498845,-47.46133143189756,-47.17533405556205
2266.9460458176404,-104.30897351327852,-110.15637248703445 2255.483165982012,-139.51365755983994,-76.55231607927726
2255.483165982012,-139.51365755983994,-76.55231607927726 2237.1951415540484,-142.54804657241257,-122.98873116315931
2169.5144619575153,0.0,-240.36880054476998 2124.9798748450153,10.158553240056643,-220.03473192119893
2124.9798748450153,10.158553240056643,-220.03473192119893 2144.7039278017705,54.4210244222594,-232.3552586876881
2124.9798748450153,10.158553240056643,-220.03473192119893 2112.953678271881,17.610911350292383,-267.9913055538214
2112.953678271881,17.610911350292383,-267.9913055538214 2076.2945236512483,10.765924699496374,-234.6858624513651
2124.9798748450153,10.158553240056643,-220.03473192119893 2109.5164686130306,-35.63838755689051,-232.8223541139892
2109.5164686130306,-35.63838755689051,-232.8223541139892 2138.8726680930968,-61.24469218872224,-264.1677001032807
2124.9798748450153,10.158553240056643,-220.03473192119893 2161.2925903245005,-8.01418150543885,-249.2090083711099
2161.2925903245005,-8.01418150543885,-249.2090083711099 2204.2157822330996,13.030229103131278,-234.5552587309842
2169.5144619575153,0.0,-240.36880054476998 2178.8322289006046,-34.58692349895499,-205.48436358397458
2178.8322289006046,-34.58692349895499,-205.48436358397458 2179.329571680829,2.4356227266999113,-171.88252254619505
2179.329571680829,2.4356227266999113,-171.88252254619505 2177.655475702767,-36.07317957104306,-203.7301213292993
2179.329571680829,2.4356227266999113,-171.88252254619505 2159.9406709125365,17.203701299080382,-215.53998905854894
2159.9406709125365,17.203701299080382,-215.53998905854894 2193.9249812698877,14.211315946023229,-252.09285870559614
2159.9406709125365,17.203701299080382,-215.53998905854894 2186.612417286917,36.297834956946005,-253.2763376523949
2186.612417286917,36.297834956946005,-253.2763376523949 2233.717570543777,24.217738149005,-241.64982494399825
2233.717570543777,24.217738149005,-241.64982494399825 2251.471627745546,69.8955934754721,-251.56582139673404
2179.329571680829,2.4356227266999113,-171.88252254619505 2162.339339598763,44.457455043200646,-192.98933714625844
2162.339339598763,44.457455043200646,-192.98933714625844 2205.626296162839,47.85902379179424,-168.1968237305432
2178.8322289006046,-34.58692349895499,-205.48436358397458 2153.842588700054,-38.267961517092786,-248.63488897771748
2178.8322289006046,-34.58692349895499,-205.48436358397458 2207.7598405767026,-3.185518898935797,-179.4623522884816
2169.5144619575153,0.0,-240.36880054476998 2156.8708072794307,19.93954778773508,-196.29440400435237
2200.0,0.0,-280.0 2186.975715152452,-34.91224403243808,-246.6607855397068
2186.975715152452,-34.91224403243808,-246.6607855397068 2197.005588398255,-19.499340022809477,-293.15642009460987
2197.005588398255,-19.499340022809477,-293.15642009460987 2225.4334926020215,7.93989679059181,-323.79858949691476
2225.4334926020215,7.93989679059181,-323.79858949691476 2177.8098438467077,16.149053185931486,-310.9690208951516
2177.8098438467077,16.149053185931486,-310.9690208951516 2204.0514992000913,54.59108901858254,-292.70470033961493
2204.0514992000913,54.59108901858254,-292.70470033961493 2188.8790524850706,83.435317141796,-330.6231307482681
2204.0514992000913,54.59108901858254,-292.70470033961493 2239.631697070934,77.78415385405323,-266.32040078458914
2197.005588398255,-19.499340022809477,-293.15642009460987 2214.587099171554,7.088390532720478,-254.63391936017015
2186.975715152452,-34.91224403243808,-246.6607855397068 2186.4428535944203,-84.19085768835414,-238.21482231986414
2186.4428535944203,-84.19085768835414,-238.21482231986414 2168.2140446372186,-51.59868517812418,-204.9663514517887
2168.2140446372186,-51.59868517812418,-204.9663514517887 2132.4548773660945,-56.754645735046914,-170.4019474093172
2186.4428535944203,-84.19085768835414,-238.21482231986414 2228.276692283447,-93.49030085785185,-212.4572933763152
2186.975715152452,-34.91224403243808,-246.6607855397068 2166.567857576485,-71.4146024017559,-274.0669378168317
2166.567857576485,-71.4146024017559,-274.0669378168317 2168.5118513286434,-27.851288989620812,-249.6035240557136
2186.975715152452,-34.91224403243808,-246.6607855397068 2154.187318742566,-72.29317137938698,-241.40842116256132
2200.0,0.0,-280.0 2229.149383330314,28.79668711789528,-308.65421893014144
2229.149383330314,28.79668711789528,-308.65421893014144 2180.770378216716,35.28521765170761,-297.82043677752927
2180.770378216716,35.28521765170761,-297.82043677752927 2151.87357900828,61.4788772318365,-329.107290139727
2151.87357900828,61.4788772318365,-329.107290139727 2182.4613654033797,25.90835947620014,-346.40253775413623
2182.4613654033797,25.90835947620014,-346.40253775413623 2150.0748751488204,-4.423078042042626,-323.3565153843592
2151.87357900828,61.4788772318365,-329.107290139727 2124.9535715516217,29.562092800878464,-356.6142359920242
2124.9535715516217,29.562092800878464,-356.6142359920242 2123.405681133003,79.2338433633551,-362.1207077581417
2124.9535715516217,29.562092800878464,-356.6142359920242 2146.878921830302,-1.243302900482714,-389.32977680735763
2151.87357900828,61.4788772318365,-329.107290139727 2117.5457360044015,56.983062394092435,-365.18202982895804
2151.87357900828,61.4788772318365,-329.107290139727 2106.29282492235,76.34786643132894,-343.2955957871027
2180.770378216716,35.28521765170761,-297.82043677752927 2161.1978575794183,1.9471993770035567,-266.1109275820521
2161.1978575794183,1.9471993770035567,-266.1109275820521 2171.3120944309244,-8.421283295644312,-218.25492712256286
2171.3120944309244,-8.421283295644312,-218.25492712256286 2211.087830916457,17.070958276689122,-201.88310967148917
2211.087830916457,17.070958276689122,-201.88310967148917 2231.8201943072254,-5.82505060291302,-162.56464218331885
2171.3120944309244,-8.421283295644312,-218.25492712256286 2209.3251768087584,17.045675558879914,-198.09458052737793
2161.1978575794183,1.9471993770035567,-266.1109275820521 2113.148398335067,-9.243581611526785,-257.9859114471635
2113.148398335067,-9.243581611526785,-257.9859114471635 2104.4818619980742,-56.23077760289829,-243.25178233180603
2104.4818619980742,-56.23077760289829,-243.25178233180603 2081.756722208728,-86.43644025875335,-275.98075978413965
2113.148398335067,-9.243581611526785,-257.9859114471635 2162.5207586314227,-1.708033291618924,-255.62253456541376
2113.148398335067,-9.243581611526785,-257.9859114471635 2156.69383442093,-8.066325823604302,-233.4418884496629
2156.69383442093,-8.066325823604302,-233.4418884496629 2134.7090847409586,24.59295540094773,-202.61913498076268
2156.69383442093,-8.066325823604302,-233.4418884496629 2126.3177967217475,-46.31726799232521,-244.12653897754677
2161.1978575794183,1.9471993770035567,-266.1109275820521 2148.163588398858,48.074676465188766,-251.88546855931273
2229.149383330314,28.79668711789528,-308.65421893014144 2237.3051826296864,9.418424513243188,-263.28941014388624
2237.3051826296864,9.418424513243188,-263.28941014388624 2227.001607753131,37.12234267368279,-222.96163729039387
2229.149383330314,28.79668711789528,-308.65421893014144 2192.689828076808,21.60320362537087,-275.2034397768937
2192.689828076808,21.60320362537087,-275.2034397768937 2160.743799003309,-10.651892566066845,-296.15719829693575
2200.0,0.0,-280.0 2159.6322141621895,-29.464036876500487,-281.52065692806735
2159.6322141621895,-29.464036876500487,-281.52065692806735 2188.1390003456363,-5.340992842261514,-248.27247069162107
2188.1390003456363,-5.340992842261514,-248.27247069162107 2152.8368532192576,-40.02946966148902,-255.37655291449929
2200.0,0.0,-280.0 2244.8915638320063,19.8220309002819,-270.4169635446179
2200.0,0.0,-280.0 2152.887551179733,16.551783798139706,-277.4592089307963
2152.887551179733,16.551783798139706,-277.4592089307963 2135.1143034328743,-12.340695348070902,-240.725895531178
2135.1143034328743,-12.340695348070902,-240.725895531178 2168.5976751687303,-42.17987664427752,-262.8276392807238
2135.1143034328743,-12.340695348070902,-240.725895531178 2142.1054921636983,-30.13746860420371,-194.52634854422374
2152.887551179733,16.551783798139706,-277.4592089307963 2181.0452149061075,12.927970702016532,-236.30080818299297
2200.0,0.0,-280.0 2217.9679110819293,31.807793550246284,-314.1382255077325
2217.9679110819293,31.807793550246284,-314.1382255077325 2246.1032893763863,68.6037161127059,-332.96534878786395
