起始树
1600.0,0.0,500.0 1630.4855380424847,0.0,460.36880054477
1630.4855380424847,0.0,460.36880054477 1660.9710760849694,0.0,420.73760108954
1660.9710760849694,0.0,420.73760108954 1691.456614127454,0.0,381.10640163431003
1691.456614127454,0.0,381.10640163431003 1729.1022599474636,-31.56983274015726,371.8246447126438
1729.1022599474636,-31.56983274015726,371.8246447126438 1702.5262313509547,7.131722722109586,389.0265140540445
1702.5262313509547,7.131722722109586,389.0265140540445 1728.2457290669347,-27.82548986356474,364.19708140894215
1728.2457290669347,-27.82548986356474,364.19708140894215 1729.3323238490893,-77.35083168770113,357.4103422079827
1729.3323238490893,-77.35083168770113,357.4103422079827 1743.7668010632376,-107.40721584639759,320.150985814466
1743.7668010632376,-107.40721584639759,320.150985814466 1758.201278277386,-137.46360000509404,282.89162942094936
1728.2457290669347,-27.82548986356474,364.19708140894215 1769.9271149262618,-0.8062802948842958,369.90885758887214
1769.9271149262618,-0.8062802948842958,369.90885758887214 1774.787803057693,47.93617681632705,359.88156554910955
1702.5262313509547,7.131722722109586,389.0265140540445 1733.2353569104885,40.225986217314315,367.5388587357287
1733.2353569104885,40.225986217314315,367.5388587357287 1766.0762343335484,14.233198237654992,394.849145133495
1702.5262313509547,7.131722722109586,389.0265140540445 1726.4444385096251,-23.307373449682498,420.6711153401931
1726.4444385096251,-23.307373449682498,420.6711153401931 1688.4966231272801,6.642582858240161,407.9054024787436
1702.5262313509547,7.131722722109586,389.0265140540445 1739.3617101826185,40.57621062492515,384.06529160786556
1691.456614127454,0.0,381.10640163431003 1662.8339878757477,-20.093686919697966,345.3714186004777
1691.456614127454,0.0,381.10640163431003 1653.6267444779542,8.246770173752004,349.46952846385955
1691.456614127454,0.0,381.10640163431003 1692.8486002590002,48.51234716786333,393.1319804924892
1692.8486002590002,48.51234716786333,393.1319804924892 1708.6474600618544,95.82347821016761,389.6602506026974
1708.6474600618544,95.82347821016761,389.6602506026974 1730.6161238269779,127.61051494726593,357.9275843445761
1730.6161238269779,127.61051494726593,357.9275843445761 1764.7892579004515,156.81192101538102,379.82449716902346
1764.7892579004515,156.81192101538102,379.82449716902346 1767.1934462032573,121.17850990004246,414.8170662500429
1767.1934462032573,121.17850990004246,414.8170662500429 1735.4768797075287,86.69176761384239,432.27341226538204
1735.4768797075287,86.69176761384239,432.27341226538204 1707.3698847532505,61.55667622289364,465.10973385305124
1735.4768797075287,86.69176761384239,432.27341226538204 1741.3332573736818,126.67237573872121,402.8242388542953
1767.1934462032573,121.17850990004246,414.8170662500429 1781.0018666478609,83.58285449575688,444.7485583536328
1781.0018666478609,83.58285449575688,444.7485583536328 1824.0307589181175,108.42713944438998,439.15606915956494
1824.0307589181175,108.42713944438998,439.15606915956494 1868.672063790412,86.19740876469744,435.5514924566515
1868.672063790412,86.19740876469744,435.5514924566515 1914.332740672081,106.19538717218333,431.6548982615175
1914.332740672081,106.19538717218333,431.6548982615175 1937.8070690504353,102.5700748656486,387.65702310980953
1781.0018666478609,83.58285449575688,444.7485583536328 1786.7480836648072,39.4888313095441,421.88596643478235
1786.7480836648072,39.4888313095441,421.88596643478235 1824.3460288105025,9.131581551703665,409.0472784970926
1786.7480836648072,39.4888313095441,421.88596643478235 1766.7593621688773,1.1256063274688728,396.8117968187645
1766.7593621688773,1.1256063274688728,396.8117968187645 1751.1368262207145,35.80156593988371,429.26968022952525
1781.0018666478609,83.58285449575688,444.7485583536328 1743.213238611131,102.81779513721449,418.25258413826816
1767.1934462032573,121.17850990004246,414.8170662500429 1764.5482077419038,147.35662359616316,457.33422839423537
1764.5482077419038,147.35662359616316,457.33422839423537 1725.7909237060405,166.89741072349364,482.1541915813108
1725.7909237060405,166.89741072349364,482.1541915813108 1694.8377035803676,137.82858295109716,508.55308200856894
1764.7892579004515,156.81192101538102,379.82449716902346 1774.3305864790357,118.16333586292106,349.5713995645046
1708.6474600618544,95.82347821016761,389.6602506026974 1677.9698573593162,60.87161695285939,371.295826106539
1677.9698573593162,60.87161695285939,371.295826106539 1714.7236211737816,42.75129892481014,399.9456938205938
1714.7236211737816,42.75129892481014,399.9456938205938 1710.5756489332944,62.85997335442083,354.3558315815382
1714.7236211737816,42.75129892481014,399.9456938205938 1750.2311665006043,75.24332479119568,386.40012332829764
1750.2311665006043,75.24332479119568,386.40012332829764 1719.477135850054,59.3705064616391,350.31351588146345
1714.7236211737816,42.75129892481014,399.9456938205938 1747.6089614902307,10.046599338778734,418.62608507074606
1692.8486002590002,48.51234716786333,393.1319804924892 1656.2579033666539,76.47473622124129,373.6582623226079
1691.456614127454,0.0,381.10640163431003 1720.9629597210617,37.87968096082268,367.1598845057623
1720.9629597210617,37.87968096082268,367.1598845057623 1688.778292336935,72.58412575707237,351.0431634758137
1688.778292336935,72.58412575707237,351.0431634758137 1680.1475499577743,31.80403227875547,378.65646211766915
1688.778292336935,72.58412575707237,351.0431634758137 1685.671617714598,77.28984178641083,400.72419415596517
1685.671617714598,77.28984178641083,400.72419415596517 1732.796139505398,84.24122708020069,415.9214862991627
1685.671617714598,77.28984178641083,400.72419415596517 1664.7530460936148,58.83520499554788,359.22913731475666
1664.7530460936148,58.83520499554788,359.22913731475666 1624.565366409491,85.61926201025804,372.17381542736365
1720.9629597210617,37.87968096082268,367.1598845057623 1687.1446273260774,74.43497003086537,362.6842577308879
1687.1446273260774,74.43497003086537,362.6842577308879 1660.7240538160747,103.37871294606245,393.73603773560785
1660.7240538160747,103.37871294606245,393.73603773560785 1701.4502775352257,131.83329417146433,388.1047404725731
1687.1446273260774,74.43497003086537,362.6842577308879 1703.3009654170016,106.47947727649759,397.4998044719111
1703.3009654170016,106.47947727649759,397.4998044719111 1742.9653702023631,107.6836400508291,367.08130705609676
1742.9653702023631,107.6836400508291,367.08130705609676 1764.1064561357914,152.4403006282734,360.01760975858747
1703.3009654170016,106.47947727649759,397.4998044719111 1690.4457812839637,60.766889463913735,413.15558795222586
1703.3009654170016,106.47947727649759,397.4998044719111 1668.331998799758,127.50830236292103,368.6041319722669
1687.1446273260774,74.43497003086537,362.6842577308879 1732.132028282715,95.97603334379494,359.20340345139317
1691.456614127454,0.0,381.10640163431003 1705.3293104539102,27.66318369725071,341.8343178550389
1660.9710760849694,0.0,420.73760108954 1690.2088167071634,15.185346299909819,458.34823497227484
1690.2088167071634,15.185346299909819,458.34823497227484 1715.3454595367223,18.240159500377484,501.4622385392069
1715.3454595367223,18.240159500377484,501.4622385392069 1721.017679442537,-11.808379293082229,461.9032795322004
1721.017679442537,-11.808379293082229,461.9032795322004 1678.135412819919,-29.313498234153524,443.0702760498646
1715.3454595367223,18.240159500377484,501.4622385392069 1756.6267488600101,40.23640961677431,483.79814692305183
1715.3454595367223,18.240159500377484,501.4622385392069 1683.968036257373,39.14515572276513,468.6226520422594
1683.968036257373,39.14515572276513,468.6226520422594 1732.008613120293,48.31070308643589,479.01956101570875
1690.2088167071634,15.185346299909819,458.34823497227484 1642.5850612023376,1.1836607292318426,464.3424582577755
1642.5850612023376,1.1836607292318426,464.3424582577755 1607.348595497094,-34.285905630548626,463.7935075748044
1607.348595497094,-34.285905630548626,463.7935075748044 1591.5149058984052,-81.35134358149551,457.95066373143976
1607.348595497094,-34.285905630548626,463.7935075748044 1570.7881579390476,-51.16488973675546,434.1551152245671
1607.348595497094,-34.285905630548626,463.7935075748044 1634.894101328595,-57.490099894919325,498.47506574378076
1634.894101328595,-57.490099894919325,498.47506574378076 1604.2482464081108,-94.80165428847768,511.4627323906104
1634.894101328595,-57.490099894919325,498.47506574378076 1662.227694793982,-32.08534662457343,531.7537853637092
1642.5850612023376,1.1836607292318426,464.3424582577755 1651.3779532358024,43.912516729744624,488.77460745868035
1651.3779532358024,43.912516729744624,488.77460745868035 1634.7654946759644,76.58389716911161,454.7656803838105
1642.5850612023376,1.1836607292318426,464.3424582577755 1613.3284020965207,28.652029770838446,434.5173580876145
1642.5850612023376,1.1836607292318426,464.3424582577755 1628.6735870295831,48.4405883630926,455.7836220665148
1642.5850612023376,1.1836607292318426,464.3424582577755 1603.9653050380944,-28.856595320843667,474.642819914548
1690.2088167071634,15.185346299909819,458.34823497227484 1697.4680741097256,46.843546220149186,420.3342696467067
1690.2088167071634,15.185346299909819,458.34823497227484 1699.780132228275,36.129827884531124,413.9667229391457
1699.780132228275,36.129827884531124,413.9667229391457 1670.4191254833402,63.18738898123763,444.06356115218523
1670.4191254833402,63.18738898123763,444.06356115218523 1673.6366564024327,32.6853280637824,404.5759456940124
1690.2088167071634,15.185346299909819,458.34823497227484 1737.4386613490124,19.669431605929333,442.5610644190967
1737.4386613490124,19.669431605929333,442.5610644190967 1758.1547908813582,-15.305620686130524,413.44770503947944
1660.9710760849694,0.0,420.73760108954 1649.051692309552,42.334957151096106,396.9535792801577
1649.051692309552,42.334957151096106,396.9535792801577 1655.8282472068827,74.88019333748274,359.6054079019527
1649.051692309552,42.334957151096106,396.9535792801577 1599.3267446542395,41.732287490314114,402.15611423500457
1599.3267446542395,41.732287490314114,402.15611423500457 1632.1250557585386,18.107270579640808,372.7260383826386
1632.1250557585386,18.107270579640808,372.7260383826386 1616.7090421996104,37.744212231275185,416.04736163714284
1616.7090421996104,37.744212231275185,416.04736163714284 1593.2084035873281,-5.842127612239139,409.12269818968326
1649.051692309552,42.334957151096106,396.9535792801577 1607.5073538589697,30.113433541884326,371.95953392185396
1607.5073538589697,30.113433541884326,371.95953392185396 1587.9513663337398,32.13046434925828,417.9322969303479
1649.051692309552,42.334957151096106,396.9535792801577 1607.6777070656533,33.41951696750372,370.33200398171914
1649.051692309552,42.334957151096106,396.9535792801577 1679.4911818157448,58.36340452651076,433.237547549022
1679.4911818157448,58.36340452651076,433.237547549022 1655.256381437226,81.63967318737015,396.2120189526488
1655.256381437226,81.63967318737015,396.2120189526488 1689.5478321706123,83.77671841307517,432.5373468149412
1649.051692309552,42.334957151096106,396.9535792801577 1644.888263376726,59.725094413566985,350.2604428946703
1660.9710760849694,0.0,420.73760108954 1620.0202703254922,26.255601206044414,432.29938784413565
1620.0202703254922,26.255601206044414,432.29938784413565 1645.5400711164432,52.07504295627254,397.91776200566255
1645.5400711164432,52.07504295627254,397.91776200566255 1683.0403524167646,62.49113541934528,429.3061980960047
1683.0403524167646,62.49113541934528,429.3061980960047 1710.47224174038,83.78463040449705,393.3328952249279
1645.5400711164432,52.07504295627254,397.91776200566255 1631.7523664101122,11.904637305476129,371.53144530966495
1620.0202703254922,26.255601206044414,432.29938784413565 1653.75994843568,60.36484570537989,446.3775113236862
1653.75994843568,60.36484570537989,446.3775113236862 1620.95357201206,88.14642003644862,420.84467376811733
1660.9710760849694,0.0,420.73760108954 1690.2849103341377,5.587740289559934,380.619322461604
1660.9710760849694,0.0,420.73760108954 1669.6523713390031,-17.256136578795584,466.8555028532396
1669.6523713390031,-17.256136578795584,466.8555028532396 1698.1361972660015,3.436372569467199,431.3520984290226
1660.9710760849694,0.0,420.73760108954 1698.5921578465843,-17.510628867418124,392.84437460436226
1630.4855380424847,0.0,460.36880054477 1664.1725114517626,-7.882777359913404,424.27102161563596
1664.1725114517626,-7.882777359913404,424.27102161563596 1694.9368846845625,31.532362723736888,424.2625493549739
1694.9368846845625,31.532362723736888,424.2625493549739 1680.8830864271763,-3.4902551238338972,391.4615281263032
1680.8830864271763,-3.4902551238338972,391.4615281263032 1636.0558454955062,-15.911849547129,409.79789806250284
1636.0558454955062,-15.911849547129,409.79789806250284 1609.8759828182901,12.152539732886718,441.84481436566455
1680.8830864271763,-3.4902551238338972,391.4615281263032 1669.9803879716303,-50.03377980732779,406.1186586921552
1669.9803879716303,-50.03377980732779,406.1186586921552 1692.7620705083625,-49.49701836423907,361.61352608985
1692.7620705083625,-49.49701836423907,361.61352608985 1707.9257787875683,-33.11794547286801,406.35487075496144
1680.8830864271763,-3.4902551238338972,391.4615281263032 1703.0301300475112,28.80497425634865,422.5505393386332
1703.0301300475112,28.80497425634865,422.5505393386332 1730.7058469454955,7.158446472088102,458.12416059185773
1730.7058469454955,7.158446472088102,458.12416059185773 1719.4817048677464,50.44786600039323,435.7624792704343
1719.4817048677464,50.44786600039323,435.7624792704343 1745.7651563307588,57.89935139782001,393.88580862240633
1745.7651563307588,57.89935139782001,393.88580862240633 1760.754644648964,46.71745171048559,440.25692419385643
1760.754644648964,46.71745171048559,440.25692419385643 1803.5356108660696,67.37015090404995,424.66029168709395
1803.5356108660696,67.37015090404995,424.66029168709395 1836.1353465786055,61.42019791387466,387.2189336603407
1760.754644648964,46.71745171048559,440.25692419385643 1728.2983362161633,43.15543583113116,478.1237973918132
1728.2983362161633,43.15543583113116,478.1237973918132 1717.7713498373569,0.3116928592851522,501.6524234873339
1745.7651563307588,57.89935139782001,393.88580862240633 1713.3874879403752,82.13682416150357,364.48799401600996
1719.4817048677464,50.44786600039323,435.7624792704343 1751.139781709633,13.998046859403345,448.7692796172657
1751.139781709633,13.998046859403345,448.7692796172657 1727.9182762903442,-13.067313003892,413.7231959340315
1751.139781709633,13.998046859403345,448.7692796172657 1701.277140997936,14.81109712039637,445.1559694272453
1730.7058469454955,7.158446472088102,458.12416059185773 1695.2261701967786,25.96211415210947,487.91702248167763
1695.2261701967786,25.96211415210947,487.91702248167763 1710.5490919514336,55.65384517694925,525.1139199013454
1695.2261701967786,25.96211415210947,487.91702248167763 1732.9776170242678,51.98807615923895,507.85386185091335
1730.7058469454955,7.158446472088102,458.12416059185773 1721.8018251890219,42.04031462372027,423.425836845423
1721.8018251890219,42.04031462372027,423.425836845423 1689.8693808191742,11.547982684242726,446.88935511228357
1703.0301300475112,28.80497425634865,422.5505393386332 1733.8564225581608,49.1348689773984,388.83948669000034
1680.8830864271763,-3.4902551238338972,391.4615281263032 1689.378705756258,45.15108740288104,383.5974166434892
1694.9368846845625,31.532362723736888,424.2625493549739 1736.5239767370952,38.156159758896926,397.30630541314883
1736.5239767370952,38.156159758896926,397.30630541314883 1743.0671103179159,-0.573494964398968,428.2449745499721
1743.0671103179159,-0.573494964398968,428.2449745499721 1716.725288269158,24.280946466717428,393.7723020063647
1716.725288269158,24.280946466717428,393.7723020063647 1703.0303902281353,12.18990347550528,347.22924186813736
1703.0303902281353,12.18990347550528,347.22924186813736 1687.329877379483,46.715084384393016,379.80999967850573
1687.329877379483,46.715084384393016,379.80999967850573 1656.515421647763,18.502094008349342,407.27809921231295
1656.515421647763,18.502094008349342,407.27809921231295 1684.4422277141632,-22.115588819080845,398.89374803527113
1716.725288269158,24.280946466717428,393.7723020063647 1674.2513619216418,14.922576832417375,418.4377940633576
1674.2513619216418,14.922576832417375,418.4377940633576 1630.8102048958247,21.11569226579872,442.40675727596056
1674.2513619216418,14.922576832417375,418.4377940633576 1666.4762724589698,50.372681854342225,384.0453815602786
1716.725288269158,24.280946466717428,393.7723020063647 1680.0842607971363,55.6454892858605,380.59275119684577
1743.0671103179159,-0.573494964398968,428.2449745499721 1735.3772067771915,34.766997801889424,393.72085320604396
1743.0671103179159,-0.573494964398968,428.2449745499721 1715.8115455417203,34.810446105688186,450.7196470298817
1715.8115455417203,34.810446105688186,450.7196470298817 1750.0434229649727,48.10747142904776,416.78783768187674
1750.0434229649727,48.10747142904776,416.78783768187674 1748.6383773608839,94.14273719650694,397.32556256898636
1715.8115455417203,34.810446105688186,450.7196470298817 1744.8407321466048,22.183707059854505,412.0172984431717
1744.8407321466048,22.183707059854505,412.0172984431717 1728.8831569409272,12.164631376281555,458.33116155133814
1728.8831569409272,12.164631376281555,458.33116155133814 1765.0535878367987,27.780890298856505,489.11804814401063
1715.8115455417203,34.810446105688186,450.7196470298817 1705.3375024752856,38.94073040651746,402.0037854092884
1705.3375024752856,38.94073040651746,402.0037854092884 1737.0207384730427,71.30913060796438,423.18064129276183
1737.0207384730427,71.30913060796438,423.18064129276183 1783.6516242567632,79.93333379630394,439.0294144437613
1743.0671103179159,-0.573494964398968,428.2449745499721 1721.3671091608808,-35.25103520201362,399.4947023277253
1721.3671091608808,-35.25103520201362,399.4947023277253 1720.517988609185,14.289077143560966,392.78230610308714
1720.517988609185,14.289077143560966,392.78230610308714 1725.9696389683231,54.78545759728484,363.9669858982211
1743.0671103179159,-0.573494964398968,428.2449745499721 1788.054340083841,21.212586778577318,427.0137961403907
1788.054340083841,21.212586778577318,427.0137961403907 1803.9689017752928,-4.463175357152274,466.8570134416881
1736.5239767370952,38.156159758896926,397.30630541314883 1768.0935120505376,17.505623311775693,430.1227614152741
1694.9368846845625,31.532362723736888,424.2625493549739 1664.2925242646247,67.06260551129836,406.9846726940563
1664.2925242646247,67.06260551129836,406.9846726940563 1702.9929539488692,89.2621715592937,429.55580491057464
1694.9368846845625,31.532362723736888,424.2625493549739 1662.7763649519043,61.133391401378915,448.5417600454127
1662.7763649519043,61.133391401378915,448.5417600454127 1681.9645453808798,107.27804520106085,446.9654803961809
1662.7763649519043,61.133391401378915,448.5417600454127 1690.6598421386732,38.05109055234663,483.0340648029916
1662.7763649519043,61.133391401378915,448.5417600454127 1658.2467429038797,96.17753714928699,413.1667636086436
1658.2467429038797,96.17753714928699,413.1667636086436 1654.8591914474628,53.9585457124767,386.59457406414674
1662.7763649519043,61.133391401378915,448.5417600454127 1634.45674667414,101.10474715417946,438.52727354410945
1634.45674667414,101.10474715417946,438.52727354410945 1612.3580876470987,128.76838858357974,403.223276432279
1694.9368846845625,31.532362723736888,424.2625493549739 1686.6489891693427,23.99784193974926,472.99181966024787
1686.6489891693427,23.99784193974926,472.99181966024787 1684.7623948952064,-15.856639437608113,442.85776788842884
1686.6489891693427,23.99784193974926,472.99181966024787 1652.819346866655,24.949073289624643,436.1862431725576
1686.6489891693427,23.99784193974926,472.99181966024787 1713.9862406277914,-4.526718786589893,442.3483192390013
1713.9862406277914,-4.526718786589893,442.3483192390013 1735.4383068561956,-41.320747776499914,468.5400791115609
1694.9368846845625,31.532362723736888,424.2625493549739 1698.3896194293789,-10.093239455264246,451.7468697216388
1698.3896194293789,-10.093239455264246,451.7468697216388 1687.5484166645167,-56.71147711773362,466.2109023493906
1687.5484166645167,-56.71147711773362,466.2109023493906 1691.147196259204,-19.480545440610854,499.3908136193485
1691.147196259204,-19.480545440610854,499.3908136193485 1658.1008341254762,-33.8331194304198,464.7217846512106
1658.1008341254762,-33.8331194304198,464.7217846512106 1652.3139244024273,-60.76792635654926,506.4474104908479
1687.5484166645167,-56.71147711773362,466.2109023493906 1716.5417808027378,-55.851179919250434,506.93736456597406
1716.5417808027378,-55.851179919250434,506.93736456597406 1741.8504610586945,-92.03867462212106,483.486651765902
1687.5484166645167,-56.71147711773362,466.2109023493906 1702.7917230558155,-102.029193568419,480.8378017459227
1698.3896194293789,-10.093239455264246,451.7468697216388 1669.1738123165978,-36.88983905711247,482.2161799292395
1669.1738123165978,-36.88983905711247,482.2161799292395 1715.8335785502436,-54.54886672588639,485.53656496941346
1694.9368846845625,31.532362723736888,424.2625493549739 1706.040978418207,61.90474124159752,462.3967561190097
1706.040978418207,61.90474124159752,462.3967561190097 1675.0985197624516,41.65340204458946,496.0486136169933
1706.040978418207,61.90474124159752,462.3967561190097 1658.1749923152752,49.318934366419626,455.2943030431593
1694.9368846845625,31.532362723736888,424.2625493549739 1723.4328540491426,9.403803079531375,458.879114436532
1723.4328540491426,9.403803079531375,458.879114436532 1693.0747896137248,46.374778611709445,473.4233535687142
1693.0747896137248,46.374778611709445,473.4233535687142 1691.069385991063,-3.1100800948401144,480.2955522782279
1664.1725114517626,-7.882777359913404,424.27102161563596 1696.7249933724543,29.695574912532187,429.5817053090053
1664.1725114517626,-7.882777359913404,424.27102161563596 1702.9895999041264,-39.311376522055035,421.93076547862984
1702.9895999041264,-39.311376522055035,421.93076547862984 1725.6621764053793,-49.5927679793538,465.29258352742266
1630.4855380424847,0.0,460.36880054477 1632.2623718837503,33.19961398470045,497.71352564440645
1632.2623718837503,33.19961398470045,497.71352564440645 1656.2408324214562,34.934254392918966,453.87262632771973
1656.2408324214562,34.934254392918966,453.87262632771973 1634.6651987081448,6.535624482157708,418.8296548632357
1634.6651987081448,6.535624482157708,418.8296548632357 1668.8065024686623,-12.072958636094622,450.26358576382717
1668.8065024686623,-12.072958636094622,450.26358576382717 1680.845172432058,10.146505857853459,493.4071347962679
1680.845172432058,10.146505857853459,493.4071347962679 1696.1110925564215,-32.56296467443761,472.3630665201975
1634.6651987081448,6.535624482157708,418.8296548632357 1676.762533569037,33.05010005154572,423.80931176810714
1676.762533569037,33.05010005154572,423.80931176810714 1688.9699577770434,-15.414635990458024,425.2749701814767
1634.6651987081448,6.535624482157708,418.8296548632357 1616.9087469380563,46.385792495813284,443.2565361586436
1634.6651987081448,6.535624482157708,418.8296548632357 1653.5691093932646,42.84865139445824,447.5351636947396
1653.5691093932646,42.84865139445824,447.5351636947396 1614.93691723661,70.9597462630558,462.2769435893123
1653.5691093932646,42.84865139445824,447.5351636947396 1627.9096181260763,10.69259151289954,475.9530862226566
1656.2408324214562,34.934254392918966,453.87262632771973 1681.4948059231874,64.81663753029353,485.0058882898883
1681.4948059231874,64.81663753029353,485.0058882898883 1667.0058056156192,92.23402198411054,445.78400791937463
1667.0058056156192,92.23402198411054,445.78400791937463 1654.393444440952,60.52506535009191,482.328096562843
1654.393444440952,60.52506535009191,482.328096562843 1701.4084100780406,51.9752173317422,467.614391896563
1701.4084100780406,51.9752173317422,467.614391896563 1690.0704756081207,99.18500449066121,479.5595682604919
1690.0704756081207,99.18500449066121,479.5595682604919 1702.9717471725523,147.2589562821415,474.8211770597554
1702.9717471725523,147.2589562821415,474.8211770597554 1703.4927707001427,100.17767401068363,457.9961542021482
1703.4927707001427,100.17767401068363,457.9961542021482 1662.4972749287183,75.74292031248842,443.0860187848003
1662.4972749287183,75.74292031248842,443.0860187848003 1708.472700027498,78.02363567371931,423.56529583641674
1703.4927707001427,100.17767401068363,457.9961542021482 1724.0738642153317,66.83026034552645,426.9418696094558
1724.0738642153317,66.83026034552645,426.9418696094558 1689.3416337052274,32.478614866999024,416.28182192145056
1690.0704756081207,99.18500449066121,479.5595682604919 1726.6369790869292,89.88116801758,512.3670285434283
1654.393444440952,60.52506535009191,482.328096562843 1625.2709469227016,50.981693820565646,521.8351111064519
1667.0058056156192,92.23402198411054,445.78400791937463 1635.6691571655774,63.14789161125225,471.7071922116559
1667.0058056156192,92.23402198411054,445.78400791937463 1700.8368753238058,58.126642555769564,459.6456597304323
1681.4948059231874,64.81663753029353,485.0058882898883 1639.9297701060875,92.31861880962428,489.00449095013573
1639.9297701060875,92.31861880962428,489.00449095013573 1599.5923563085985,115.44645302541294,507.3891675210502
1656.2408324214562,34.934254392918966,453.87262632771973 1678.960514444872,2.2093913044618176,423.6584014560369
1678.960514444872,2.2093913044618176,423.6584014560369 1677.556352742839,50.76148665093236,411.79575557150605
1677.556352742839,50.76148665093236,411.79575557150605 1708.4851953758257,46.225735689072465,372.77225423454325
1656.2408324214562,34.934254392918966,453.87262632771973 1676.924503565465,68.8255319152502,423.4823802623978
1676.924503565465,68.8255319152502,423.4823802623978 1722.2747922588374,65.98400572449107,444.3456744494391
1722.2747922588374,65.98400572449107,444.3456744494391 1691.978487438138,57.24543415205371,405.54140559813027
1722.2747922588374,65.98400572449107,444.3456744494391 1752.4425769684362,26.860999153460632,452.0460070759173
1752.4425769684362,26.860999153460632,452.0460070759173 1789.7916658148276,40.284540250340626,421.63459298902
1632.2623718837503,33.19961398470045,497.71352564440645 1639.6037194038101,27.842201628662586,448.54643553896005
1639.6037194038101,27.842201628662586,448.54643553896005 1674.5483046311242,63.50655709950489,451.1788701801971
1674.5483046311242,63.50655709950489,451.1788701801971 1646.6545347216875,25.370859535974958,467.53754285197516
1646.6545347216875,25.370859535974958,467.53754285197516 1603.2540680508346,0.578091219506085,466.22676752489315
1603.2540680508346,0.578091219506085,466.22676752489315 1594.1084217929415,-34.78152163969964,432.07922101020813
1594.1084217929415,-34.78152163969964,432.07922101020813 1562.3363755095927,-41.15254686651174,470.1573920866669
1562.3363755095927,-41.15254686651174,470.1573920866669 1554.0842679473153,-8.478186232245662,433.22111076433384
1646.6545347216875,25.370859535974958,467.53754285197516 1633.8511389321297,0.16452891321764795,426.29782955529737
1633.8511389321297,0.16452891321764795,426.29782955529737 1607.1051676382203,28.47304387399085,394.9405178041115
1674.5483046311242,63.50655709950489,451.1788701801971 1667.751132975066,110.7355743216913,466.11936514202813
1639.6037194038101,27.842201628662586,448.54643553896005 1680.5150444693197,54.62654231151687,438.11271254239705
1680.5150444693197,54.62654231151687,438.11271254239705 1659.8502724532066,81.70825530020537,401.51287621598203
1659.8502724532066,81.70825530020537,401.51287621598203 1643.996672281871,73.39538283364253,354.82712343248187
1680.5150444693197,54.62654231151687,438.11271254239705 1645.140262038546,24.447618367629346,419.7318170918354
1639.6037194038101,27.842201628662586,448.54643553896005 1607.7724058814952,10.36278189631301,482.9155694422814
1632.2623718837503,33.19961398470045,497.71352564440645 1635.0219094134904,66.17406079727704,460.2292514747428
1635.0219094134904,66.17406079727704,460.2292514747428 1604.2053898391398,61.82295835869164,499.36248580175186
1604.2053898391398,61.82295835869164,499.36248580175186 1649.356787970391,55.95191612266822,478.70136023086224
1649.356787970391,55.95191612266822,478.70136023086224 1628.085001178224,101.20128166704595,478.6238715228164
1628.085001178224,101.20128166704595,478.6238715228164 1588.529570102796,120.09129889627413,502.67662856887097
1628.085001178224,101.20128166704595,478.6238715228164 1622.796958480231,73.71299776884821,520.0537019926154
1635.0219094134904,66.17406079727704,460.2292514747428 1606.0021717309162,32.543522496731036,483.18228435604374
1606.0021717309162,32.543522496731036,483.18228435604374 1589.4172014652709,-3.4248922136805007,452.66651950396255
1589.4172014652709,-3.4248922136805007,452.66651950396255 1610.0685173538238,-47.737939350956005,442.18429619586624
1606.0021717309162,32.543522496731036,483.18228435604374 1647.1148779364942,60.59946140958779,487.93724809637575
1635.0219094134904,66.17406079727704,460.2292514747428 1659.57880093617,97.4036786992335,490.58827063612466
1659.57880093617,97.4036786992335,490.58827063612466 1628.2879130132415,67.79767876752598,515.9726181959591
1628.2879130132415,67.79767876752598,515.9726181959591 1641.3835252396773,19.98788097729512,522.5092974501417
1641.3835252396773,19.98788097729512,522.5092974501417 1663.598647225298,-17.799764415014636,498.4555615476038
1663.598647225298,-17.799764415014636,498.4555615476038 1637.262392248679,-48.78226815859304,527.549996334787
1641.3835252396773,19.98788097729512,522.5092974501417 1650.4422141120906,1.5336568212834152,476.93099376612463
1628.2879130132415,67.79767876752598,515.9726181959591 1670.786650530994,83.08384952851564,537.4246645520305
1659.57880093617,97.4036786992335,490.58827063612466 1694.5434269884151,90.2562832706974,525.6081173464515
1659.57880093617,97.4036786992335,490.58827063612466 1616.4521670521203,72.1384160254466,491.91490240707554
1635.0219094134904,66.17406079727704,460.2292514747428 1631.8270927472847,66.57840984377016,410.3330627593917
1631.8270927472847,66.57840984377016,410.3330627593917 1596.6742924014084,68.16208347122705,374.81162408238066
1596.6742924014084,68.16208347122705,374.81162408238066 1625.4407544268865,107.88263755595199,384.54652242489846
1625.4407544268865,107.88263755595199,384.54652242489846 1590.9864947200522,110.9658470870458,420.6491235367489
1590.9864947200522,110.9658470870458,420.6491235367489 1563.0805144449193,102.91023861417202,379.95067839426633
1596.6742924014084,68.16208347122705,374.81162408238066 1554.9282644057196,79.52063281900439,399.876589737599
1554.9282644057196,79.52063281900439,399.876589737599 1582.1010759534863,118.54062184629325,415.33876192975276
1631.8270927472847,66.57840984377016,410.3330627593917 1594.015909854119,98.53548868186962,417.3373157784551
1594.015909854119,98.53548868186962,417.3373157784551 1640.3921327477346,101.62498899742639,398.90633810710364
1640.3921327477346,101.62498899742639,398.90633810710364 1634.8012189368878,148.45895101764438,415.49915836914647
1634.8012189368878,148.45895101764438,415.49915836914647 1676.2577865716355,164.01268581685872,392.273432680994
1594.015909854119,98.53548868186962,417.3373157784551 1620.6682997619168,140.7051331386474,413.96519499300524
1594.015909854119,98.53548868186962,417.3373157784551 1557.9824403558898,103.45063041417355,383.0236092215767
1631.8270927472847,66.57840984377016,410.3330627593917 1660.2226021328588,45.68149503930128,445.78745597643245
1660.2226021328588,45.68149503930128,445.78745597643245 1663.0074804684677,3.0842146361083635,471.8204380358818
1635.0219094134904,66.17406079727704,460.2292514747428 1601.4766569758206,95.75486532593717,482.5830440462551
1601.4766569758206,95.75486532593717,482.5830440462551 1607.234153815336,57.9078160292659,450.4201447727396
1607.234153815336,57.9078160292659,450.4201447727396 1580.5150368344089,31.84792360470519,417.1489741504147
1601.4766569758206,95.75486532593717,482.5830440462551 1630.211737466795,74.44636349125707,447.6510687408326
1635.0219094134904,66.17406079727704,460.2292514747428 1609.6217989002432,91.3097798868934,495.2010974620898
1635.0219094134904,66.17406079727704,460.2292514747428 1661.764273070126,34.04205111048649,432.7997064631269
1661.764273070126,34.04205111048649,432.7997064631269 1647.734592899962,81.9613909347692,430.1719802354113
1647.734592899962,81.9613909347692,430.1719802354113 1605.5216858136394,108.5529607568144,433.4824016165613
1661.764273070126,34.04205111048649,432.7997064631269 1624.1482864846414,30.4402613274268,465.5421050246143
1632.2623718837503,33.19961398470045,497.71352564440645 1633.9931130890589,-14.240915406361381,482.01636966072437
1633.9931130890589,-14.240915406361381,482.01636966072437 1598.0075192893828,-10.4540684741532,447.50989448291546
1598.0075192893828,-10.4540684741532,447.50989448291546 1564.794109699655,-41.35537301096837,426.486602605857
1564.794109699655,-41.35537301096837,426.486602605857 1577.604983946244,-76.70660958661007,393.5294854137981
1577.604983946244,-76.70660958661007,393.5294854137981 1622.7156198662015,-97.9570880025629,389.86237565403246
1622.7156198662015,-97.9570880025629,389.86237565403246 1651.4910631967966,-126.07544254746747,360.1751393593763
1651.4910631967966,-126.07544254746747,360.1751393593763 1682.7234226733897,-164.79821693679514,355.16650031088193
1577.604983946244,-76.70660958661007,393.5294854137981 1576.3259789253573,-26.79966644857558,396.29736777646065
1576.3259789253573,-26.79966644857558,396.29736777646065 1623.8465433926822,-27.447611882275687,411.83365174083804
1577.604983946244,-76.70660958661007,393.5294854137981 1546.8552491884163,-112.01302819774654,375.98210335326144
1564.794109699655,-41.35537301096837,426.486602605857 1592.8441059585082,-81.20283518342114,415.28939454789594
1592.8441059585082,-81.20283518342114,415.28939454789594 1546.9575406894382,-91.51367437171648,398.31559936118254
1592.8441059585082,-81.20283518342114,415.28939454789594 1615.4650342889472,-57.29606314049559,452.9292650571941
1564.794109699655,-41.35537301096837,426.486602605857 1544.3454545100942,-33.05056685293152,471.35176387399326
1564.794109699655,-41.35537301096837,426.486602605857 1612.0556183690396,-38.70136642455836,442.58958516602206
1633.9931130890589,-14.240915406361381,482.01636966072437 1593.7807435777956,-5.20947994412866,510.3253525421553
1593.7807435777956,-5.20947994412866,510.3253525421553 1634.2606690571097,24.13116809728869,511.03387614715916
1634.2606690571097,24.13116809728869,511.03387614715916 1665.262020348194,0.5423657087345646,542.3784868482115
1593.7807435777956,-5.20947994412866,510.3253525421553 1628.6482791923456,-37.650694090853584,495.09963138174953
1628.6482791923456,-37.650694090853584,495.09963138174953 1658.1609038307809,-20.685738110466435,531.721964124686
1633.9931130890589,-14.240915406361381,482.01636966072437 1657.4308190937975,-14.707915304280627,437.8524041647367
1657.4308190937975,-14.707915304280627,437.8524041647367 1694.0454267013138,2.561214501230582,467.197721772628
1694.0454267013138,2.561214501230582,467.197721772628 1664.8779496551556,34.79844031623005,491.8962957094886
1694.0454267013138,2.561214501230582,467.197721772628 1688.5151862678795,-44.23608274108685,450.4815795274029
1688.5151862678795,-44.23608274108685,450.4815795274029 1735.0559835618058,-27.289321710250373,443.6433430727765
1657.4308190937975,-14.707915304280627,437.8524041647367 1663.5024043811698,-47.649579596720265,400.7312160676085
1633.9931130890589,-14.240915406361381,482.01636966072437 1683.759701715845,-17.917878822792172,478.89121422675447
1683.759701715845,-17.917878822792172,478.89121422675447 1705.7436681567153,18.915958826773558,504.58116602764585
1705.7436681567153,18.915958826773558,504.58116602764585 1706.031453176988,41.953786540304094,460.2057711108252
1705.7436681567153,18.915958826773558,504.58116602764585 1727.328284368852,53.01160297510812,534.1038927493581
1705.7436681567153,18.915958826773558,504.58116602764585 1711.1260908717372,68.54638653643751,501.77935035336674
1683.759701715845,-17.917878822792172,478.89121422675447 1649.394655517279,-18.59141788055043,515.2036080463322
1683.759701715845,-17.917878822792172,478.89121422675447 1655.6207226851707,7.483442400106593,446.2879821900012
1655.6207226851707,7.483442400106593,446.2879821900012 1631.9741811161298,-22.647192706064956,414.14788418264646
1631.9741811161298,-22.647192706064956,414.14788418264646 1608.4782692270935,-46.412966798862506,376.95742698899585
1631.9741811161298,-22.647192706064956,414.14788418264646 1587.409299095561,-39.740320458279584,399.255057918325
1655.6207226851707,7.483442400106593,446.2879821900012 1634.533603195272,8.446997074178563,491.61352635671597
1634.533603195272,8.446997074178563,491.61352635671597 1602.4212019447284,-23.576204351343733,470.5586395988986
1634.533603195272,8.446997074178563,491.61352635671597 1659.190388461275,-13.426232607856084,454.01559072690804
1683.759701715845,-17.917878822792172,478.89121422675447 1644.7019022462719,-22.592861450155716,509.75596496328967
1683.759701715845,-17.917878822792172,478.89121422675447 1681.514330836961,8.237341366774906,521.4454474644891
1683.759701715845,-17.917878822792172,478.89121422675447 1718.5605805651203,-50.87331685070359,493.1333325982104
1718.5605805651203,-50.87331685070359,493.1333325982104 1729.648385416452,-81.15786101776307,531.3420615507968
1633.9931130890589,-14.240915406361381,482.01636966072437 1642.2868794175574,4.0379772996883965,527.8104251868402
1642.2868794175574,4.0379772996883965,527.8104251868402 1689.9638003780658,-10.985173810191185,526.7076385097508
1689.9638003780658,-10.985173810191185,526.7076385097508 1671.0233471523213,-44.27708431672891,558.8465234690657
1633.9931130890589,-14.240915406361381,482.01636966072437 1674.580267991044,14.763747185497024,478.6381445505927
1633.9931130890589,-14.240915406361381,482.01636966072437 1603.0882767299345,-51.99587012227171,471.0868461571448
1603.0882767299345,-51.99587012227171,471.0868461571448 1640.0834211769622,-39.59308388815664,439.82136709517624
1640.0834211769622,-39.59308388815664,439.82136709517624 1675.8893914064722,-48.87801624419539,406.1802831788213
1633.9931130890589,-14.240915406361381,482.01636966072437 1596.6212978515848,15.245946667142231,466.72348272220677
1632.2623718837503,33.19961398470045,497.71352564440645 1600.3955507686132,14.808232149193444,463.85702278016424
1600.3955507686132,14.808232149193444,463.85702278016424 1573.1964610737823,53.55794385888917,479.9402240220815
1600.3955507686132,14.808232149193444,463.85702278016424 1573.3461892599423,-16.036091338166045,492.4395305529324
1632.2623718837503,33.19961398470045,497.71352564440645 1643.5137312237866,27.773657425985405,449.2990039755485
1643.5137312237866,27.773657425985405,449.2990039755485 1616.9154081395036,10.671917415591096,488.02960812421844
1643.5137312237866,27.773657425985405,449.2990039755485 1615.6756106667253,21.115821669652465,490.29549488504233
1632.2623718837503,33.19961398470045,497.71352564440645 1610.44040609769,57.90153411299504,460.1154279371106
1610.44040609769,57.90153411299504,460.1154279371106 1611.6862428078123,73.03636919176733,507.75348686093827
1610.44040609769,57.90153411299504,460.1154279371106 1650.5350029648212,48.28319909579233,431.8327312205831
1650.5350029648212,48.28319909579233,431.8327312205831 1604.8931895226926,30.583150395059644,442.00785489086945
1604.8931895226926,30.583150395059644,442.00785489086945 1612.6411034697499,67.55847239304053,474.76141031031403
1612.6411034697499,67.55847239304053,474.76141031031403 1587.913534953504,107.89410818840092,490.9349640403515
1612.6411034697499,67.55847239304053,474.76141031031403 1650.1830384834084,98.51568850245073,486.26157927366046
1630.4855380424847,0.0,460.36880054477 1595.1369403999606,28.489813838422588,481.31652481636985
1630.4855380424847,0.0,460.36880054477 1587.7533604367793,-0.3380242052844038,434.41024248175154
1587.7533604367793,-0.3380242052844038,434.41024248175154 1567.8759159457154,-28.945743681686082,398.5426305335861
1567.8759159457154,-28.945743681686082,398.5426305335861 1594.5353642545356,-36.625112182425816,440.13951882224524
1587.7533604367793,-0.3380242052844038,434.41024248175154 1616.9659709587334,-0.13987927565241035,474.9883662072207
1630.4855380424847,0.0,460.36880054477 1641.4850233987397,32.40006009077187,496.8276462205714
1641.4850233987397,32.40006009077187,496.8276462205714 1685.9420584429106,50.47340798946983,510.8606833406676
1685.9420584429106,50.47340798946983,510.8606833406676 1641.3402153734116,73.03442929125167,512.1552537807526
1600.0,0.0,500.0 1620.2211352447007,-28.513136433773017,464.24938126235344
1620.2211352447007,-28.513136433773017,464.24938126235344 1619.067451405466,-30.625229333479133,514.1914284488886
1619.067451405466,-30.625229333479133,514.1914284488886 1624.1065973726934,-75.96798117834558,493.73068889588524
1619.067451405466,-30.625229333479133,514.1914284488886 1631.7160113510613,-30.96015501534803,465.81889744119474
1620.2211352447007,-28.513136433773017,464.24938126235344 1641.4357151721729,3.349207424127716,496.41664167386176
1641.4357151721729,3.349207424127716,496.41664167386176 1636.7738334956612,50.946499981586086,481.83018904020463
1636.7738334956612,50.946499981586086,481.83018904020463 1636.9244383530659,6.620000140821745,504.9632547696674
1636.9244383530659,6.620000140821745,504.9632547696674 1622.2916788690993,47.36634092836563,479.950896577971
1636.7738334956612,50.946499981586086,481.83018904020463 1678.243892851242,70.90583810607623,501.371401865331
1641.4357151721729,3.349207424127716,496.41664167386176 1633.4750672853502,-36.80082646500021,467.70074252506436
1620.2211352447007,-28.513136433773017,464.24938126235344 1635.2956647197427,-69.74797698377486,440.3235273398282
1635.2956647197427,-69.74797698377486,440.3235273398282 1663.704022505601,-41.207625538275536,410.68548510897153
1620.2211352447007,-28.513136433773017,464.24938126235344 1649.3634856847914,-62.403626754250624,441.84049738420026
1620.2211352447007,-28.513136433773017,464.24938126235344 1616.4973422415505,-77.5636871887512,473.2035331654093
1616.4973422415505,-77.5636871887512,473.2035331654093 1618.5615423973115,-113.77885643969695,438.7913174006215
1616.4973422415505,-77.5636871887512,473.2035331654093 1572.2128204729242,-94.9093462425977,488.63108137346165
1620.2211352447007,-28.513136433773017,464.24938126235344 1656.5226795019378,2.095996473888203,448.5879998679495
1620.2211352447007,-28.513136433773017,464.24938126235344 1631.1814793042158,-40.58919346750586,511.515010472331
1620.2211352447007,-28.513136433773017,464.24938126235344 1588.1328694577749,-59.87050733806842,442.17997962211734
1600.0,0.0,500.0 1624.5969981070466,-43.266072593087216,495.2005576895178
1624.5969981070466,-43.266072593087216,495.2005576895178 1597.444167284492,-1.64000069714087,500.67722792198913
1597.444167284492,-1.64000069714087,500.67722792198913 1628.0031565118888,-40.78482952075668,494.86082406998025
1628.0031565118888,-40.78482952075668,494.86082406998025 1645.06143414751,-17.000422495373954,535.3986723917276
1645.06143414751,-17.000422495373954,535.3986723917276 1675.347855725426,-48.123192304366995,560.1798319170845
1675.347855725426,-48.123192304366995,560.1798319170845 1718.3319484159833,-50.20835941030581,585.6360660005045
1718.3319484159833,-50.20835941030581,585.6360660005045 1695.5236191133836,-79.10137520499309,619.473526790465
1695.5236191133836,-79.10137520499309,619.473526790465 1740.0173875846651,-59.509842311653244,631.1558384672342
1675.347855725426,-48.123192304366995,560.1798319170845 1723.2547703500454,-41.12513619125181,572.6680160039372
1645.06143414751,-17.000422495373954,535.3986723917276 1610.9221233927212,-12.051526839630675,499.20453069757315
1645.06143414751,-17.000422495373954,535.3986723917276 1672.3215074527225,-39.90392576087278,500.29428603387015
1628.0031565118888,-40.78482952075668,494.86082406998025 1640.84047368036,-83.64289068795168,472.5361766840741
1628.0031565118888,-40.78482952075668,494.86082406998025 1589.3899665078602,-67.16825092337754,477.17080901050366
1597.444167284492,-1.64000069714087,500.67722792198913 1643.6663946636736,-15.995637693466117,488.13046010964115
1624.5969981070466,-43.266072593087216,495.2005576895178 1658.3075300625433,-46.938781225157065,531.9444176743011
1658.3075300625433,-46.938781225157065,531.9444176743011 1692.1662915255765,-10.14859862247281,531.6860840710465
1658.3075300625433,-46.938781225157065,531.9444176743011 1649.1417930772263,-95.6429051611839,538.5699423433466
1649.1417930772263,-95.6429051611839,538.5699423433466 1694.7202219289243,-75.6971519425098,533.5926185694227
1694.7202219289243,-75.6971519425098,533.5926185694227 1724.7068369946974,-90.7048693620653,570.6813140810193
1658.3075300625433,-46.938781225157065,531.9444176743011 1699.525869147369,-35.68051451727642,505.97713145062016
1624.5969981070466,-43.266072593087216,495.2005576895178 1595.9422652518344,-75.33660416664716,469.69786587893196
1595.9422652518344,-75.33660416664716,469.69786587893196 1559.5673224710736,-109.19255878256162,464.16271685279787
1595.9422652518344,-75.33660416664716,469.69786587893196 1557.660283234343,-106.71281247805621,462.6251432905979
1557.660283234343,-106.71281247805621,462.6251432905979 1592.5303432344929,-78.81665516397359,440.1332931511828
1592.5303432344929,-78.81665516397359,440.1332931511828 1604.9747066972445,-66.0302665606967,393.4251987296275
1600.0,0.0,500.0 1641.7546041710632,21.395570519575926,517.2853288270626
1600.0,0.0,500.0 1604.1785048541135,34.189960019259054,463.7565629242256
目标树
2200.0,0.0,-280.0 2169.5144619575153,0.0,-240.36880054476998
2169.5144619575153,0.0,-240.36880054476998 2139.0289239150306,0.0,-200.73760108953996
2139.0289239150306,0.0,-200.73760108953996 2108.543385872546,0.0,-161.10640163430995
2108.543385872546,0.0,-161.10640163430995 2156.7380203599128,0.0,-147.79185295141718
2156.7380203599128,0.0,-147.79185295141718 2189.3607032990576,30.236853725581543,-170.62807931721156
2189.3607032990576,30.236853725581543,-170.62807931721156 2155.9345794322558,-1.3467231043471308,-190.2538765715709
2155.9345794322558,-1.3467231043471308,-190.2538765715709 2160.817520793523,-45.970025616990085,-168.23302834704555
2155.9345794322558,-1.3467231043471308,-190.2538765715709 2121.9897241222884,32.602450597794956,-204.22529034853576
2155.9345794322558,-1.3467231043471308,-190.2538765715709 2204.021656360486,-9.895097708534218,-200.95706881150488
2189.3607032990576,30.236853725581543,-170.62807931721156 2222.86679018684,58.54621618579429,-146.62970148526844
2156.7380203599128,0.0,-147.79185295141718 2204.0528848771733,-7.1447893854602595,-162.2920453760261
2156.7380203599128,0.0,-147.79185295141718 2139.682561898092,-32.63091614989672,-181.6198686761906
2139.682561898092,-32.63091614989672,-181.6198686761906 2119.338783477296,-71.67198361284487,-157.91489597173256
2119.338783477296,-71.67198361284487,-157.91489597173256 2145.967972500009,-104.95458910795664,-131.7776722582358
2119.338783477296,-71.67198361284487,-157.91489597173256 2099.069827472702,-108.9634976500067,-131.48551074808444
2139.682561898092,-32.63091614989672,-181.6198686761906 2121.7434415917523,-76.3360270039572,-165.24759797634695
2139.682561898092,-32.63091614989672,-181.6198686761906 2121.768242468337,-72.83152438427767,-205.34724225512963
2139.682561898092,-32.63091614989672,-181.6198686761906 2102.7020242110825,-44.14445143637299,-149.99901578467714
2156.7380203599128,0.0,-147.79185295141718 2124.382607490077,36.69165229173979,-137.45502993249409
2156.7380203599128,0.0,-147.79185295141718 2193.1971614733066,30.983225843860176,-133.27390731224395
2193.1971614733066,30.983225843860176,-133.27390731224395 2226.322942745155,4.705882249643619,-159.9606798552308
2108.543385872546,0.0,-161.10640163430995 2156.7440119368143,-0.015090114616599063,-147.8135682530851
2156.7440119368143,-0.015090114616599063,-147.8135682530851 2193.8769013782553,21.869530858563117,-122.47166843105141
2193.8769013782553,21.869530858563117,-122.47166843105141 2225.8298017969264,35.44863285353452,-158.45249865833557
2225.8298017969264,35.44863285353452,-158.45249865833557 2260.703529862427,1.4838962874518558,-147.04111132768566
2260.703529862427,1.4838962874518558,-147.04111132768566 2258.665621636566,-15.613932332714917,-193.9826833778245
2258.665621636566,-15.613932332714917,-193.9826833778245 2251.12383804847,-43.71352218011398,-234.6463594378941
2251.12383804847,-43.71352218011398,-234.6463594378941 2215.0400457895626,-74.12227269832553,-218.11554493475563
2215.0400457895626,-74.12227269832553,-218.11554493475563 2225.1737859448895,-118.4385208069641,-238.93326488766832
2225.1737859448895,-118.4385208069641,-238.93326488766832 2245.2337566228484,-154.25378840311888,-210.3874388632693
2245.2337566228484,-154.25378840311888,-210.3874388632693 2288.9767000023744,-130.31909810547887,-214.08683136091346
2245.2337566228484,-154.25378840311888,-210.3874388632693 2279.702106276739,-189.60504632624512,-202.49938236057173
2245.2337566228484,-154.25378840311888,-210.3874388632693 2209.471995967369,-188.31355524862585,-218.1995293165291
2225.1737859448895,-118.4385208069641,-238.93326488766832 2181.0070031993587,-120.51964874350469,-215.58879641179988
2181.0070031993587,-120.51964874350469,-215.58879641179988 2160.830812173753,-84.13706029472505,-243.32376663830289
2181.0070031993587,-120.51964874350469,-215.58879641179988 2203.907960377152,-151.8485341564673,-184.06028393305562
2203.907960377152,-151.8485341564673,-184.06028393305562 2222.1393043943604,-144.536402093022,-230.04017975734968
2222.1393043943604,-144.536402093022,-230.04017975734968 2215.2733101099425,-156.46539179951495,-181.97192279843006
2181.0070031993587,-120.51964874350469,-215.58879641179988 2156.5959344136563,-132.70014227572983,-257.49029158859685
2225.1737859448895,-118.4385208069641,-238.93326488766832 2224.600410749945,-68.6068557499647,-234.8741518647474
2215.0400457895626,-74.12227269832553,-218.11554493475563 2245.690515509994,-62.02629651078254,-180.50921480288417
2245.690515509994,-62.02629651078254,-180.50921480288417 2244.4773659760526,-29.47837961648427,-218.4454952485229
2244.4773659760526,-29.47837961648427,-218.4454952485229 2289.8938722128446,-50.01299074594128,-214.48687086555825
2215.0400457895626,-74.12227269832553,-218.11554493475563 2229.27538601577,-112.4042725186647,-189.27384633013685
2215.0400457895626,-74.12227269832553,-218.11554493475563 2240.2656211373123,-33.766072378368726,-233.44680202967498
2251.12383804847,-43.71352218011398,-234.6463594378941 2249.0482037731144,-78.33768687699406,-270.65828748122846
2258.665621636566,-15.613932332714917,-193.9826833778245 2263.4402674144853,33.6413681516615,-201.13237790900442
2263.4402674144853,33.6413681516615,-201.13237790900442 2297.4615131850505,18.509277264873983,-234.50264403939042
2258.665621636566,-15.613932332714917,-193.9826833778245 2219.378277673666,-46.52038135729309,-195.12110905918212
2219.378277673666,-46.52038135729309,-195.12110905918212 2187.7777849476865,-7.786174299288476,-196.1555475846273
2258.665621636566,-15.613932332714917,-193.9826833778245 2232.091721275438,3.8985643433956803,-156.3915901101153
2260.703529862427,1.4838962874518558,-147.04111132768566 2265.4533238178938,-33.488575617671415,-111.62408623768164
2260.703529862427,1.4838962874518558,-147.04111132768566 2303.6855226931975,-23.9148978353909,-149.7704975958867
2303.6855226931975,-23.9148978353909,-149.7704975958867 2324.9925261542094,3.8389177458699564,-185.48796285021007
2225.8298017969264,35.44863285353452,-158.45249865833557 2271.137941948951,15.42414080387632,-165.2489796682164
2225.8298017969264,35.44863285353452,-158.45249865833557 2179.604130358693,36.998805454584776,-177.44682057283043
2179.604130358693,36.998805454584776,-177.44682057283043 2147.7389633038492,-1.2445533765893586,-182.1432696438781
2147.7389633038492,-1.2445533765893586,-182.1432696438781 2162.19689544355,-40.653892725099915,-154.97946706843328
2162.19689544355,-40.653892725099915,-154.97946706843328 2151.339111727705,6.086133244806412,-169.03217161639878
2162.19689544355,-40.653892725099915,-154.97946706843328 2188.119923935639,-19.5802919539146,-117.77866137373003
2162.19689544355,-40.653892725099915,-154.97946706843328 2161.980530033761,-69.43051653877461,-195.86784081813988
2147.7389633038492,-1.2445533765893586,-182.1432696438781 2130.2110378883017,34.924886273910396,-211.8845451040171
2179.604130358693,36.998805454584776,-177.44682057283043 2199.4137795404877,79.22225326887892,-159.42577027136895
2199.4137795404877,79.22225326887892,-159.42577027136895 2187.737775815992,65.33426056622073,-206.01755705526978
2187.737775815992,65.33426056622073,-206.01755705526978 2159.472988604636,65.84827643640547,-164.77634476001867
2159.472988604636,65.84827643640547,-164.77634476001867 2154.1517841187483,47.253100176490726,-118.66881606152876
2199.4137795404877,79.22225326887892,-159.42577027136895 2166.1224788593922,46.97468273181151,-178.18166250335182
2166.1224788593922,46.97468273181151,-178.18166250335182 2189.1589748201036,4.591977260276316,-191.3356022464566
2166.1224788593922,46.97468273181151,-178.18166250335182 2128.941584433733,23.039297007174774,-201.52000862986327
2179.604130358693,36.998805454584776,-177.44682057283043 2188.403185684145,64.12704625768511,-136.37815640769543
2188.403185684145,64.12704625768511,-136.37815640769543 2233.737403120498,43.207175367044556,-133.70089449440223
2188.403185684145,64.12704625768511,-136.37815640769543 2200.4001309717846,92.09969363074683,-176.0468380433096
2179.604130358693,36.998805454584776,-177.44682057283043 2223.7588007388777,38.72888233164951,-154.0508397723449
2156.7440119368143,-0.015090114616599063,-147.8135682530851 2167.266243394614,3.5554178848498643,-196.56327715246462
2167.266243394614,3.5554178848498643,-196.56327715246462 2211.4293755581475,26.4780149042759,-191.64674347605728
2211.4293755581475,26.4780149042759,-191.64674347605728 2176.2860420213897,62.028971181521655,-192.68386241694816
2211.4293755581475,26.4780149042759,-191.64674347605728 2259.2121422642144,36.23592858387408,-180.61994309992355
2108.543385872546,0.0,-161.10640163430995 2072.493882151448,3.0345799033630034,-126.59227979595758
2072.493882151448,3.0345799033630034,-126.59227979595758 2054.457545391225,22.058882773932616,-169.16887496937028
2072.493882151448,3.0345799033630034,-126.59227979595758 2101.8994211084537,27.07188264841345,-159.1118486029207
2108.543385872546,0.0,-161.10640163430995 2075.113393068309,-31.100222085440375,-181.4831473839371
2075.113393068309,-31.100222085440375,-181.4831473839371 2058.2388001193217,-77.05018913052906,-171.29253202659723
2058.2388001193217,-77.05018913052906,-171.29253202659723 2095.036797367082,-46.20717547486015,-157.34205149042674
2075.113393068309,-31.100222085440375,-181.4831473839371 2099.5843968659265,1.968908317696478,-153.06479789778066
2099.5843968659265,1.968908317696478,-153.06479789778066 2105.0579606446317,32.66345793976934,-192.15296392099737
2075.113393068309,-31.100222085440375,-181.4831473839371 2105.2846933883643,-0.3411477812761383,-156.11442678261528
2108.543385872546,0.0,-161.10640163430995 2142.904203254431,35.58856260514254,-168.37196703203298
2142.904203254431,35.58856260514254,-168.37196703203298 2130.1503136387223,70.9334663283957,-135.38596878331725
2142.904203254431,35.58856260514254,-168.37196703203298 2155.761289564298,-10.986570758363648,-181.2347926855299
2142.904203254431,35.58856260514254,-168.37196703203298 2097.0687112473015,53.75773079902507,-176.67792872269558
2142.904203254431,35.58856260514254,-168.37196703203298 2172.0221446489513,9.3750180321537,-199.43634486042706
2142.904203254431,35.58856260514254,-168.37196703203298 2112.699950681805,55.36847429131824,-202.9618242190191
2108.543385872546,0.0,-161.10640163430995 2082.185642710175,25.347095941217734,-127.00663473286042
2082.185642710175,25.347095941217734,-127.00663473286042 2046.6799565522526,21.925041306949005,-162.04426867887878
2046.6799565522526,21.925041306949005,-162.04426867887878 2003.067888578151,-1.849967906686782,-167.76584747444497
2082.185642710175,25.347095941217734,-127.00663473286042 2085.222307101846,-16.463973692350276,-154.2575636247218
2085.222307101846,-16.463973692350276,-154.2575636247218 2119.3881028203737,6.962003734301209,-182.25617045659553
2119.3881028203737,6.962003734301209,-182.25617045659553 2081.3086980743833,39.111039733178615,-178.2066743726441
2081.3086980743833,39.111039733178615,-178.2066743726441 2107.9286078275654,56.852350557863446,-139.77977890925342
2107.9286078275654,56.852350557863446,-139.77977890925342 2151.5771895080647,35.081549295065216,-150.77220947107676
2108.543385872546,0.0,-161.10640163430995 2096.3645762307665,-40.80533800350016,-134.9033295600397
2096.3645762307665,-40.80533800350016,-134.9033295600397 2120.577660048796,-63.304809733679996,-172.41999710772976
2120.577660048796,-63.304809733679996,-172.41999710772976 2089.190302770273,-67.4945438297372,-211.11469869948084
2108.543385872546,0.0,-161.10640163430995 2153.8616357636483,-21.07712054519061,-159.68822804440254
2139.0289239150306,0.0,-200.73760108953996 2102.014889364412,32.33086487045082,-191.53562179081092
2102.014889364412,32.33086487045082,-191.53562179081092 2063.0262785335535,1.804040736004822,-184.60732952326987
2063.0262785335535,1.804040736004822,-184.60732952326987 2111.5983594621675,2.2185458783341474,-172.7506377523265
2111.5983594621675,2.2185458783341474,-172.7506377523265 2160.434282815256,2.6929753142018242,-162.03487800503632
2160.434282815256,2.6929753142018242,-162.03487800503632 2157.4822951155948,-46.24071360540574,-152.1972026017653
2157.4822951155948,-46.24071360540574,-152.1972026017653 2109.015611294993,-38.379190999131225,-161.64056120688443
2109.015611294993,-38.379190999131225,-161.64056120688443 2121.9374498587326,-83.62132278880004,-178.55728663643748
2121.9374498587326,-83.62132278880004,-178.55728663643748 2096.074721884589,-60.7887201687205,-214.74832916534223
2109.015611294993,-38.379190999131225,-161.64056120688443 2141.851620395813,-11.955880350383037,-188.54047125674563
2141.851620395813,-11.955880350383037,-188.54047125674563 2114.8376289548373,27.052829350136204,-172.77453221311347
2114.8376289548373,27.052829350136204,-172.77453221311347 2137.224030314278,-13.669933671539898,-154.3217382226514
2141.851620395813,-11.955880350383037,-188.54047125674563 2122.704304477218,-55.99817248655232,-202.45653379274486
2122.704304477218,-55.99817248655232,-202.45653379274486 2135.7093391504836,-93.62242519618326,-232.71020598619916
2109.015611294993,-38.379190999131225,-161.64056120688443 2090.1995080573406,6.80026878338257,-151.40480658349605
2157.4822951155948,-46.24071360540574,-152.1972026017653 2116.007106733345,-30.668755940533966,-175.37742872534656
2116.007106733345,-30.668755940533966,-175.37742872534656 2080.6207049794875,-52.18606333174183,-147.36300291386777
2080.6207049794875,-52.18606333174183,-147.36300291386777 2091.6720858027143,-4.019202063911202,-139.75902648665755
2080.6207049794875,-52.18606333174183,-147.36300291386777 2125.7916806515127,-73.44383836163036,-150.13608019658855
2157.4822951155948,-46.24071360540574,-152.1972026017653 2130.3392600328793,-15.711047434924726,-123.36674769696948
2130.3392600328793,-15.711047434924726,-123.36674769696948 2121.108424607055,-24.468509105732977,-171.72063629370666
2121.108424607055,-24.468509105732977,-171.72063629370666 2110.7244366578498,-58.89008400413532,-136.97401090670775
2121.108424607055,-24.468509105732977,-171.72063629370666 2162.0622134025266,-36.62171664509371,-145.73820511798445
2162.0622134025266,-36.62171664509371,-145.73820511798445 2157.537605875069,-18.54250145262833,-192.13507898624204
2157.537605875069,-18.54250145262833,-192.13507898624204 2195.343538178829,-44.517978694296666,-172.2356803844983
2195.343538178829,-44.517978694296666,-172.2356803844983 2229.426083003853,-50.66520992028363,-208.2993974212166
2195.343538178829,-44.517978694296666,-172.2356803844983 2227.1733355315705,-47.625042227564435,-133.80118862665609
2195.343538178829,-44.517978694296666,-172.2356803844983 2178.767677125648,-0.9387901289680372,-190.29378533305697
2121.108424607055,-24.468509105732977,-171.72063629370666 2154.966704835087,-45.95252196080658,-201.5879102175699
2154.966704835087,-45.95252196080658,-201.5879102175699 2122.797524292699,-77.58992171734434,-223.1336466838934
2121.108424607055,-24.468509105732977,-171.72063629370666 2084.9215873996463,-10.158571210363293,-140.32416371548274
2121.108424607055,-24.468509105732977,-171.72063629370666 2153.348616772433,-40.87616887193569,-137.20457177099468
2130.3392600328793,-15.711047434924726,-123.36674769696948 2110.176825305171,10.340039489682699,-160.98080219655046
2110.176825305171,10.340039489682699,-160.98080219655046 2121.1257420560246,51.24105014078101,-134.3870331951168
2121.1257420560246,51.24105014078101,-134.3870331951168 2095.364036156155,53.35397323176147,-177.18738442194936
2110.176825305171,10.340039489682699,-160.98080219655046 2116.1534717203785,55.62071733527931,-140.63528889580328
2116.1534717203785,55.62071733527931,-140.63528889580328 2089.9194172600637,88.33525862312626,-167.866395647072
2089.9194172600637,88.33525862312626,-167.866395647072 2137.1720915747487,72.21056352764754,-165.18703412085563
2089.9194172600637,88.33525862312626,-167.866395647072 2054.5719722474937,53.419316598705024,-173.47309910191905
2089.9194172600637,88.33525862312626,-167.866395647072 2079.937597388635,63.49648710212142,-210.09670113237092
2110.176825305171,10.340039489682699,-160.98080219655046 2071.6535216019943,-4.699235622751978,-132.8778614983721
2110.176825305171,10.340039489682699,-160.98080219655046 2146.4596074499336,36.87321216496242,-182.87944296759997
2146.4596074499336,36.87321216496242,-182.87944296759997 2187.021566865987,65.5066241545229,-176.97561656715945
2110.176825305171,10.340039489682699,-160.98080219655046 2156.9144108581077,-5.43014610721689,-152.80160034543576
2130.3392600328793,-15.711047434924726,-123.36674769696948 2105.0161158947653,20.150559041325703,-147.2975552868285
2105.0161158947653,20.150559041325703,-147.2975552868285 2130.8140415384614,-18.289227845726966,-166.18802422119577
2130.8140415384614,-18.289227845726966,-166.18802422119577 2142.8811949225283,15.93352812855274,-200.58550643618224
2142.8811949225283,15.93352812855274,-200.58550643618224 2134.820452109763,-21.602281253635116,-168.55290680189532
2157.4822951155948,-46.24071360540574,-152.1972026017653 2177.00048213347,-43.06276040647474,-198.12041012258913
2177.00048213347,-43.06276040647474,-198.12041012258913 2209.484515126165,-68.52921551216377,-226.33826377731307
2177.00048213347,-43.06276040647474,-198.12041012258913 2224.985919687758,-29.92250716658447,-203.09349040699107
2157.4822951155948,-46.24071360540574,-152.1972026017653 2108.9429031622776,-47.6496325017639,-140.28324539411466
2157.4822951155948,-46.24071360540574,-152.1972026017653 2204.5200553859177,-41.31639575205189,-135.973756530391
2204.5200553859177,-41.31639575205189,-135.973756530391 2187.734107611139,-70.80811395939807,-172.69528311196015
2157.4822951155948,-46.24071360540574,-152.1972026017653 2123.5100567205054,-80.71552257850716,-164.7421045422101
2123.5100567205054,-80.71552257850716,-164.7421045422101 2099.832687812491,-43.41304069207668,-141.33469018892646
2123.5100567205054,-80.71552257850716,-164.7421045422101 2122.595965102052,-33.58124395787859,-148.083046482823
2160.434282815256,2.6929753142018242,-162.03487800503632 2136.3544737883026,-37.8186064673091,-178.7374089146139
2136.3544737883026,-37.8186064673091,-178.7374089146139 2173.560153371618,-62.14380630535982,-201.62893703273133
2173.560153371618,-62.14380630535982,-201.62893703273133 2189.7343783287097,-91.56200918104092,-238.6824629999407
2160.434282815256,2.6929753142018242,-162.03487800503632 2127.016236536877,-15.143789773783105,-129.39925338818324
2111.5983594621675,2.2185458783341474,-172.7506377523265 2119.728243425874,-43.74520264719404,-190.67377386793612
2119.728243425874,-43.74520264719404,-190.67377386793612 2101.092015256774,-51.73660522854722,-144.97007068742803
2101.092015256774,-51.73660522854722,-144.97007068742803 2128.239024655625,-9.748441121219571,-145.15434112678727
2128.239024655625,-9.748441121219571,-145.15434112678727 2161.6494645282714,-42.17696257734732,-163.37887140017824
2161.6494645282714,-42.17696257734732,-163.37887140017824 2202.7925469373417,-24.939238808311142,-185.96443424777775
2202.7925469373417,-24.939238808311142,-185.96443424777775 2234.6748897458892,-31.869663968068267,-223.85223471367007
2234.6748897458892,-31.869663968068267,-223.85223471367007 2264.1684864804192,-22.085874162365883,-184.6807500762614
2264.1684864804192,-22.085874162365883,-184.6807500762614 2291.106657107916,-37.33521176861221,-145.41508230128773
2234.6748897458892,-31.869663968068267,-223.85223471367007 2252.2063822460955,-66.68758099893154,-192.54154286013335
2252.2063822460955,-66.68758099893154,-192.54154286013335 2210.947268908622,-94.83664450897814,-194.84714258968148
2234.6748897458892,-31.869663968068267,-223.85223471367007 2211.0223510701408,-72.85561870304147,-207.70575123723
2234.6748897458892,-31.869663968068267,-223.85223471367007 2204.123974069282,-17.136947147642317,-187.11548735615352
2204.123974069282,-17.136947147642317,-187.11548735615352 2233.177030496625,13.486334041013688,-160.31745456510447
2202.7925469373417,-24.939238808311142,-185.96443424777775 2196.4611936167366,-69.71666285329816,-164.6361370577749
2202.7925469373417,-24.939238808311142,-185.96443424777775 2175.49758479451,11.210227944113857,-207.13519462941517
2161.6494645282714,-42.17696257734732,-163.37887140017824 2164.983054458823,-13.198984690139056,-203.98877137227117
2164.983054458823,-13.198984690139056,-203.98877137227117 2182.8568366059517,-28.957497245905593,-160.0320063208398
2182.8568366059517,-28.957497245905593,-160.0320063208398 2217.8630376539277,-0.8131541408597158,-138.06699233554644
2182.8568366059517,-28.957497245905593,-160.0320063208398 2197.4815351756415,18.119306638195745,-168.39219338833863
2128.239024655625,-9.748441121219571,-145.15434112678727 2174.2143993443406,9.733451497038573,-142.56189397344338
2174.2143993443406,9.733451497038573,-142.56189397344338 2202.732178848984,25.973119711095798,-180.28469117118408
2202.732178848984,25.973119711095798,-180.28469117118408 2174.9109468301804,4.629982610561839,-215.9280572813555
2174.9109468301804,4.629982610561839,-215.9280572813555 2189.6002500993777,32.23808704411509,-254.941092782987
2174.9109468301804,4.629982610561839,-215.9280572813555 2141.6258214502736,-4.9176400554767845,-179.859465267377
2202.732178848984,25.973119711095798,-180.28469117118408 2174.862880239188,7.364041593321673,-217.39270117717342
2202.732178848984,25.973119711095798,-180.28469117118408 2162.4149388416363,51.110050183347454,-164.70730741706424
2162.4149388416363,51.110050183347454,-164.70730741706424 2154.738363584791,17.936200119607506,-128.09356868043025
2154.738363584791,17.936200119607506,-128.09356868043025 2188.2750044516533,0.39499431810838814,-160.76771470441295
2162.4149388416363,51.110050183347454,-164.70730741706424 2148.6700672315355,99.17130595738905,-163.61451382081862
2148.6700672315355,99.17130595738905,-163.61451382081862 2166.2717137611,74.06084651163982,-124.1221491679942
2166.2717137611,74.06084651163982,-124.1221491679942 2141.791658924798,97.55283294481158,-160.84888995226925
2162.4149388416363,51.110050183347454,-164.70730741706424 2206.2215189941294,75.15735596557707,-166.35370346879296
2206.2215189941294,75.15735596557707,-166.35370346879296 2224.6347961732185,101.35788261878045,-204.7527090108745
2206.2215189941294,75.15735596557707,-166.35370346879296 2176.479981626746,114.79774689547753,-159.71439914159023
2206.2215189941294,75.15735596557707,-166.35370346879296 2176.8040363086784,115.58680388131381,-166.08639525733486
2202.732178848984,25.973119711095798,-180.28469117118408 2177.0560393577325,54.35803364883208,-148.112769848809
2174.2143993443406,9.733451497038573,-142.56189397344338 2155.6724973356604,8.28218299531278,-188.97408730274427
2128.239024655625,-9.748441121219571,-145.15434112678727 2176.7620548744035,-21.802382910478897,-144.68740887401435
2176.7620548744035,-21.802382910478897,-144.68740887401435 2203.6059166148307,6.15360920143339,-176.27648280630171
2203.6059166148307,6.15360920143339,-176.27648280630171 2180.130999603901,11.2484548466019,-220.12817398442928
2203.6059166148307,6.15360920143339,-176.27648280630171 2168.0730073319096,41.33043240425153,-176.33536616020632
2176.7620548744035,-21.802382910478897,-144.68740887401435 2225.3318936158116,-26.017833722438763,-133.58782604016187
2225.3318936158116,-26.017833722438763,-133.58782604016187 2261.9285835979304,-59.18655488506704,-125.80848038718493
2225.3318936158116,-26.017833722438763,-133.58782604016187 2199.0060453995866,-56.993330958786174,-162.6991346101543
2176.7620548744035,-21.802382910478897,-144.68740887401435 2142.9681502953204,7.071552233776433,-121.79051208459833
2176.7620548744035,-21.802382910478897,-144.68740887401435 2157.3860768869995,-62.29678582818366,-166.70501113607315
2157.3860768869995,-62.29678582818366,-166.70501113607315 2195.8659057245127,-63.81799062674823,-198.59527153947099
2101.092015256774,-51.73660522854722,-144.97007068742803 2128.2195228907913,-92.30394186201195,-155.85076588734503
2101.092015256774,-51.73660522854722,-144.97007068742803 2062.8030490169863,-47.47908040118399,-176.84213598970777
2062.8030490169863,-47.47908040118399,-176.84213598970777 2112.689001439153,-44.106507527115035,-176.70983654738302
2062.8030490169863,-47.47908040118399,-176.84213598970777 2098.1787680279963,-58.32711916954088,-143.21359811881177
2101.092015256774,-51.73660522854722,-144.97007068742803 2133.9072024724264,-84.92656547159604,-162.90300204475275
2133.9072024724264,-84.92656547159604,-162.90300204475275 2153.599250176287,-94.63843567200153,-207.82407543396894
2153.599250176287,-94.63843567200153,-207.82407543396894 2166.856939822614,-55.717799144861736,-236.27434287671792
2111.5983594621675,2.2185458783341474,-172.7506377523265 2075.4372750138996,-5.636296951299383,-139.12509068395903
2075.4372750138996,-5.636296951299383,-139.12509068395903 2111.103138194107,-33.54363077212135,-160.31770549723637
2111.103138194107,-33.54363077212135,-160.31770549723637 2096.43230781434,-80.33836365680378,-170.06551090252287
2096.43230781434,-80.33836365680378,-170.06551090252287 2073.4291037282546,-111.44138127055982,-138.38815468246764
2073.4291037282546,-111.44138127055982,-138.38815468246764 2078.333899693759,-78.28930754934939,-175.49452858938827
2078.333899693759,-78.28930754934939,-175.49452858938827 2088.4738362823373,-43.854691722584974,-140.68879746874148
2096.43230781434,-80.33836365680378,-170.06551090252287 2139.236140728538,-54.50822647410494,-169.26807690750593
2139.236140728538,-54.50822647410494,-169.26807690750593 2123.4410072266305,-79.0234000457805,-128.65379342979892
2096.43230781434,-80.33836365680378,-170.06551090252287 2087.3103884811053,-47.73272837213801,-206.85767223291106
2111.103138194107,-33.54363077212135,-160.31770549723637 2128.53870166517,-2.2358447059822026,-125.44904251622432
2128.53870166517,-2.2358447059822026,-125.44904251622432 2087.8150206127984,-27.335639611933775,-139.99490437532063
2087.8150206127984,-27.335639611933775,-139.99490437532063 2060.4007950745345,-9.72061082508085,-177.9181294356389
2111.103138194107,-33.54363077212135,-160.31770549723637 2106.7404945582007,12.265405115840473,-179.8753017585746
2106.7404945582007,12.265405115840473,-179.8753017585746 2142.239053813253,-22.739090397183,-183.6881202297639
2142.239053813253,-22.739090397183,-183.6881202297639 2122.981241482347,6.483540289592355,-219.39770605726864
2111.103138194107,-33.54363077212135,-160.31770549723637 2111.5076451041214,10.340933437227086,-184.27561438585445
2111.103138194107,-33.54363077212135,-160.31770549723637 2068.9865979218785,-58.849771190433266,-151.05507667889177
2075.4372750138996,-5.636296951299383,-139.12509068395903 2097.724332461795,24.52031104065852,-172.1987367595521
2097.724332461795,24.52031104065852,-172.1987367595521 2056.514610872145,46.32101593920081,-190.2677188125136
2056.514610872145,46.32101593920081,-190.2677188125136 2022.4196849171205,26.15815218760954,-159.7555089702856
2022.4196849171205,26.15815218760954,-159.7555089702856 2068.934259519871,11.934414765901014,-148.17623251260147
2068.934259519871,11.934414765901014,-148.17623251260147 2025.1645831854744,-8.367970943878344,-161.29219866357604
2025.1645831854744,-8.367970943878344,-161.29219866357604 2062.720422905987,-34.90152007011069,-141.65728909788254
2022.4196849171205,26.15815218760954,-159.7555089702856 1991.5625356107887,-11.485788566774378,-171.19098277626222
1991.5625356107887,-11.485788566774378,-171.19098277626222 2036.1552259591176,-16.537185337354707,-149.1461339864831
2036.1552259591176,-16.537185337354707,-149.1461339864831 2031.973581486578,-63.367227969037515,-132.1325818406186
2036.1552259591176,-16.537185337354707,-149.1461339864831 2055.1333710889785,-38.49008994334426,-189.86345200707802
1991.5625356107887,-11.485788566774378,-171.19098277626222 2035.9990324328953,-16.535304800911014,-148.83253614014504
1991.5625356107887,-11.485788566774378,-171.19098277626222 2035.9793438027218,-16.51887281796286,-148.7897503779888
1991.5625356107887,-11.485788566774378,-171.19098277626222 2035.9687120339643,-16.57185597711998,-148.7806411061488
2035.9687120339643,-16.57185597711998,-148.7806411061488 2013.936119018572,-44.37432877021583,-184.01680649921127
2035.9687120339643,-16.57185597711998,-148.7806411061488 2054.9703171518768,-38.150786099232164,-189.68649371586608
1991.5625356107887,-11.485788566774378,-171.19098277626222 2036.0906004295302,-16.48403980175114,-149.00384848429005
2036.0906004295302,-16.48403980175114,-149.00384848429005 2008.040808292101,16.163777191852002,-174.44651356873453
2036.0906004295302,-16.48403980175114,-149.00384848429005 2064.054885504574,-51.19778569029951,-171.65234968474434
1991.5625356107887,-11.485788566774378,-171.19098277626222 2036.0555063995828,-16.443760621729616,-148.92454921608473
2036.0555063995828,-16.443760621729616,-148.92454921608473 2060.1003808291916,27.14494945832498,-144.24818661024588
1991.5625356107887,-11.485788566774378,-171.19098277626222 2020.0674693415112,-0.7388161349073634,-131.54288904458568
2097.724332461795,24.52031104065852,-172.1987367595521 2101.4761875409868,60.95585497206447,-138.16383229535052
2101.4761875409868,60.95585497206447,-138.16383229535052 2129.5825185431936,89.96661408552501,-167.63262957747838
2097.724332461795,24.52031104065852,-172.1987367595521 2136.1379206670968,15.96370366395607,-203.03995449482414
2136.1379206670968,15.96370366395607,-203.03995449482414 2113.940826919049,49.51426344451454,-173.347380211823
2113.940826919049,49.51426344451454,-173.347380211823 2068.7899746403396,32.942053348233344,-187.01348393713158
2068.7899746403396,32.942053348233344,-187.01348393713158 2105.1126375727704,67.12893721689468,-183.56078515970154
2136.1379206670968,15.96370366395607,-203.03995449482414 2088.722743008888,31.45550511106383,-206.4757972682765
2136.1379206670968,15.96370366395607,-203.03995449482414 2088.059638216996,17.302683569040504,-216.70325898027443
2097.724332461795,24.52031104065852,-172.1987367595521 2088.461696859866,46.82581399828398,-128.41896837833235
2088.461696859866,46.82581399828398,-128.41896837833235 2069.5105996211855,90.4747466563876,-143.76910164349985
2075.4372750138996,-5.636296951299383,-139.12509068395903 2098.7222817899897,-33.56937634354659,-173.44056146761352
2098.7222817899897,-33.56937634354659,-173.44056146761352 2099.941401564623,-50.91418779308833,-126.56123486456873
2098.7222817899897,-33.56937634354659,-173.44056146761352 2067.379660913297,5.0266530708345485,-178.73080059492509
2067.379660913297,5.0266530708345485,-178.73080059492509 2022.816387631559,23.94699968428826,-166.23539510154768
2022.816387631559,23.94699968428826,-166.23539510154768 2050.2363148882278,47.224814997789245,-131.50369627368246
2022.816387631559,23.94699968428826,-166.23539510154768 1994.0521313488196,-16.69979207549535,-170.75821282257783
1994.0521313488196,-16.69979207549535,-170.75821282257783 1959.2266345347132,-52.433614220586506,-167.55216750885236
1959.2266345347132,-52.433614220586506,-167.55216750885236 1993.1978030125556,-78.25608435997466,-141.4914739618561
1993.1978030125556,-78.25608435997466,-141.4914739618561 1958.9837739437464,-114.3640208404247,-136.43013639136475
1958.9837739437464,-114.3640208404247,-136.43013639136475 1972.766307232817,-145.91961490105587,-100.17705018320422
1972.766307232817,-145.91961490105587,-100.17705018320422 1992.6530679823306,-181.21134522976158,-70.86816898146746
1992.6530679823306,-181.21134522976158,-70.86816898146746 1967.0067047255916,-171.09575609492558,-29.1555940410664
1967.0067047255916,-171.09575609492558,-29.1555940410664 1941.3603414688525,-160.98016696008958,12.556980899334675
1941.3603414688525,-160.98016696008958,12.556980899334675 1915.7139782121135,-150.86457782525358,54.269555839735744
1915.7139782121135,-150.86457782525358,54.269555839735744 1890.0676149553744,-140.74898869041758,95.98213078013683
1890.0676149553744,-140.74898869041758,95.98213078013683 1864.4212516986354,-130.63339955558158,137.6947057205379
1864.4212516986354,-130.63339955558158,137.6947057205379 1838.7748884418963,-120.51781042074559,179.407280660939
1838.7748884418963,-120.51781042074559,179.407280660939 1810.7672348248905,-114.70541875403377,220.41688248761557
1810.7672348248905,-114.70541875403377,220.41688248761557 1798.8633309209158,-111.38565448605642,268.86557944687337
1798.8633309209158,-111.38565448605642,268.86557944687337 1761.0922852342328,-143.4834380921485,275.4291451935533
1959.2266345347132,-52.433614220586506,-167.55216750885236 1993.1267032023989,-78.2556929410569,-141.39866688503471
1959.2266345347132,-52.433614220586506,-167.55216750885236 1993.1016405742641,-78.24521690440243,-141.35588661416787
1959.2266345347132,-52.433614220586506,-167.55216750885236 1993.1440798594042,-78.20690945349862,-141.37308892530132
1959.2266345347132,-52.433614220586506,-167.55216750885236 1993.1291035497609,-78.22672275901601,-141.37320369038702
1993.1291035497609,-78.22672275901601,-141.37320369038702 1983.6359701271635,-119.17616070651216,-168.44761872755686
1959.2266345347132,-52.433614220586506,-167.55216750885236 1993.147704652405,-78.20713936082589,-141.37801224232894
2067.379660913297,5.0266530708345485,-178.73080059492509 2051.0388098017297,-8.200135000535258,-133.365299801209
2098.7222817899897,-33.56937634354659,-173.44056146761352 2081.747650085022,7.62377307457561,-196.13387148393696
2098.7222817899897,-33.56937634354659,-173.44056146761352 2060.6407300904975,-15.555156632111874,-200.37164589336683
2075.4372750138996,-5.636296951299383,-139.12509068395903 2081.040413266026,29.889214618910554,-173.86041664187167
2081.040413266026,29.889214618910554,-173.86041664187167 2047.0974853150715,8.174045482480114,-144.25756084226126
2075.4372750138996,-5.636296951299383,-139.12509068395903 2086.720389621875,-33.02547735687161,-179.40565822532207
2111.5983594621675,2.2185458783341474,-172.7506377523265 2119.257767100454,-36.557719166707976,-142.12818285747528
2119.257767100454,-36.557719166707976,-142.12818285747528 2103.788976556462,-73.31526968471346,-172.28774185661135
2111.5983594621675,2.2185458783341474,-172.7506377523265 2097.0354570488144,-31.265195083021418,-206.90852065703822
2097.0354570488144,-31.265195083021418,-206.90852065703822 2123.81475246427,-67.81079813831587,-185.75933073457065
2123.81475246427,-67.81079813831587,-185.75933073457065 2086.6129652373193,-68.42762442007691,-152.35803506421036
2086.6129652373193,-68.42762442007691,-152.35803506421036 2077.4629053702306,-23.812071383767645,-131.72483774307344
2086.6129652373193,-68.42762442007691,-152.35803506421036 2117.6924103113674,-30.126340013558753,-160.54825525052053
2086.6129652373193,-68.42762442007691,-152.35803506421036 2080.2352105576038,-98.91799088072672,-191.4689261092971
2086.6129652373193,-68.42762442007691,-152.35803506421036 2111.468733524184,-30.64543612993929,-131.03440894484953
2123.81475246427,-67.81079813831587,-185.75933073457065 2160.0969119972447,-50.375171977336024,-156.1012148133202
2160.0969119972447,-50.375171977336024,-156.1012148133202 2137.3962903304746,-65.61061222752363,-114.23758935726202
2097.0354570488144,-31.265195083021418,-206.90852065703822 2133.3295635872387,-29.330572882006138,-172.5720230558436
2133.3295635872387,-29.330572882006138,-172.5720230558436 2157.941696028578,-1.8186883755180823,-206.2964822448601
2097.0354570488144,-31.265195083021418,-206.90852065703822 2077.429872456821,-56.75663783786143,-168.62265643689932
2077.429872456821,-56.75663783786143,-168.62265643689932 2070.686354131664,-104.65765904223923,-155.97286876373985
2111.5983594621675,2.2185458783341474,-172.7506377523265 2083.1061577173373,29.600691272488447,-142.11711765839527
2083.1061577173373,29.600691272488447,-142.11711765839527 2076.728341220172,1.0184143413546032,-182.6433672031096
2083.1061577173373,29.600691272488447,-142.11711765839527 2050.786469750066,0.702594095786484,-167.02369809939717
2063.0262785335535,1.804040736004822,-184.60732952326987 2098.131476780865,-32.909949920838294,-176.69759446490266
2098.131476780865,-32.909949920838294,-176.69759446490266 2085.856207826726,7.939164187768803,-150.60798640641403
2063.0262785335535,1.804040736004822,-184.60732952326987 2091.578658187732,-10.826114941763752,-145.5529983468307
2091.578658187732,-10.826114941763752,-145.5529983468307 2127.3363456875654,-45.237097629729504,-139.4479139810946
2127.3363456875654,-45.237097629729504,-139.4479139810946 2148.2988285218644,-6.452609956187857,-163.034728715658
2148.2988285218644,-6.452609956187857,-163.034728715658 2179.3748705839835,-41.02650216386877,-181.4446604744958
2179.3748705839835,-41.02650216386877,-181.4446604744958 2218.868927362886,-13.182448157704886,-194.28709543234785
2148.2988285218644,-6.452609956187857,-163.034728715658 2116.438540246121,27.923031756152653,-180.44843848271654
2116.438540246121,27.923031756152653,-180.44843848271654 2152.6435278915305,4.334570620995471,-205.603624247702
2152.6435278915305,4.334570620995471,-205.603624247702 2196.4530506651286,-7.459883918412711,-226.61829903622598
2148.2988285218644,-6.452609956187857,-163.034728715658 2156.71817494524,-45.787046282604265,-192.73181147956393
2091.578658187732,-10.826114941763752,-145.5529983468307 2050.721145086728,-34.91627212303572,-161.37475394420065
2050.721145086728,-34.91627212303572,-161.37475394420065 2000.9344323400358,-33.35993904386952,-165.71768627444123
2063.0262785335535,1.804040736004822,-184.60732952326987 2111.5066327442355,11.614122254317373,-177.29859801835826
2111.5066327442355,11.614122254317373,-177.29859801835826 2099.9277520503188,-6.289396210333162,-222.52462535286952
2102.014889364412,32.33086487045082,-191.53562179081092 2055.021313332213,24.152086713732373,-176.54524489197533
2055.021313332213,24.152086713732373,-176.54524489197533 2015.544587460654,-0.7732232023193575,-158.6478417269754
2139.0289239150306,0.0,-200.73760108953996 2173.548097090705,10.968561477720478,-235.20667915056822
2173.548097090705,10.968561477720478,-235.20667915056822 2180.412264133815,-38.5298218465454,-233.53537454388467
2139.0289239150306,0.0,-200.73760108953996 2170.729375714598,20.820230497682648,-168.155407214255
2170.729375714598,20.820230497682648,-168.155407214255 2138.7935708304267,2.8392621863386402,-202.16701030770776
2138.7935708304267,2.8392621863386402,-202.16701030770776 2104.724051975615,-28.360726776589726,-221.2936559549397
2170.729375714598,20.820230497682648,-168.155407214255 2149.3562144300577,-22.204761295052986,-182.01318690438083
2170.729375714598,20.820230497682648,-168.155407214255 2208.6654062113,39.51828435046653,-194.82449741755394
2170.729375714598,20.820230497682648,-168.155407214255 2183.968695678098,25.76974809091832,-120.19477041178615
2139.0289239150306,0.0,-200.73760108953996 2182.1420296553865,-7.039742192024079,-176.41267265612598
2182.1420296553865,-7.039742192024079,-176.41267265612598 2149.735295219033,-39.772562571390274,-195.8643058313586
2169.5144619575153,0.0,-240.36880054476998 2181.4402030340357,2.4111257401570616,-191.87175762006225
2181.4402030340357,2.4111257401570616,-191.87175762006225 2144.3310336033596,-30.06469850269847,-183.6115891040723
2144.3310336033596,-30.06469850269847,-183.6115891040723 2188.966828524772,-49.59342213950265,-194.84879359855893
2188.966828524772,-49.59342213950265,-194.84879359855893 2228.9915253316494,-56.03800068851333,-165.58292520475965
2228.9915253316494,-56.03800068851333,-165.58292520475965 2222.913363745987,-42.06821730367409,-213.20541048135198
2222.913363745987,-42.06821730367409,-213.20541048135198 2268.0677590282867,-29.59432714126389,-195.72734849193316
2144.3310336033596,-30.06469850269847,-183.6115891040723 2172.906247940956,-70.92310616297206,-187.35960845131765
2181.4402030340357,2.4111257401570616,-191.87175762006225 2163.682362252168,46.212332247568895,-208.18474015732045
2163.682362252168,46.212332247568895,-208.18474015732045 2196.1402636073726,28.90715371710535,-242.05235648390254
2196.1402636073726,28.90715371710535,-242.05235648390254 2231.6423516014306,27.75640219313006,-206.86318884679818
2231.6423516014306,27.75640219313006,-206.86318884679818 2201.5425130562116,31.828226835920365,-167.14644220724915
2231.6423516014306,27.75640219313006,-206.86318884679818 2193.596807453684,37.882872506403054,-237.68511561162356
2196.1402636073726,28.90715371710535,-242.05235648390254 2229.7901891510282,63.09363694306708,-227.9467946181894
2163.682362252168,46.212332247568895,-208.18474015732045 2137.8716101180025,85.77172459010302,-224.5816774249366
2181.4402030340357,2.4111257401570616,-191.87175762006225 2184.980081478323,7.0791847237453265,-142.216158883108
2184.980081478323,7.0791847237453265,-142.216158883108 2154.916488277554,-28.472276619918325,-123.98777551571445
2169.5144619575153,0.0,-240.36880054476998 2138.4748490637203,14.18285648898622,-203.825825662911
2138.4748490637203,14.18285648898622,-203.825825662911 2129.43635038175,-34.47581261045471,-210.94196668506126
2138.4748490637203,14.18285648898622,-203.825825662911 2170.819380408422,-23.514954894792133,-198.10688266925627
2170.819380408422,-23.514954894792133,-198.10688266925627 2198.4180554866384,-65.08527553064887,-194.90976269041602
2198.4180554866384,-65.08527553064887,-194.90976269041602 2165.9026541731023,-28.477544608988907,-184.7794757158508
2165.9026541731023,-28.477544608988907,-184.7794757158508 2135.179791016324,-59.046886023976,-159.8471464042154
2198.4180554866384,-65.08527553064887,-194.90976269041602 2201.3844345584253,-110.20643355007742,-173.57243169077543
2198.4180554866384,-65.08527553064887,-194.90976269041602 2232.2511788029738,-43.460627131453094,-165.11556278048732
2198.4180554866384,-65.08527553064887,-194.90976269041602 2223.511250307479,-51.962061115316416,-236.11792713743495
2170.819380408422,-23.514954894792133,-198.10688266925627 2123.608842458605,-12.063410216697772,-209.94019289820284
2123.608842458605,-12.063410216697772,-209.94019289820284 2080.681857862451,-5.004874443675392,-185.29367050208134
2170.819380408422,-23.514954894792133,-198.10688266925627 2156.5148896141104,-68.05588103335953,-180.45787584637415
2170.819380408422,-23.514954894792133,-198.10688266925627 2155.606546295492,-50.70299887953103,-158.9995950806703
2138.4748490637203,14.18285648898622,-203.825825662911 2135.101301078871,-11.336031045998917,-246.69079449493864
2169.5144619575153,0.0,-240.36880054476998 2126.2667089403244,4.807888443745891,-215.7412536170603
2169.5144619575153,0.0,-240.36880054476998 2141.266147430128,-18.235757409363718,-203.3621811629806
2200.0,0.0,-280.0 2179.6407104315276,-25.6673172667649,-242.22847431471268
2179.6407104315276,-25.6673172667649,-242.22847431471268 2211.6913318909346,-4.564543536177162,-210.17491593281963
2211.6913318909346,-4.564543536177162,-210.17491593281963 2203.341901185871,36.45548929197543,-237.5179939175423
2203.341901185871,36.45548929197543,-237.5179939175423 2181.6330804832173,14.24508294535255,-198.33349502298023
2211.6913318909346,-4.564543536177162,-210.17491593281963 2173.046582862658,-25.414722010847502,-186.2614588402974
2179.6407104315276,-25.6673172667649,-242.22847431471268 2193.5221105536975,21.227632366522815,-231.82797290662512
2193.5221105536975,21.227632366522815,-231.82797290662512 2163.3360103215864,44.427042534814035,-264.24072843003495
2163.3360103215864,44.427042534814035,-264.24072843003495 2149.744292515726,71.90226833941196,-224.73911866445422
2179.6407104315276,-25.6673172667649,-242.22847431471268 2203.158662989,-66.83220813769734,-226.34270498840317
2179.6407104315276,-25.6673172667649,-242.22847431471268 2161.7067593709126,16.87841244246579,-223.0390427737696
2200.0,0.0,-280.0 2195.9430896382655,26.32656169689352,-237.6862477728988
2195.9430896382655,26.32656169689352,-237.6862477728988 2237.9191001398963,20.53196133757359,-211.1450128912516
2237.9191001398963,20.53196133757359,-211.1450128912516 2259.104098827034,-17.337344702963527,-186.3032840739145
2259.104098827034,-17.337344702963527,-186.3032840739145 2230.952075027021,-49.23729802396388,-160.03816396983905
2230.952075027021,-49.23729802396388,-160.03816396983905 2251.2354928318728,-67.88017350226676,-201.76376949036217
2251.2354928318728,-67.88017350226676,-201.76376949036217 2277.792090108274,-87.9962267011975,-239.04770094610902
2251.2354928318728,-67.88017350226676,-201.76376949036217 2285.581216301284,-103.14908693757107,-193.0187695214801
2230.952075027021,-49.23729802396388,-160.03816396983905 2223.96327442671,-6.033163313519928,-184.21582742375676
2259.104098827034,-17.337344702963527,-186.3032840739145 2261.403478463272,-40.272406611389556,-230.67327154906621
2200.0,0.0,-280.0 2230.5802493678657,-12.008579134397488,-242.30859015940024
2230.5802493678657,-12.008579134397488,-242.30859015940024 2192.4556235695245,18.8059908309161,-232.46099219902175
2192.4556235695245,18.8059908309161,-232.46099219902175 2195.13544932342,-19.28761073016681,-200.18567571669703
2195.13544932342,-19.28761073016681,-200.18567571669703 2208.5907696193813,-22.7709314426102,-152.15630103257942
2192.4556235695245,18.8059908309161,-232.46099219902175 2171.8639833817224,-19.707168939677324,-208.11513261549442
2230.5802493678657,-12.008579134397488,-242.30859015940024 2240.2866363826897,35.19208901907833,-255.64586787953147
2230.5802493678657,-12.008579134397488,-242.30859015940024 2195.0257330909726,16.42366799156703,-221.63291131481964
