起始树
1200.0,0.0,280.0 1210.0590015946837,22.688431499743164,334.6264730968385
1210.0590015946837,22.688431499743164,334.6264730968385 1177.0589337572462,65.60606336906909,308.760039298312
1177.0589337572462,65.60606336906909,308.760039298312 1153.3695164804471,43.2527952541093,258.370130450742
1177.0589337572462,65.60606336906909,308.760039298312 1215.3313725010557,66.16238178104419,262.55494279991865
1210.0590015946837,22.688431499743164,334.6264730968385 1168.69684736413,-4.314326257964584,368.68558745535404
1168.69684736413,-4.314326257964584,368.68558745535404 1204.487367532876,-46.58062300918452,391.7636901717471
1204.487367532876,-46.58062300918452,391.7636901717471 1192.597642780922,11.56558107402438,400.57580660519193
1210.0590015946837,22.688431499743164,334.6264730968385 1184.2179654299448,11.342394675062723,281.6783069500714
1184.2179654299448,11.342394675062723,281.6783069500714 1144.7355668512666,-26.845283050489584,257.5361970090628
1144.7355668512666,-26.845283050489584,257.5361970090628 1149.833075056819,29.219782433932338,278.2900844117112
1184.2179654299448,11.342394675062723,281.6783069500714 1149.9519399479937,14.760666533223429,232.5442564842897
1184.2179654299448,11.342394675062723,281.6783069500714 1230.1501458130315,3.783811106565132,319.53464881895286
1210.0590015946837,22.688431499743164,334.6264730968385 1216.735651647799,46.12842601053649,389.4533734414888
1200.0,0.0,280.0 1210.7120481828877,41.40496277418456,322.08183790420617
1210.7120481828877,41.40496277418456,322.08183790420617 1204.7540355325987,84.83912073173963,363.04494335017
1210.7120481828877,41.40496277418456,322.08183790420617 1169.005318300235,29.466827212933488,280.63271726435835
1200.0,0.0,280.0 1202.2700497131282,-37.28016231973952,233.04218519017522
1202.2700497131282,-37.28016231973952,233.04218519017522 1196.8523804375473,-95.43791905972388,219.31905906697614
1196.8523804375473,-95.43791905972388,219.31905906697614 1232.342680970125,-96.85048826700563,170.96160652507774
1232.342680970125,-96.85048826700563,170.96160652507774 1224.3813112981059,-104.15249238766542,229.9810722018129
1232.342680970125,-96.85048826700563,170.96160652507774 1203.625784904412,-90.42422204864913,223.24968339583148
1232.342680970125,-96.85048826700563,170.96160652507774 1227.944630014722,-41.235000309445596,193.0426990486866
1232.342680970125,-96.85048826700563,170.96160652507774 1175.9691751190444,-113.88366533646301,182.44632319457781
1232.342680970125,-96.85048826700563,170.96160652507774 1210.0246696596118,-144.1300674977269,200.39878979572646
1232.342680970125,-96.85048826700563,170.96160652507774 1229.9513339040275,-152.15165645999002,147.80858824018193
1229.9513339040275,-152.15165645999002,147.80858824018193 1286.2723880653734,-164.5814016747031,131.27255812252542
1286.2723880653734,-164.5814016747031,131.27255812252542 1248.0061076459997,-198.61526315799682,162.53576421853916
1286.2723880653734,-164.5814016747031,131.27255812252542 1245.1218110492325,-174.42213694749051,173.81418409673535
1286.2723880653734,-164.5814016747031,131.27255812252542 1257.1258130698543,-173.73057905707438,182.91333386472823
1286.2723880653734,-164.5814016747031,131.27255812252542 1270.66416095858,-207.64028629160697,92.51284060380615
1286.2723880653734,-164.5814016747031,131.27255812252542 1342.8442310820492,-179.4972531727032,117.96301448699091
1342.8442310820492,-179.4972531727032,117.96301448699091 1297.7060289211986,-216.9855557583177,130.49975548836704
1342.8442310820492,-179.4972531727032,117.96301448699091 1289.4752790790526,-204.15413649791083,129.9543891700261
1342.8442310820492,-179.4972531727032,117.96301448699091 1303.3967537880785,-156.22820409833656,156.72443719457982
1342.8442310820492,-179.4972531727032,117.96301448699091 1378.3436612441776,-182.29795601854224,166.25324664354065
1378.3436612441776,-182.29795601854224,166.25324664354065 1380.8659847858676,-242.03312914915642,161.21866870625664
1380.8659847858676,-242.03312914915642,161.21866870625664 1349.7821510896879,-282.45139780479917,129.59338069763083
1380.8659847858676,-242.03312914915642,161.21866870625664 1374.0380764268107,-192.2601707255816,194.02159963026722
1380.8659847858676,-242.03312914915642,161.21866870625664 1397.161212151908,-193.09539237899162,130.5663688756876
1397.161212151908,-193.09539237899162,130.5663688756876 1359.1038300130424,-237.26841109590768,144.72193605511666
1397.161212151908,-193.09539237899162,130.5663688756876 1396.3129917782244,-248.50534730297554,107.56599023707085
1396.3129917782244,-248.50534730297554,107.56599023707085 1347.3562304415013,-260.4480364960537,74.9990177917133
1396.3129917782244,-248.50534730297554,107.56599023707085 1362.003911667278,-268.2051038777542,152.6748210004052
1396.3129917782244,-248.50534730297554,107.56599023707085 1380.4483659395576,-261.34128837610876,163.9889666187379
1396.3129917782244,-248.50534730297554,107.56599023707085 1341.1451786547857,-270.75870536750494,99.73652984511672
1396.3129917782244,-248.50534730297554,107.56599023707085 1388.914092569848,-192.991624769865,129.0946432609157
1396.3129917782244,-248.50534730297554,107.56599023707085 1388.7737356700204,-295.57205260759866,71.12583561195065
1388.7737356700204,-295.57205260759866,71.12583561195065 1348.6064185528824,-332.0167776540976,45.46714016778682
1397.161212151908,-193.09539237899162,130.5663688756876 1402.5051772260076,-217.25895632830952,185.22498406628705
1380.8659847858676,-242.03312914915642,161.21866870625664 1407.3281305749972,-199.64137398006687,194.42550435674917
1407.3281305749972,-199.64137398006687,194.42550435674917 1401.4831103826314,-259.35565476024505,194.6265263875803
1401.4831103826314,-259.35565476024505,194.6265263875803 1341.6803103368907,-255.72743989890398,191.39215417506247
1401.4831103826314,-259.35565476024505,194.6265263875803 1391.0665638437604,-308.9445663969914,162.49499357499104
1401.4831103826314,-259.35565476024505,194.6265263875803 1371.3062906883279,-222.79387431854298,157.84887333480552
1401.4831103826314,-259.35565476024505,194.6265263875803 1356.6218020256351,-219.5459369940607,196.2542191949735
1401.4831103826314,-259.35565476024505,194.6265263875803 1354.7554831327227,-247.84681015114322,158.79252929882202
1401.4831103826314,-259.35565476024505,194.6265263875803 1392.6309680337224,-203.84791817911074,173.63770184988746
1401.4831103826314,-259.35565476024505,194.6265263875803 1370.1182982774944,-296.82658597607684,159.81018144116385
1407.3281305749972,-199.64137398006687,194.42550435674917 1358.9102644757318,-206.87118243553613,159.73486999975256
1407.3281305749972,-199.64137398006687,194.42550435674917 1367.5780531785924,-232.3178280013015,225.28292971237425
1407.3281305749972,-199.64137398006687,194.42550435674917 1406.504795953511,-251.751577864756,164.6959101584223
1407.3281305749972,-199.64137398006687,194.42550435674917 1377.8734520348135,-234.30930859599115,155.3031805305698
1407.3281305749972,-199.64137398006687,194.42550435674917 1377.396027684393,-220.77266681332662,146.9119517665533
1407.3281305749972,-199.64137398006687,194.42550435674917 1386.7175082875056,-175.9583871352857,143.2950986960048
1407.3281305749972,-199.64137398006687,194.42550435674917 1424.8637807727778,-212.12678515603645,250.43099944346415
1424.8637807727778,-212.12678515603645,250.43099944346415 1481.2793158290212,-207.2641032038632,270.2714059047689
1380.8659847858676,-242.03312914915642,161.21866870625664 1327.4235305090617,-263.7513636429574,144.71950595950545
1380.8659847858676,-242.03312914915642,161.21866870625664 1352.7008111904497,-193.6921140214203,182.89513642495945
1380.8659847858676,-242.03312914915642,161.21866870625664 1365.689336291116,-239.29419642503885,103.23446751317724
1365.689336291116,-239.29419642503885,103.23446751317724 1341.2713725967942,-232.2047273029207,157.58060331499217
1380.8659847858676,-242.03312914915642,161.21866870625664 1339.465948066097,-235.95495217988423,118.21759052986818
1380.8659847858676,-242.03312914915642,161.21866870625664 1380.8572106452866,-291.06844322803335,126.64211745833214
1380.8572106452866,-291.06844322803335,126.64211745833214 1353.8063234418782,-336.13977032737466,97.71419020778997
1342.8442310820492,-179.4972531727032,117.96301448699091 1380.2954349780564,-215.51992418029914,147.95925592184753
1286.2723880653734,-164.5814016747031,131.27255812252542 1344.20711936042,-164.0531803060731,115.67486944899206
1229.9513339040275,-152.15165645999002,147.80858824018193 1197.8264231039943,-170.74479234955467,194.949710457224
1196.8523804375473,-95.43791905972388,219.31905906697614 1188.5771410345021,-154.4250192876142,212.10501585064378
1188.5771410345021,-154.4250192876142,212.10501585064378 1151.4697880023296,-200.8548652566625,220.30951182761694
1188.5771410345021,-154.4250192876142,212.10501585064378 1163.6653428488087,-206.77216050117872,196.63959901428237
1188.5771410345021,-154.4250192876142,212.10501585064378 1158.1458651602632,-138.38773123572383,261.2653946185769
1188.5771410345021,-154.4250192876142,212.10501585064378 1156.7952853882455,-159.96831407340653,262.69340913011365
1188.5771410345021,-154.4250192876142,212.10501585064378 1202.05746030516,-133.1074976374504,266.5462159022217
1196.8523804375473,-95.43791905972388,219.31905906697614 1232.6342663019875,-68.89107645244763,179.13296953877406
1196.8523804375473,-95.43791905972388,219.31905906697614 1145.1586525588486,-94.50489382049378,188.8742243342005
1196.8523804375473,-95.43791905972388,219.31905906697614 1196.728911929334,-56.13694181812251,173.98234168048452
1202.2700497131282,-37.28016231973952,233.04218519017522 1245.8551160155625,-16.380387897085306,268.5885130524815
1245.8551160155625,-16.380387897085306,268.5885130524815 1203.7808372689688,-32.52327071259606,308.2011676259712
1203.7808372689688,-32.52327071259606,308.2011676259712 1158.9658219774653,-43.39878091240708,269.81708652043835
1158.9658219774653,-43.39878091240708,269.81708652043835 1110.0651129177993,-43.65068764548238,235.05133906033421
1110.0651129177993,-43.65068764548238,235.05133906033421 1101.999237446521,-73.14306946698426,286.6763433448529
1203.7808372689688,-32.52327071259606,308.2011676259712 1179.8850438470522,12.027876197771803,340.5150402770155
1203.7808372689688,-32.52327071259606,308.2011676259712 1235.3421765612295,14.576009111483579,288.56600268824167
1203.7808372689688,-32.52327071259606,308.2011676259712 1218.4119551802487,-71.57712114807171,351.3373143573347
1245.8551160155625,-16.380387897085306,268.5885130524815 1201.1373470725814,23.53403768323294,271.2642879599397
1201.1373470725814,23.53403768323294,271.2642879599397 1177.798704837859,33.652288450623395,325.60514533307867
1177.798704837859,33.652288450623395,325.60514533307867 1234.9089663253546,42.7766369481516,341.57900827619756
1234.9089663253546,42.7766369481516,341.57900827619756 1218.1864478234806,35.44852932292537,284.4243390567227
1234.9089663253546,42.7766369481516,341.57900827619756 1184.9189020235933,16.535685869744974,361.8867889921312
1177.798704837859,33.652288450623395,325.60514533307867 1143.1237682483952,-14.922714723817798,331.7791099523235
1201.1373470725814,23.53403768323294,271.2642879599397 1158.3773813478504,41.45341167052219,309.3494736247554
1158.3773813478504,41.45341167052219,309.3494736247554 1162.5439170664995,-3.454861667086341,269.7781839573733
1245.8551160155625,-16.380387897085306,268.5885130524815 1217.9068484502184,-64.6357594565668,290.73153578543986
1245.8551160155625,-16.380387897085306,268.5885130524815 1203.1284355383116,19.17089598931819,291.1835786514846
1245.8551160155625,-16.380387897085306,268.5885130524815 1242.6926585258693,38.961290767162346,245.625554505094
1242.6926585258693,38.961290767162346,245.625554505094 1222.3295674649812,-13.550322343320268,266.3106943639629
1222.3295674649812,-13.550322343320268,266.3106943639629 1234.8754950423431,-69.3988542036733,284.29794513407
1234.8754950423431,-69.3988542036733,284.29794513407 1241.1846534171736,-34.71208447952902,235.74876875891925
1241.1846534171736,-34.71208447952902,235.74876875891925 1191.7754765517745,-66.04855866877206,222.45370851570814
1242.6926585258693,38.961290767162346,245.625554505094 1215.5847403752646,59.493942250479165,295.05804378698997
1215.5847403752646,59.493942250479165,295.05804378698997 1177.1705198403797,103.9828709768329,283.0130082337572
1177.1705198403797,103.9828709768329,283.0130082337572 1128.7864029120244,139.25877891293842,286.8323731478036
1242.6926585258693,38.961290767162346,245.625554505094 1227.2668373172642,-15.753498470697693,226.4334759648029
1227.2668373172642,-15.753498470697693,226.4334759648029 1205.3406985750212,-71.58142086325059,224.8562882185279
1227.2668373172642,-15.753498470697693,226.4334759648029 1180.5427675915093,-31.00716373780259,192.02145765459744
1242.6926585258693,38.961290767162346,245.625554505094 1192.6231411401122,18.94651605775711,271.94004142939326
1242.6926585258693,38.961290767162346,245.625554505094 1241.1206171500328,-14.359057572072068,273.0931561276485
1242.6926585258693,38.961290767162346,245.625554505094 1206.0826531654193,0.6260844869843183,217.5164907184072
1206.0826531654193,0.6260844869843183,217.5164907184072 1175.7938970626406,-30.146247903144005,259.17768144812413
1242.6926585258693,38.961290767162346,245.625554505094 1203.623918158607,77.659060845737,221.6231355215579
1203.623918158607,77.659060845737,221.6231355215579 1237.6711802551274,28.347565120682646,224.64973973895923
1237.6711802551274,28.347565120682646,224.64973973895923 1242.5021155402526,-25.043980789443715,197.7052618334996
1242.5021155402526,-25.043980789443715,197.7052618334996 1203.6326851941656,-66.11069150684843,217.77246531140548
1242.5021155402526,-25.043980789443715,197.7052618334996 1191.236834703108,-44.39717011257551,173.26502771613298
1191.236834703108,-44.39717011257551,173.26502771613298 1151.0102470969637,-71.57052977787392,208.52733300188459
1191.236834703108,-44.39717011257551,173.26502771613298 1159.0594314144996,-15.771353877808558,215.040347732808
1242.5021155402526,-25.043980789443715,197.7052618334996 1197.2116462180381,-27.44946312255309,158.42438807388666
1242.5021155402526,-25.043980789443715,197.7052618334996 1235.5866641461155,21.54690346887093,160.53718364745862
1242.5021155402526,-25.043980789443715,197.7052618334996 1205.1865829304816,-48.7942913359267,238.24504198824062
1205.1865829304816,-48.7942913359267,238.24504198824062 1183.0149414605926,-97.35530424670097,210.8544169568487
1205.1865829304816,-48.7942913359267,238.24504198824062 1218.4137301454375,2.1977873510099997,209.52483154787063
1242.5021155402526,-25.043980789443715,197.7052618334996 1209.897594589865,-62.04589852494362,163.53212475931454
1242.5021155402526,-25.043980789443715,197.7052618334996 1201.917007571216,-23.2839216129667,241.86124900213775
1242.5021155402526,-25.043980789443715,197.7052618334996 1209.3681591888612,2.641484941657154,156.04405777317345
1242.5021155402526,-25.043980789443715,197.7052618334996 1210.5497068844493,25.382735333790187,203.72106453300051
1242.5021155402526,-25.043980789443715,197.7052618334996 1191.6627752955924,1.4461601086031557,215.41497438591833
1242.5021155402526,-25.043980789443715,197.7052618334996 1197.119546938093,13.853661419654784,192.47115277433497
1242.5021155402526,-25.043980789443715,197.7052618334996 1189.5015545257827,-0.8503951681768349,183.36612144999356
1189.5015545257827,-0.8503951681768349,183.36612144999356 1197.0088379001397,-34.67570271407308,232.35070336882427
1242.5021155402526,-25.043980789443715,197.7052618334996 1199.0163542930352,3.4958328188967513,167.79761050560046
1199.0163542930352,3.4958328188967513,167.79761050560046 1226.1019973654963,-16.41447680613366,217.49617698378634
1242.5021155402526,-25.043980789443715,197.7052618334996 1208.6853014063086,-74.10283165960762,204.75169590537595
1242.5021155402526,-25.043980789443715,197.7052618334996 1247.1342345252633,19.493761234174556,237.6418742229641
1242.5021155402526,-25.043980789443715,197.7052618334996 1215.602459905698,25.78128355337504,214.82837578000377
1215.602459905698,25.78128355337504,214.82837578000377 1173.6640823938562,68.28960669265109,220.67773092062743
1242.5021155402526,-25.043980789443715,197.7052618334996 1200.0545143025954,-66.50516923410515,188.80745300631494
1242.5021155402526,-25.043980789443715,197.7052618334996 1231.7709880171467,-6.2512082946996586,253.6666289008223
1242.5021155402526,-25.043980789443715,197.7052618334996 1205.9486091388094,14.039987281489374,224.8398266833351
1205.9486091388094,14.039987281489374,224.8398266833351 1162.1176454994106,32.293439374504274,261.5230396441665
1205.9486091388094,14.039987281489374,224.8398266833351 1229.2754212712173,-23.53755837665571,265.38348090997545
1242.5021155402526,-25.043980789443715,197.7052618334996 1199.6334102977723,-8.656547348913652,236.3540151906978
1242.5021155402526,-25.043980789443715,197.7052618334996 1215.376426792592,-71.98511101663286,172.0006454590211
1242.5021155402526,-25.043980789443715,197.7052618334996 1207.069955272765,-5.1663577769242615,241.85774899052421
1242.5021155402526,-25.043980789443715,197.7052618334996 1203.4800984850672,-66.56414292249667,216.50308940451993
1242.5021155402526,-25.043980789443715,197.7052618334996 1201.9925701984207,15.514275559752164,215.4254361585729
1242.5021155402526,-25.043980789443715,197.7052618334996 1205.5231824855325,-60.361123089241396,229.09408101980168
1242.5021155402526,-25.043980789443715,197.7052618334996 1222.9464098419971,-62.65557122532642,155.24418978477905
1242.5021155402526,-25.043980789443715,197.7052618334996 1202.9314196792045,1.8913228861963596,161.53000171040614
1242.5021155402526,-25.043980789443715,197.7052618334996 1195.0006100623577,-18.752837673343592,161.59392710842636
1242.5021155402526,-25.043980789443715,197.7052618334996 1233.7054421772498,-50.824353903758706,144.24508132659014
1242.5021155402526,-25.043980789443715,197.7052618334996 1221.587509798637,31.060276284913265,201.56422604779982
1242.5021155402526,-25.043980789443715,197.7052618334996 1200.9119318231817,-60.35208492487289,222.67713402486672
1242.5021155402526,-25.043980789443715,197.7052618334996 1192.7557485527382,-57.63212408199218,205.6621386258014
1242.5021155402526,-25.043980789443715,197.7052618334996 1207.1514084592407,-6.671406401664861,242.56923423049122
1242.5021155402526,-25.043980789443715,197.7052618334996 1244.7999435954114,10.885450763896934,149.70738756304118
1237.6711802551274,28.347565120682646,224.64973973895923 1189.8703068310747,8.462144075355777,254.97541417082888
1237.6711802551274,28.347565120682646,224.64973973895923 1185.5309450284776,57.57078367162414,229.88418030443856
1237.6711802551274,28.347565120682646,224.64973973895923 1201.023388588887,28.43351336860488,272.1569179216983
1201.023388588887,28.43351336860488,272.1569179216983 1168.2090965719558,-20.531532789583945,260.94770322333505
1237.6711802551274,28.347565120682646,224.64973973895923 1211.5101531424268,34.962665886792365,278.2393012436288
1211.5101531424268,34.962665886792365,278.2393012436288 1177.2519221765167,68.7813362263605,242.42490263706313
1237.6711802551274,28.347565120682646,224.64973973895923 1204.7843187528374,62.43835103279883,187.8221324799551
1237.6711802551274,28.347565120682646,224.64973973895923 1213.5566033063972,10.510332912054768,172.6851332676382
1237.6711802551274,28.347565120682646,224.64973973895923 1207.768359974679,-1.0278130885180197,181.72062963472317
1207.768359974679,-1.0278130885180197,181.72062963472317 1183.9834820712406,53.54254444167738,174.21358879660505
1237.6711802551274,28.347565120682646,224.64973973895923 1209.712372830714,76.88358068141619,246.15695436319152
1237.6711802551274,28.347565120682646,224.64973973895923 1197.0122253468974,1.973482853713051,260.0228534037985
1237.6711802551274,28.347565120682646,224.64973973895923 1186.6956966028943,-2.1833142494541313,216.32114614177388
1186.6956966028943,-2.1833142494541313,216.32114614177388 1203.4512679622696,-7.644247550799389,273.67469037313884
1203.4512679622696,-7.644247550799389,273.67469037313884 1174.9517316802605,36.23412347270611,244.30693615130502
1174.9517316802605,36.23412347270611,244.30693615130502 1137.6418583434697,19.08656739561486,200.55839706511796
1237.6711802551274,28.347565120682646,224.64973973895923 1207.7466801442567,62.01856844817867,264.2829054973774
1203.623918158607,77.659060845737,221.6231355215579 1234.6381870801836,123.20714059615216,245.36102831577946
1234.6381870801836,123.20714059615216,245.36102831577946 1215.8319701920605,77.58169105322398,211.23413920524683
1203.623918158607,77.659060845737,221.6231355215579 1152.955610366922,94.71787043736074,194.3886059525753
1203.623918158607,77.659060845737,221.6231355215579 1189.261185491414,101.961362967187,274.5675405321774
1203.623918158607,77.659060845737,221.6231355215579 1225.0764907453054,117.22954395646573,181.9499204288033
1225.0764907453054,117.22954395646573,181.9499204288033 1214.0065615680903,76.96540581922983,225.0342081457544
1203.623918158607,77.659060845737,221.6231355215579 1187.1324209142206,32.733915403417605,257.81376725996284
1187.1324209142206,32.733915403417605,257.81376725996284 1235.144338126223,59.08404818593708,282.3194055493732
1203.623918158607,77.659060845737,221.6231355215579 1227.732641533973,127.46429255587871,244.82245343198733
1203.623918158607,77.659060845737,221.6231355215579 1171.4976910601595,111.20296475324646,259.6061849391961
1171.4976910601595,111.20296475324646,259.6061849391961 1204.51278609142,113.2935102926645,209.54988544128616
1203.623918158607,77.659060845737,221.6231355215579 1187.642881917599,26.341373443385827,194.95665018250062
1187.642881917599,26.341373443385827,194.95665018250062 1202.5524550001214,-31.33535432083564,202.10505594244503
1187.642881917599,26.341373443385827,194.95665018250062 1153.9996995468164,-15.930944680855362,221.05621723579125
1203.623918158607,77.659060845737,221.6231355215579 1166.344786291134,31.723561379140854,211.6133295313353
1242.6926585258693,38.961290767162346,245.625554505094 1241.3588702008253,-14.714496518664447,218.84625526200978
1241.3588702008253,-14.714496518664447,218.84625526200978 1245.9316021949376,39.36541600279007,244.42853787677754
1241.3588702008253,-14.714496518664447,218.84625526200978 1215.033858019769,-6.5309048454355185,165.5543932097874
1241.3588702008253,-14.714496518664447,218.84625526200978 1186.7864741241078,-25.286901665658526,196.26135243171862
1186.7864741241078,-25.286901665658526,196.26135243171862 1240.0756281085737,-23.233813240947764,223.75773211232763
1241.3588702008253,-14.714496518664447,218.84625526200978 1239.8114820270664,44.22362821125292,229.97742964571316
1241.3588702008253,-14.714496518664447,218.84625526200978 1198.2989479243142,-56.08964200792577,213.02041375341275
1241.3588702008253,-14.714496518664447,218.84625526200978 1201.145498868906,23.99761053298087,196.84040300077882
1241.3588702008253,-14.714496518664447,218.84625526200978 1234.0291704670767,-74.20477459613033,221.5262396050362
1241.3588702008253,-14.714496518664447,218.84625526200978 1209.4149908465408,-12.356404187475242,168.11137601354298
1241.3588702008253,-14.714496518664447,218.84625526200978 1186.956780299735,-32.66473841855843,236.68445668841463
1186.956780299735,-32.66473841855843,236.68445668841463 1199.6239886037238,-80.38267822333387,270.78049831455047
1241.3588702008253,-14.714496518664447,218.84625526200978 1231.5081498359928,-59.097469526070654,258.0012679081286
1241.3588702008253,-14.714496518664447,218.84625526200978 1237.7235910040313,-46.2317480458509,269.77215831078666
1237.7235910040313,-46.2317480458509,269.77215831078666 1246.293449445835,11.6330146329882,283.12231810043244
1246.293449445835,11.6330146329882,283.12231810043244 1244.2516551809713,-44.64132402772568,303.83535468320446
1241.3588702008253,-14.714496518664447,218.84625526200978 1210.8107697958153,12.205195649770676,174.77649538971056
1241.3588702008253,-14.714496518664447,218.84625526200978 1239.0593748428514,32.824376324500584,255.38073062296226
1241.3588702008253,-14.714496518664447,218.84625526200978 1238.742486346865,-49.767891549669685,170.2210145702761
1238.742486346865,-49.767891549669685,170.2210145702761 1244.3394680558931,-44.152018140595004,229.69483874194052
1238.742486346865,-49.767891549669685,170.2210145702761 1183.5376073067869,-38.96884840032759,191.09688574321135
1238.742486346865,-49.767891549669685,170.2210145702761 1235.4126580082977,-76.75836321873267,223.70397150346355
1235.4126580082977,-76.75836321873267,223.70397150346355 1195.938575068035,-64.45693500808565,180.22441722787832
1241.3588702008253,-14.714496518664447,218.84625526200978 1214.3192671736724,-56.51127872962976,252.34086475283846
1242.6926585258693,38.961290767162346,245.625554505094 1214.9077555190843,82.55585353868992,276.08065689636646
1214.9077555190843,82.55585353868992,276.08065689636646 1197.7377321901301,25.254578663392834,271.4165174742633
1214.9077555190843,82.55585353868992,276.08065689636646 1212.2123530915167,118.17965028648034,324.28522007274614
1214.9077555190843,82.55585353868992,276.08065689636646 1234.1284756723462,41.05111158892574,237.24870726113087
1245.8551160155625,-16.380387897085306,268.5885130524815 1220.5996521002958,-70.2403174090926,276.41599894427753
1245.8551160155625,-16.380387897085306,268.5885130524815 1224.4270421054075,-27.952073573053674,323.42402836069687
1224.4270421054075,-27.952073573053674,323.42402836069687 1195.1865070035064,-79.97934605023798,317.2471338708006
1245.8551160155625,-16.380387897085306,268.5885130524815 1225.8130425924064,-58.81062282905107,231.19880248233926
1225.8130425924064,-58.81062282905107,231.19880248233926 1229.9025671807137,-98.89431230387306,275.65747572758664
1245.8551160155625,-16.380387897085306,268.5885130524815 1208.7291773216814,26.75866790532782,249.59676377616523
1208.7291773216814,26.75866790532782,249.59676377616523 1204.3390663673138,67.9360553301938,206.17845323014296
1202.2700497131282,-37.28016231973952,233.04218519017522 1194.0417450419957,-83.19486300097489,195.3044684655033
1202.2700497131282,-37.28016231973952,233.04218519017522 1240.8624490500122,3.435337805625146,254.3230395659728
1202.2700497131282,-37.28016231973952,233.04218519017522 1223.5840433677026,-50.07279088726328,178.43392273085382
1202.2700497131282,-37.28016231973952,233.04218519017522 1204.832502775157,20.982758219595176,247.14416819016748
1204.832502775157,20.982758219595176,247.14416819016748 1232.2015719558726,-10.947300636114768,289.9390907120287
1202.2700497131282,-37.28016231973952,233.04218519017522 1177.8599214934447,-6.932824921374042,278.6841040053212
1202.2700497131282,-37.28016231973952,233.04218519017522 1241.8248247589595,3.372851259404655,252.6062404448404
1200.0,0.0,280.0 1181.3946505158399,-30.521438949523045,328.1900688422708
1181.3946505158399,-30.521438949523045,328.1900688422708 1136.8287505909643,-22.36235827341386,288.85420776860514
1136.8287505909643,-22.36235827341386,288.85420776860514 1166.8886820487135,25.73991612942961,269.2947671316909
1181.3946505158399,-30.521438949523045,328.1900688422708 1126.3337766051634,-15.994912905264366,347.0919260335115
1126.3337766051634,-15.994912905264366,347.0919260335115 1152.4834496168025,-43.810290111463495,393.3790667127672
1152.4834496168025,-43.810290111463495,393.3790667127672 1202.1870998985037,-52.68649396188593,425.79449751169534
1152.4834496168025,-43.810290111463495,393.3790667127672 1110.2847758672378,-79.38890674749538,416.9042441200488
1181.3946505158399,-30.521438949523045,328.1900688422708 1133.1501367757976,4.962668474117486,324.53698598878924
1133.1501367757976,4.962668474117486,324.53698598878924 1136.2620226807962,50.15807801431287,363.8776916587221
1136.2620226807962,50.15807801431287,363.8776916587221 1086.7167421207307,19.538057966638952,349.46660056524655
1086.7167421207307,19.538057966638952,349.46660056524655 1134.670530809478,39.031947133239925,379.8050651861739
1134.670530809478,39.031947133239925,379.8050651861739 1087.3328292999608,2.414808258367202,375.52404236281143
1134.670530809478,39.031947133239925,379.8050651861739 1158.0352337528336,76.93948940719321,420.0183577039122
1086.7167421207307,19.538057966638952,349.46660056524655 1139.653363979763,47.011209210798185,342.9137365448828
1139.653363979763,47.011209210798185,342.9137365448828 1189.2231639383979,59.147294185850406,311.3613931526838
1189.2231639383979,59.147294185850406,311.3613931526838 1144.2368127358427,33.84757790820456,341.9580034510647
1144.2368127358427,33.84757790820456,341.9580034510647 1096.948133886175,61.39628864660258,366.5516894152519
1096.948133886175,61.39628864660258,366.5516894152519 1056.3759791951493,55.95737684756902,410.4187442761589
1136.2620226807962,50.15807801431287,363.8776916587221 1157.6359783925,22.238951609016382,315.2600364499483
1133.1501367757976,4.962668474117486,324.53698598878924 1094.4713890458622,43.46543679353636,349.4667133395883
1181.3946505158399,-30.521438949523045,328.1900688422708 1221.5923677558806,10.682849152010157,345.1119532153419
1181.3946505158399,-30.521438949523045,328.1900688422708 1149.8052945777881,-81.4263289763478,324.9030089438285
1200.0,0.0,280.0 1225.3581224817958,-46.42294572548481,308.31741044599477
1225.3581224817958,-46.42294572548481,308.31741044599477 1219.860550327952,-9.076539657020284,354.95454858913814
1225.3581224817958,-46.42294572548481,308.31741044599477 1229.4587948823466,-100.57672721984048,333.8233398688749
1200.0,0.0,280.0 1219.4045454009067,-19.210800215430815,333.4266672446163
1219.4045454009067,-19.210800215430815,333.4266672446163 1217.8221093750558,-76.29326530548096,315.01232295905197
1200.0,0.0,280.0 1227.7146971316347,-47.74190990329988,256.49243522423143
1227.7146971316347,-47.74190990329988,256.49243522423143 1193.2201019033203,-3.244051815316908,277.2304082596194
1193.2201019033203,-3.244051815316908,277.2304082596194 1143.6065694275167,-36.75344252700501,281.1823861699598
1143.6065694275167,-36.75344252700501,281.1823861699598 1193.5607270004678,-60.11327756641904,304.8234573831711
1227.7146971316347,-47.74190990329988,256.49243522423143 1192.2949566223456,-37.5109213760733,209.15567513220174
1192.2949566223456,-37.5109213760733,209.15567513220174 1144.9719150056985,-10.30175381292841,184.2520422110837
1200.0,0.0,280.0 1240.156752025739,43.62546677463306,270.8210068395987
目标树
2480.0,0.0,0.0 2489.6916487595345,29.79783242373146,-51.16796973858774
2489.6916487595345,29.79783242373146,-51.16796973858774 2487.8567772955967,15.331122662735416,-109.36889374673325
2487.8567772955967,15.331122662735416,-109.36889374673325 2487.1031405542703,-14.014399014994543,-161.69739830327495
2487.1031405542703,-14.014399014994543,-161.69739830327495 2477.3997929606307,1.2045693848016725,-218.9182690264911
2477.3997929606307,1.2045693848016725,-218.9182690264911 2473.1866928899567,-44.12458285169747,-258.00174053702574
2473.1866928899567,-44.12458285169747,-258.00174053702574 2480.063101042408,3.263126747628604,-221.847626112097
2480.063101042408,3.263126747628604,-221.847626112097 2466.7886138094327,-38.53686794730959,-262.7933027117664
2466.7886138094327,-38.53686794730959,-262.7933027117664 2464.4637561985646,17.216116915234473,-284.84323958256317
2464.4637561985646,17.216116915234473,-284.84323958256317 2433.2791784972487,28.983265795371416,-334.73368276383076
2480.063101042408,3.263126747628604,-221.847626112097 2475.0300396754874,-52.37945080288845,-199.97134085130588
2473.1866928899567,-44.12458285169747,-258.00174053702574 2449.1067233030026,-85.81586641309738,-293.80665555849055
2449.1067233030026,-85.81586641309738,-293.80665555849055 2443.7515951498176,-61.59153845587053,-348.4372746057216
2443.7515951498176,-61.59153845587053,-348.4372746057216 2452.159027373317,-62.39741500101807,-289.03470188028115
2443.7515951498176,-61.59153845587053,-348.4372746057216 2447.8156669198984,-108.05654352976342,-310.694902871413
2449.1067233030026,-85.81586641309738,-293.80665555849055 2471.218502792462,-134.77550336237766,-267.0854438044516
2471.218502792462,-134.77550336237766,-267.0854438044516 2454.184875616736,-168.3218006956755,-313.8240946243494
2454.184875616736,-168.3218006956755,-313.8240946243494 2467.797651436679,-123.16502081729857,-276.73558473932195
2471.218502792462,-134.77550336237766,-267.0854438044516 2457.219226024512,-188.29442996300355,-243.8530365789584
2473.1866928899567,-44.12458285169747,-258.00174053702574 2471.2540580754194,-81.8176040097629,-211.35947345392535
2471.2540580754194,-81.8176040097629,-211.35947345392535 2473.7212597292587,-43.885371228081404,-257.78208251670446
2473.1866928899567,-44.12458285169747,-258.00174053702574 2477.1577040039606,-75.79703304178405,-207.19734141953847
2473.1866928899567,-44.12458285169747,-258.00174053702574 2473.036005524394,-2.869940117121935,-214.43533437171996
2477.3997929606307,1.2045693848016725,-218.9182690264911 2459.4137686437793,-40.32902150380546,-258.30689374444034
2459.4137686437793,-40.32902150380546,-258.30689374444034 2449.9340476905327,-56.97009032797133,-315.16821380507514
2487.1031405542703,-14.014399014994543,-161.69739830327495 2476.6152464150196,-40.661877460686675,-214.42230673382835
2476.6152464150196,-40.661877460686675,-214.42230673382835 2459.953217475195,-48.76298029842373,-271.4902392740988
2459.953217475195,-48.76298029842373,-271.4902392740988 2477.4506498385826,-21.82159841277416,-220.81478364930678
2477.4506498385826,-21.82159841277416,-220.81478364930678 2479.373999896822,-81.24313192906129,-212.72886507896268
2479.373999896822,-81.24313192906129,-212.72886507896268 2480.509625393814,-129.91452922788233,-177.66028313285463
2480.509625393814,-129.91452922788233,-177.66028313285463 2478.2127213245244,-175.9710436820592,-216.04676132542497
2478.2127213245244,-175.9710436820592,-216.04676132542497 2453.026903145291,-195.94259886088278,-266.71047167496204
2453.026903145291,-195.94259886088278,-266.71047167496204 2443.4217426682508,-142.2788151716433,-291.7691869725351
2453.026903145291,-195.94259886088278,-266.71047167496204 2455.3043159284657,-187.62318022255178,-326.08724040259847
2455.3043159284657,-187.62318022255178,-326.08724040259847 2451.4913877560243,-137.74693339654908,-292.953849672046
2451.4913877560243,-137.74693339654908,-292.953849672046 2460.8225938436035,-81.84483453109976,-273.25908043276183
2451.4913877560243,-137.74693339654908,-292.953849672046 2447.5248167500167,-187.93290955847397,-325.59790136801365
2447.5248167500167,-187.93290955847397,-325.59790136801365 2462.0122264992547,-135.99897512038777,-299.27336124784716
2455.3043159284657,-187.62318022255178,-326.08724040259847 2442.8203999841076,-130.8209531530659,-311.33397491184127
2442.8203999841076,-130.8209531530659,-311.33397491184127 2462.1226765664205,-90.05192053768202,-271.77000015770847
2455.3043159284657,-187.62318022255178,-326.08724040259847 2447.058817641572,-233.18287100768825,-287.92539645391605
2447.058817641572,-233.18287100768825,-287.92539645391605 2453.703679314127,-270.9983339876965,-241.81860115256993
2447.058817641572,-233.18287100768825,-287.92539645391605 2452.7387430540334,-266.2962024932427,-337.6370221086527
2478.2127213245244,-175.9710436820592,-216.04676132542497 2471.2667023408435,-185.0249854310246,-274.9515910007978
2471.2667023408435,-185.0249854310246,-274.9515910007978 2443.2138433023374,-217.3293762298821,-317.01658160914576
2443.2138433023374,-217.3293762298821,-317.01658160914576 2451.4714408617015,-177.7336846736118,-361.3335455476681
2451.4714408617015,-177.7336846736118,-361.3335455476681 2414.148591870738,-224.7016931797383,-362.3390902588448
2414.148591870738,-224.7016931797383,-362.3390902588448 2423.2834524444143,-168.99310910603864,-342.0140322563928
2423.2834524444143,-168.99310910603864,-342.0140322563928 2435.0821913175337,-153.85244588136555,-398.8607566837595
2451.4714408617015,-177.7336846736118,-361.3335455476681 2427.5166984175103,-212.35120861989915,-404.08629224610485
2427.5166984175103,-212.35120861989915,-404.08629224610485 2386.875391692031,-186.46442568252286,-439.8376370711416
2427.5166984175103,-212.35120861989915,-404.08629224610485 2392.974519170593,-163.4954472513618,-408.55310699202437
2451.4714408617015,-177.7336846736118,-361.3335455476681 2407.538248916622,-169.88438520752743,-401.4367018250551
2451.4714408617015,-177.7336846736118,-361.3335455476681 2429.296217104921,-150.76802553640675,-410.1301917298885
2443.2138433023374,-217.3293762298821,-317.01658160914576 2438.4564398389957,-273.24458272452324,-295.7831929264925
2438.4564398389957,-273.24458272452324,-295.7831929264925 2465.5224521269743,-219.70260060824518,-294.9542599453973
2478.2127213245244,-175.9710436820592,-216.04676132542497 2463.7591655503834,-158.8915562164297,-271.7188893015963
2463.7591655503834,-158.8915562164297,-271.7188893015963 2452.316763131644,-206.17034644522573,-306.84419956911034
2452.316763131644,-206.17034644522573,-306.84419956911034 2438.839367504947,-257.41957783932287,-278.70390659558615
2438.839367504947,-257.41957783932287,-278.70390659558615 2451.1924257790943,-313.671454181827,-295.5303250862555
2451.1924257790943,-313.671454181827,-295.5303250862555 2415.751872025759,-284.2759334945754,-333.9994102480101
2451.1924257790943,-313.671454181827,-295.5303250862555 2405.0921549612412,-344.99124546687887,-273.3079106273946
2405.0921549612412,-344.99124546687887,-273.3079106273946 2360.591655418921,-376.65100548459014,-248.46107710469218
2360.591655418921,-376.65100548459014,-248.46107710469218 2305.8124882014818,-363.0660258681219,-228.0971097165835
2305.8124882014818,-363.0660258681219,-228.0971097165835 2251.0333209840423,-349.48104625165365,-207.73314232847483
2251.0333209840423,-349.48104625165365,-207.73314232847483 2196.254153766603,-335.89606663518543,-187.36917494036615
2196.254153766603,-335.89606663518543,-187.36917494036615 2141.4749865491635,-322.3110870187172,-167.00520755225745
2141.4749865491635,-322.3110870187172,-167.00520755225745 2086.695819331724,-308.726107402249,-146.64124016414877
2086.695819331724,-308.726107402249,-146.64124016414877 2139.078948285464,-334.86520068183836,-133.49758756919604
2086.695819331724,-308.726107402249,-146.64124016414877 2080.983077443772,-347.2020445106208,-192.32457239543695
2086.695819331724,-308.726107402249,-146.64124016414877 2064.0680150628527,-306.7140908189214,-202.17442180574082
2086.695819331724,-308.726107402249,-146.64124016414877 2066.1415554093123,-336.6942144627213,-97.69936420846226
2066.1415554093123,-336.6942144627213,-97.69936420846226 2096.5693951776734,-354.415847053234,-146.28012485872185
2096.5693951776734,-354.415847053234,-146.28012485872185 2142.436170748919,-391.6151875027798,-156.88427351930645
2066.1415554093123,-336.6942144627213,-97.69936420846226 2111.6049046720327,-321.64474514103915,-133.8462499242699
2066.1415554093123,-336.6942144627213,-97.69936420846226 2053.242280745391,-385.4091403648744,-130.26414130723015
2066.1415554093123,-336.6942144627213,-97.69936420846226 2068.592017698429,-329.06255739425916,-157.16156266226153
2066.1415554093123,-336.6942144627213,-97.69936420846226 2108.965604497755,-364.56509179744523,-66.24598575298621
2066.1415554093123,-336.6942144627213,-97.69936420846226 2118.1866937861014,-306.93343441266563,-95.33302903501777
2066.1415554093123,-336.6942144627213,-97.69936420846226 2073.581997322045,-385.0009500737043,-62.898514811445594
2066.1415554093123,-336.6942144627213,-97.69936420846226 2091.4002748640105,-339.4291951127518,-152.05483286022556
2066.1415554093123,-336.6942144627213,-97.69936420846226 2125.201390800393,-339.84703832228945,-107.79864860335911
2125.201390800393,-339.84703832228945,-107.79864860335911 2081.974443312977,-330.53903399762197,-67.2426124754019
2066.1415554093123,-336.6942144627213,-97.69936420846226 2100.8404817706287,-385.44770016358,-102.06767525371943
2066.1415554093123,-336.6942144627213,-97.69936420846226 2096.766620627916,-354.5766399435084,-146.09692860255518
2066.1415554093123,-336.6942144627213,-97.69936420846226 2122.4237558369878,-327.9599230583278,-116.56801727862303
2066.1415554093123,-336.6942144627213,-97.69936420846226 2089.1209091843875,-343.7488839467018,-42.72499801337346
2066.1415554093123,-336.6942144627213,-97.69936420846226 2104.812852036795,-375.2534477811706,-122.55326416486048
2066.1415554093123,-336.6942144627213,-97.69936420846226 2087.735371798327,-321.20632131466846,-151.49371576689282
2066.1415554093123,-336.6942144627213,-97.69936420846226 2096.6557967750787,-354.6863414710081,-146.12626210198255
2066.1415554093123,-336.6942144627213,-97.69936420846226 2075.68132605348,-352.6235074195098,-40.64456246528304
2075.68132605348,-352.6235074195098,-40.64456246528304 2120.5571822861475,-384.15122079002066,-64.97891713130758
2120.5571822861475,-384.15122079002066,-64.97891713130758 2153.1929008107545,-424.42810373480603,-95.18955394410361
2153.1929008107545,-424.42810373480603,-95.18955394410361 2096.1296101603875,-410.4108534430002,-83.05293355749579
2096.1296101603875,-410.4108534430002,-83.05293355749579 2125.5016493082558,-452.3429558951508,-114.34162321108192
2125.5016493082558,-452.3429558951508,-114.34162321108192 2069.318759176022,-436.260246153511,-100.74642906919833
2069.318759176022,-436.260246153511,-100.74642906919833 2090.103675987503,-481.55636305143014,-134.15674225404987
2090.103675987503,-481.55636305143014,-134.15674225404987 2035.0613753754812,-463.15723686461496,-118.93119468105628
2066.1415554093123,-336.6942144627213,-97.69936420846226 2048.697583649042,-365.6040374814854,-48.10168298997561
2048.697583649042,-365.6040374814854,-48.10168298997561 2079.2423130744546,-407.258484132021,-78.6291555117227
2048.697583649042,-365.6040374814854,-48.10168298997561 2079.2988317374193,-407.2322193558251,-78.60837224447323
2079.2988317374193,-407.2322193558251,-78.60837224447323 2114.279570589042,-435.4754604915884,-38.875926566643386
2048.697583649042,-365.6040374814854,-48.10168298997561 2096.488314298239,-340.7052714917695,-74.4853430128998
2096.488314298239,-340.7052714917695,-74.4853430128998 2119.3282307122536,-323.47227203254243,-21.746723881952683
2048.697583649042,-365.6040374814854,-48.10168298997561 2079.198880165629,-415.1139453746111,-62.881396492660684
2048.697583649042,-365.6040374814854,-48.10168298997561 2093.9629968662452,-328.10792987366926,-36.05658936066217
2048.697583649042,-365.6040374814854,-48.10168298997561 2085.225005431844,-397.87643698677323,-13.112546274812168
2085.225005431844,-397.87643698677323,-13.112546274812168 2111.540721816193,-357.0406597572795,22.099985148555533
2085.225005431844,-397.87643698677323,-13.112546274812168 2125.6017801984385,-406.82814365060904,-56.581880376593666
2048.697583649042,-365.6040374814854,-48.10168298997561 2040.5924537209596,-408.3068824637859,-89.46318561338764
2066.1415554093123,-336.6942144627213,-97.69936420846226 2066.9661889600116,-386.34973990134347,-64.0296630972049
2066.1415554093123,-336.6942144627213,-97.69936420846226 2051.2271025059763,-344.9722202621216,-40.1751630877229
2051.2271025059763,-344.9722202621216,-40.1751630877229 2090.0047232475417,-379.12494112600587,-70.66922459511999
2090.0047232475417,-379.12494112600587,-70.66922459511999 2121.3514607007164,-418.07854589850234,-103.83545329646424
2121.3514607007164,-418.07854589850234,-103.83545329646424 2157.5407345713083,-454.0663327438111,-135.3824920591743
2157.5407345713083,-454.0663327438111,-135.3824920591743 2104.33080846973,-435.5077732505744,-114.78434569110115
2104.33080846973,-435.5077732505744,-114.78434569110115 2134.260148636281,-475.2279678564157,-148.3483254561554
2134.260148636281,-475.2279678564157,-148.3483254561554 2082.1035736588105,-455.0164413446936,-126.64150895337343
2157.5407345713083,-454.0663327438111,-135.3824920591743 2174.6312713846614,-487.50905062345475,-88.59041824048165
2090.0047232475417,-379.12494112600587,-70.66922459511999 2096.3105868402868,-322.32773696978063,-88.95347148652263
2051.2271025059763,-344.9722202621216,-40.1751630877229 2100.914875326815,-357.65294628452745,-9.025132274745943
2051.2271025059763,-344.9722202621216,-40.1751630877229 2103.9669459238803,-347.38284723775723,-68.683018037531
2103.9669459238803,-347.38284723775723,-68.683018037531 2067.9962015309343,-312.3444878472766,-101.52230729660069
2051.2271025059763,-344.9722202621216,-40.1751630877229 2090.0005509907955,-379.1334471311667,-70.66500190980743
2090.0005509907955,-379.1334471311667,-70.66500190980743 2121.052555600376,-418.7756282610191,-103.28816063171206
2121.052555600376,-418.7756282610191,-103.28816063171206 2157.135887606707,-455.0337813835161,-134.64640489803625
2157.135887606707,-455.0337813835161,-134.64640489803625 2102.826794911029,-440.1319126850133,-113.94720781542361
2102.826794911029,-440.1319126850133,-113.94720781542361 2048.517702215351,-425.23004398651045,-93.24801073281095
2048.517702215351,-425.23004398651045,-93.24801073281095 2057.3437755807963,-473.75916694557367,-127.40975327870433
2048.517702215351,-425.23004398651045,-93.24801073281095 2048.4126478926682,-369.2163923923391,-71.74313224731212
2157.135887606707,-455.0337813835161,-134.64640489803625 2111.3487588310036,-472.4464234070021,-169.29230994089951
2051.2271025059763,-344.9722202621216,-40.1751630877229 2059.7165834291227,-370.60529729058646,-93.75570130551537
2051.2271025059763,-344.9722202621216,-40.1751630877229 2059.50401272304,-298.22638252094634,-3.4829376014651032
2059.50401272304,-298.22638252094634,-3.4829376014651032 2114.4078273301466,-320.5578195071456,-12.803777891905328
2059.50401272304,-298.22638252094634,-3.4829376014651032 2072.212209291258,-356.7158732515194,0.6981165792093122
2059.50401272304,-298.22638252094634,-3.4829376014651032 2066.5791428264647,-350.21820023394116,-32.58265280485382
2059.50401272304,-298.22638252094634,-3.4829376014651032 2106.120840061062,-323.23293550065273,24.828609813152603
2059.50401272304,-298.22638252094634,-3.4829376014651032 2081.4035908069945,-308.33164788178135,51.45604757055899
2059.50401272304,-298.22638252094634,-3.4829376014651032 2060.702006901154,-355.72363099849554,13.623529814695644
2059.50401272304,-298.22638252094634,-3.4829376014651032 2069.551251341763,-329.349470357775,-53.786082628784165
2059.50401272304,-298.22638252094634,-3.4829376014651032 2066.716876819197,-312.12901624461887,54.436759972639784
2066.716876819197,-312.12901624461887,54.436759972639784 2112.652628464816,-320.49948396794895,92.11755071334304
2112.652628464816,-320.49948396794895,92.11755071334304 2055.336592367399,-316.2924208599951,109.35624631612176
2055.336592367399,-316.2924208599951,109.35624631612176 2080.777836983773,-324.12219664569835,163.12833650718133
2080.777836983773,-324.12219664569835,163.12833650718133 2021.3338471370625,-317.5550701437972,158.30289138655138
2021.3338471370625,-317.5550701437972,158.30289138655138 1961.889857290352,-310.987943641896,153.4774462659214
1961.889857290352,-310.987943641896,153.4774462659214 1902.4458674436414,-304.4208171399948,148.65200114529145
1902.4458674436414,-304.4208171399948,148.65200114529145 1843.001877596931,-297.8536906380936,143.82655602466147
1843.001877596931,-297.8536906380936,143.82655602466147 1886.550871554377,-300.969881772757,102.67106455503398
1843.001877596931,-297.8536906380936,143.82655602466147 1880.7619972906493,-327.0915368876272,180.14902437972643
1880.7619972906493,-327.0915368876272,180.14902437972643 1842.7774222312585,-347.9335136669072,138.6425904026975
1843.001877596931,-297.8536906380936,143.82655602466147 1886.5049140942162,-279.552787345434,180.87467006827495
1843.001877596931,-297.8536906380936,143.82655602466147 1880.839049185193,-331.5883380983051,111.72792666240252
1843.001877596931,-297.8536906380936,143.82655602466147 1834.5134831483522,-351.747974835117,118.85951193498579
1834.5134831483522,-351.747974835117,118.85951193498579 1873.9627212011883,-328.5202736550196,80.0750883226803
1834.5134831483522,-351.747974835117,118.85951193498579 1843.8810144594224,-303.19530249073443,152.843145721783
1843.001877596931,-297.8536906380936,143.82655602466147 1828.8017687949925,-308.92005014865475,201.06196986256538
1828.8017687949925,-308.92005014865475,201.06196986256538 1818.6472196691532,-359.3981390855293,231.86534093347095
1818.6472196691532,-359.3981390855293,231.86534093347095 1866.5683962135042,-330.98456727938463,254.14155640697993
1866.5683962135042,-330.98456727938463,254.14155640697993 1874.4887465395484,-277.3705011254042,279.8864580604984
1874.4887465395484,-277.3705011254042,279.8864580604984 1913.057320170511,-238.8075848194318,304.89378926659845
1913.057320170511,-238.8075848194318,304.89378926659845 1854.4495109721033,-241.1616467315561,292.2611690523703
1854.4495109721033,-241.1616467315561,292.2611690523703 1795.8417017736956,-243.51570864368037,279.62854883814214
1795.8417017736956,-243.51570864368037,279.62854883814214 1737.2338925752879,-245.86977055580465,266.995928623914
1737.2338925752879,-245.86977055580465,266.995928623914 1678.6260833768802,-248.2238324679289,254.36330840968583
1678.6260833768802,-248.2238324679289,254.36330840968583 1709.809431247764,-228.76335202790344,301.78575580126227
1678.6260833768802,-248.2238324679289,254.36330840968583 1736.952794750906,-244.69851981817177,267.9856030406412
1678.6260833768802,-248.2238324679289,254.36330840968583 1691.9364476081762,-283.40144964730166,301.1112436968376
1678.6260833768802,-248.2238324679289,254.36330840968583 1636.533811688946,-219.06323454248528,285.63470416970483
1636.533811688946,-219.06323454248528,285.63470416970483 1580.9576016729068,-214.35395597542143,263.5189275468748
1580.9576016729068,-214.35395597542143,263.5189275468748 1569.2145585057744,-205.43692121513445,321.678943264365
1569.2145585057744,-205.43692121513445,321.678943264365 1522.062194821391,-203.748862775209,284.6140669300369
1522.062194821391,-203.748862775209,284.6140669300369 1576.0531391078664,-212.44512773781662,259.92899227439096
1636.533811688946,-219.06323454248528,285.63470416970483 1671.984607878111,-199.23219996554658,329.7931814663976
1737.2338925752879,-245.86977055580465,266.995928623914 1706.3035770593942,-295.54771565714384,280.2404502308121
1795.8417017736956,-243.51570864368037,279.62854883814214 1798.9686999371063,-269.94525770941715,333.40308573682535
1795.8417017736956,-243.51570864368037,279.62854883814214 1833.9886184676325,-229.61804095974088,235.45086691963687
1828.8017687949925,-308.92005014865475,201.06196986256538 1841.671522673067,-280.30816226753274,252.2061709707642
1902.4458674436414,-304.4208171399948,148.65200114529145 1866.5569020364462,-325.9338161727817,191.65401312864472
1902.4458674436414,-304.4208171399948,148.65200114529145 1950.9199390084439,-320.67175718633035,117.24863614182706
1902.4458674436414,-304.4208171399948,148.65200114529145 1932.1213207043622,-352.0402438032802,127.39740921717491
1961.889857290352,-310.987943641896,153.4774462659214 1915.5299809782027,-341.63512359779355,176.0940823790361
2051.2271025059763,-344.9722202621216,-40.1751630877229 2062.4158119421977,-386.5676800431916,1.5936112150166721
2051.2271025059763,-344.9722202621216,-40.1751630877229 2084.6187961658834,-376.6506412205106,-1.6852625928395355
2051.2271025059763,-344.9722202621216,-40.1751630877229 2091.5297676815653,-314.86807362147573,-72.87738831449977
2051.2271025059763,-344.9722202621216,-40.1751630877229 2090.00087218655,-379.1269486744243,-70.6718729404208
2090.00087218655,-379.1269486744243,-70.6718729404208 2121.3111979911187,-418.0172104444055,-103.94665374321652
2121.3111979911187,-418.0172104444055,-103.94665374321652 2157.471852268222,-453.99271432614603,-135.5404854625046
2157.471852268222,-453.99271432614603,-135.5404854625046 2102.117431543903,-439.0488770299334,-117.86084086371775
2102.117431543903,-439.0488770299334,-117.86084086371775 2131.0094109428333,-479.19597971179377,-151.82352145085545
2131.0094109428333,-479.19597971179377,-151.82352145085545 2076.7599870917807,-462.1619591700257,-132.67039752781216
2051.2271025059763,-344.9722202621216,-40.1751630877229 2089.9933145849845,-379.1323341509394,-70.6754486625884
2089.9933145849845,-379.1323341509394,-70.6754486625884 2120.663997536087,-418.3513585472211,-104.15943487565434
2120.663997536087,-418.3513585472211,-104.15943487565434 2156.5980724805177,-454.47001152899844,-135.84831564904243
2156.5980724805177,-454.47001152899844,-135.84831564904243 2099.7888743597887,-442.71359121697446,-120.53487089200627
2099.7888743597887,-442.71359121697446,-120.53487089200627 2042.9796762390597,-430.95717090495054,-105.2214261349701
2042.9796762390597,-430.95717090495054,-105.2214261349701 2054.982834372306,-476.95111114818127,-141.83401489526406
2066.1415554093123,-336.6942144627213,-97.69936420846226 2113.8399452745525,-363.1652954253402,-122.68226790146824
2113.8399452745525,-363.1652954253402,-122.68226790146824 2135.5502565889055,-413.32531553332836,-97.93080803745029
2066.1415554093123,-336.6942144627213,-97.69936420846226 2096.169738104829,-310.7840535622974,-52.677460582351195
2066.1415554093123,-336.6942144627213,-97.69936420846226 2047.2374787195529,-381.1426708133494,-62.10483355340237
2066.1415554093123,-336.6942144627213,-97.69936420846226 2079.905654255131,-307.0746803997371,-148.03059491916756
2086.695819331724,-308.726107402249,-146.64124016414877 2121.9514751005795,-319.82013095855285,-193.9060407840621
2086.695819331724,-308.726107402249,-146.64124016414877 2051.8292510639794,-352.18106791987225,-168.9120466974223
2086.695819331724,-308.726107402249,-146.64124016414877 2084.407290012972,-333.7564147216777,-92.15962538400328
2086.695819331724,-308.726107402249,-146.64124016414877 2125.939161862675,-332.81722082847915,-185.10652738370527
2086.695819331724,-308.726107402249,-146.64124016414877 2113.67623851981,-320.21355584586547,-94.29531855901863
2086.695819331724,-308.726107402249,-146.64124016414877 2056.4239711580703,-348.5584032757506,-179.76228201969872
2086.695819331724,-308.726107402249,-146.64124016414877 2137.630828512028,-339.4049499594622,-154.66828564502725
2141.4749865491635,-322.3110870187172,-167.00520755225745 2136.103779150506,-358.64195436144695,-214.45221176965327
2141.4749865491635,-322.3110870187172,-167.00520755225745 2111.891939230718,-356.8919566844448,-127.902691462924
2111.891939230718,-356.8919566844448,-127.902691462924 2154.1282583488346,-398.35380539050743,-118.05340472589675
2141.4749865491635,-322.3110870187172,-167.00520755225745 2138.717464010497,-340.18466685662935,-109.79566977028854
2141.4749865491635,-322.3110870187172,-167.00520755225745 2181.9848213425307,-329.31869743032854,-210.70700020808778
2141.4749865491635,-322.3110870187172,-167.00520755225745 2107.2897421664015,-360.5297209318021,-135.84906709313728
2141.4749865491635,-322.3110870187172,-167.00520755225745 2082.7544715849144,-316.586471276079,-156.0905432453478
2196.254153766603,-335.89606663518543,-187.36917494036615 2150.9567939607387,-314.81778101362215,-154.14486050238443
2251.0333209840423,-349.48104625165365,-207.73314232847483 2226.0389530172233,-389.23599197467047,-170.38577481081379
2226.0389530172233,-389.23599197467047,-170.38577481081379 2239.5364924602823,-447.5252973288383,-165.89430397024785
2251.0333209840423,-349.48104625165365,-207.73314232847483 2191.851766783296,-348.4770593232242,-217.5583981842611
2191.851766783296,-348.4770593232242,-217.5583981842611 2170.9266007581396,-335.18219976115654,-162.91972931280588
2305.8124882014818,-363.0660258681219,-228.0971097165835 2343.0581649517403,-373.3498655562392,-182.1950160313892
2463.7591655503834,-158.8915562164297,-271.7188893015963 2438.691152392355,-185.03579679231436,-319.55269953054596
2463.7591655503834,-158.8915562164297,-271.7188893015963 2451.0422709197765,-139.1152534242922,-326.9201432622423
2451.0422709197765,-139.1152534242922,-326.9201432622423 2461.294557857728,-154.531709193474,-269.848052849688
2461.294557857728,-154.531709193474,-269.848052849688 2459.8558934142166,-146.57145457118824,-329.3002571062784
2478.2127213245244,-175.9710436820592,-216.04676132542497 2455.378452059062,-225.0364398876332,-241.9539619133388
2478.2127213245244,-175.9710436820592,-216.04676132542497 2469.967763447282,-131.49870191826156,-255.47050401490688
2469.967763447282,-131.49870191826156,-255.47050401490688 2452.3174401628607,-160.06839226782765,-305.1921178391315
2480.509625393814,-129.91452922788233,-177.66028313285463 2476.8469944788417,-99.70270667957959,-229.36938207192486
2479.373999896822,-81.24313192906129,-212.72886507896268 2481.539464496998,-111.74922711494652,-161.1082401352922
2481.539464496998,-111.74922711494652,-161.1082401352922 2474.3627913260852,-138.67263763300258,-214.2460358015986
2474.3627913260852,-138.67263763300258,-214.2460358015986 2481.497621109603,-164.92920144528574,-160.76999386942367
2474.3627913260852,-138.67263763300258,-214.2460358015986 2483.2244238551343,-110.81232302489438,-161.8506701777447
2481.539464496998,-111.74922711494652,-161.1082401352922 2480.6709151826517,-158.82319231758902,-198.30081227260143
2480.6709151826517,-158.82319231758902,-198.30081227260143 2471.2647068417796,-218.05509767413642,-200.06280900390323
2480.6709151826517,-158.82319231758902,-198.30081227260143 2462.8882597704496,-121.07695542298971,-241.4169202461613
2480.6709151826517,-158.82319231758902,-198.30081227260143 2466.6138389777248,-118.91753121065841,-240.84416451696126
2479.373999896822,-81.24313192906129,-212.72886507896268 2468.329469496666,-120.25875456162115,-256.95328750406304
2468.329469496666,-120.25875456162115,-256.95328750406304 2476.464511897175,-157.16452090765384,-210.35086808667694
2476.464511897175,-157.16452090765384,-210.35086808667694 2472.3326824914566,-186.21528077820747,-262.6861462143938
2472.3326824914566,-186.21528077820747,-262.6861462143938 2472.1693552247716,-233.44731225147967,-225.68467966086672
2472.1693552247716,-233.44731225147967,-225.68467966086672 2470.3690073612984,-267.4100268804,-176.25500474179597
2472.1693552247716,-233.44731225147967,-225.68467966086672 2467.5080986049657,-269.424686719589,-177.89450061636268
2472.3326824914566,-186.21528077820747,-262.6861462143938 2461.319515497223,-235.5800751490823,-294.9634947653262
2461.319515497223,-235.5800751490823,-294.9634947653262 2424.8991620491306,-275.67983286790627,-320.7620855331885
2424.8991620491306,-275.67983286790627,-320.7620855331885 2438.107327998558,-239.1138850022076,-366.4619302696358
2476.464511897175,-157.16452090765384,-210.35086808667694 2454.2319324566843,-195.72197856025105,-250.5881004814435
2454.2319324566843,-195.72197856025105,-250.5881004814435 2454.8561010495305,-245.46132025484502,-284.13818693969466
2476.464511897175,-157.16452090765384,-210.35086808667694 2471.8202561448566,-118.13540482657558,-255.6847294536152
2477.4506498385826,-21.82159841277416,-220.81478364930678 2485.861592687941,-10.016417955130473,-162.59198953267838
2485.861592687941,-10.016417955130473,-162.59198953267838 2480.104495518438,31.906499670198485,-205.12814838559765
2477.4506498385826,-21.82159841277416,-220.81478364930678 2484.3713288483104,17.047140797182347,-175.63375539327103
2477.4506498385826,-21.82159841277416,-220.81478364930678 2474.0191273966548,-79.85802239551465,-235.64711809220995
2477.4506498385826,-21.82159841277416,-220.81478364930678 2485.8723311751037,20.609163363506976,-179.23707641874182
2459.953217475195,-48.76298029842373,-271.4902392740988 2440.642451320672,-42.900335819360116,-327.99443124458395
2440.642451320672,-42.900335819360116,-327.99443124458395 2465.112838173975,-28.774416816718023,-275.06373523952
2465.112838173975,-28.774416816718023,-275.06373523952 2450.7292882990123,-30.69351413056859,-333.2825514289139
2440.642451320672,-42.900335819360116,-327.99443124458395 2412.591414236344,-73.57858899845115,-371.260862809635
2440.642451320672,-42.900335819360116,-327.99443124458395 2450.180056971082,-101.97500542168098,-323.6106554937164
2450.180056971082,-101.97500542168098,-323.6106554937164 2463.1569524558067,-158.5031753317557,-308.24295591973134
2463.1569524558067,-158.5031753317557,-308.24295591973134 2451.083933202921,-196.67011917221066,-352.9366535067402
2450.180056971082,-101.97500542168098,-323.6106554937164 2446.8713607943623,-153.8703715630952,-353.54263676223115
2450.180056971082,-101.97500542168098,-323.6106554937164 2419.8585071839216,-65.37929164930031,-360.23520125191993
2459.953217475195,-48.76298029842373,-271.4902392740988 2476.334395302352,-106.47847000740563,-270.7291475270293
2476.334395302352,-106.47847000740563,-270.7291475270293 2476.4580092369915,-119.2551148283932,-212.10541456235453
2476.4580092369915,-119.2551148283932,-212.10541456235453 2460.023221157977,-167.75335904551218,-243.3754968880306
2476.334395302352,-106.47847000740563,-270.7291475270293 2450.1908245835007,-114.74419304382873,-324.09759825171847
2476.334395302352,-106.47847000740563,-270.7291475270293 2454.6661495197636,-71.69685837999374,-314.5552426908154
2459.953217475195,-48.76298029842373,-271.4902392740988 2440.9537220882758,-41.49402305863708,-327.9365096175732
2440.9537220882758,-41.49402305863708,-327.9365096175732 2461.6179542517616,-3.4475907138172275,-286.3978710394422
2459.953217475195,-48.76298029842373,-271.4902392740988 2480.843032547417,-57.379247878180074,-215.90808782921138
2459.953217475195,-48.76298029842373,-271.4902392740988 2462.3508576308045,-108.15454373784816,-279.6690847858463
2462.3508576308045,-108.15454373784816,-279.6690847858463 2442.045918552133,-153.93046812529448,-312.71865657560244
2442.045918552133,-153.93046812529448,-312.71865657560244 2442.526087907366,-211.87966135753135,-297.1732250562406
2462.3508576308045,-108.15454373784816,-279.6690847858463 2471.9125133234916,-63.2786210192872,-241.0073944377478
2459.953217475195,-48.76298029842373,-271.4902392740988 2455.2384576105464,-108.401907775633,-266.91100693812007
2476.6152464150196,-40.661877460686675,-214.42230673382835 2463.2370846340837,-2.4430038865824244,-258.69806183850994
2463.2370846340837,-2.4430038865824244,-258.69806183850994 2475.789532431031,-57.65176285255014,-238.83782549191568
2475.789532431031,-57.65176285255014,-238.83782549191568 2478.996495878787,-101.14557283073773,-197.6309828680739
2478.996495878787,-101.14557283073773,-197.6309828680739 2481.008242604108,-143.59327700114193,-155.27363066358632
2481.008242604108,-143.59327700114193,-155.27363066358632 2467.30552940632,-174.61720029318556,-204.76859843394206
2475.789532431031,-57.65176285255014,-238.83782549191568 2467.053037225555,-111.47468068412061,-263.8731438965356
2475.789532431031,-57.65176285255014,-238.83782549191568 2450.8697275529457,-92.17863168189464,-281.1095495362386
2463.2370846340837,-2.4430038865824244,-258.69806183850994 2449.5756681124376,-47.76403516868263,-295.56769462958874
2449.5756681124376,-47.76403516868263,-295.56769462958874 2444.12445672989,-8.830517700537499,-340.89390682540784
2444.12445672989,-8.830517700537499,-340.89390682540784 2417.622291001335,-58.932194098784386,-360.57784021742975
2417.622291001335,-58.932194098784386,-360.57784021742975 2412.9983548505566,-103.32592890164177,-400.6754152653936
2412.9983548505566,-103.32592890164177,-400.6754152653936 2429.3738145498487,-161.04772702271345,-400.4796059011827
2429.3738145498487,-161.04772702271345,-400.4796059011827 2393.9486749292582,-118.25526827223703,-423.1481955562639
2393.9486749292582,-118.25526827223703,-423.1481955562639 2357.9234827393684,-154.48126268077934,-454.610281577279
2357.9234827393684,-154.48126268077934,-454.610281577279 2352.893383412135,-96.12589822628016,-467.6237184845967
2444.12445672989,-8.830517700537499,-340.89390682540784 2411.607875650357,27.49844441496164,-375.8635860705596
2411.607875650357,27.49844441496164,-375.8635860705596 2404.2604538575315,65.75068524313582,-421.501086710074
2404.2604538575315,65.75068524313582,-421.501086710074 2424.075923629751,64.71719863463765,-364.877071812362
2411.607875650357,27.49844441496164,-375.8635860705596 2388.434894723062,-10.258864181759257,-416.3283683197599
2444.12445672989,-8.830517700537499,-340.89390682540784 2421.044778295324,-60.5200049693939,-360.78172594264015
2444.12445672989,-8.830517700537499,-340.89390682540784 2408.818139925115,-15.819368500033283,-388.90036428878716
2408.818139925115,-15.819368500033283,-388.90036428878716 2398.3247365852367,-5.47369958927125,-447.06268560710737
2444.12445672989,-8.830517700537499,-340.89390682540784 2463.5021785260124,-33.278141351257915,-289.6414181460781
2444.12445672989,-8.830517700537499,-340.89390682540784 2427.228876000247,-23.39594581292649,-396.5929881078756
2449.5756681124376,-47.76403516868263,-295.56769462958874 2446.3742017131353,-104.45319464881811,-314.9607297280437
2446.3742017131353,-104.45319464881811,-314.9607297280437 2451.9823205875273,-141.4933732136919,-268.0931057795977
2451.9823205875273,-141.4933732136919,-268.0931057795977 2458.649509483604,-93.22085933661117,-303.0975768684611
2446.3742017131353,-104.45319464881811,-314.9607297280437 2472.6455420100874,-140.32615014196605,-274.674904141513
2463.2370846340837,-2.4430038865824244,-258.69806183850994 2473.9739763789357,41.120103106676815,-218.8612087404906
2473.9739763789357,41.120103106676815,-218.8612087404906 2463.201437799468,53.237698586555645,-276.62898775561194
2463.201437799468,53.237698586555645,-276.62898775561194 2455.1321459941714,10.257607919718687,-317.7093764591217
2455.1321459941714,10.257607919718687,-317.7093764591217 2445.7473063398797,67.71155267527095,-303.184603941482
2463.201437799468,53.237698586555645,-276.62898775561194 2432.4480442339823,50.17931028002285,-328.0573364085954
2463.2370846340837,-2.4430038865824244,-258.69806183850994 2450.8459035580436,-40.64025861470536,-303.2786446383756
2450.8459035580436,-40.64025861470536,-303.2786446383756 2467.3730702278767,-16.22596763774561,-251.0216340277418
2450.8459035580436,-40.64025861470536,-303.2786446383756 2449.3619050359375,16.836279065015354,-320.43222632670046
2463.2370846340837,-2.4430038865824244,-258.69806183850994 2473.6142438605298,-42.4386410090047,-215.19330833316872
2473.6142438605298,-42.4386410090047,-215.19330833316872 2471.1795998544353,-81.36621069512273,-260.786255451073
2476.6152464150196,-40.661877460686675,-214.42230673382835 2478.1350074648917,-94.9968685039873,-189.0176009753329
2476.6152464150196,-40.661877460686675,-214.42230673382835 2470.4024471012335,-65.97651736139235,-268.4646061980834
2470.4024471012335,-65.97651736139235,-268.4646061980834 2457.249358367519,-32.50921037618855,-316.4951758378572
2457.249358367519,-32.50921037618855,-316.4951758378572 2463.7892749213697,-74.9043460456773,-274.54422873252577
2463.7892749213697,-74.9043460456773,-274.54422873252577 2477.4503750424656,-113.24077446706309,-230.45689949414532
2457.249358367519,-32.50921037618855,-316.4951758378572 2423.5228386271465,3.2992691663854288,-350.850301496939
2457.249358367519,-32.50921037618855,-316.4951758378572 2446.61082332016,-91.50924096309308,-318.9072211919995
2476.6152464150196,-40.661877460686675,-214.42230673382835 2478.9701015670867,7.1223064887491105,-178.21282701512393
2478.9701015670867,7.1223064887491105,-178.21282701512393 2472.0590005064864,27.631512740310075,-234.17360918497127
2478.9701015670867,7.1223064887491105,-178.21282701512393 2476.6538009067135,62.86730088607225,-200.2838566896354
2476.6538009067135,62.86730088607225,-200.2838566896354 2469.921337257587,106.44972936960858,-240.96856955197023
2478.9701015670867,7.1223064887491105,-178.21282701512393 2487.494741770379,-39.3277357233314,-141.2030433370159
2487.1031405542703,-14.014399014994543,-161.69739830327495 2482.1318940999845,28.26843858075148,-203.97562382827203
2487.8567772955967,15.331122662735416,-109.36889374673325 2482.408655410373,-0.3275508581822937,-167.03278115895213
