1488.0,506.4363163476378,394.18595719782235,Elobstacle2
1508.0,506.4363163476378,394.18595719782235,Elobstacle2
1528.0,506.4363163476378,394.18595719782235,Elobstacle2
1412.0,504.43639250150943,394.1685041268256,Elobstacle2
1431.0,503.43643057844525,394.15977759132727,Elobstacle2
1450.0,503.43643057844525,394.15977759132727,Elobstacle2
1469.0,504.43639250150943,394.1685041268256,Elobstacle2
1340.0,504.43639250150943,394.1685041268256,Elobstacle2
1358.0,503.43643057844525,394.15977759132727,Elobstacle2
1376.0,503.43643057844525,394.15977759132727,Elobstacle2
1394.0,503.43643057844525,394.15977759132727,Elobstacle2
1272.0,505.43635442457355,394.17723066232395,Elobstacle2
1289.0,504.43639250150943,394.1685041268256,Elobstacle2
1306.0,503.43643057844525,394.15977759132727,Elobstacle2
1323.0,504.43639250150943,394.1685041268256,Elobstacle2
1250.0,495.4367351939319,394.08996530734026,Elobstacle2
1256.0,504.43639250150943,394.1685041268256,Elobstacle2
1250.0,495.6898047233847,365.09106953847925,Elobstacle2
1250.0,495.52400054891564,384.09034607669855,Elobstacle2
1250.0,496.3879275632546,285.09411569334554,Elobstacle2
1250.0,496.2046703177888,306.09331607769315,Elobstacle2
1250.0,495.0301776847571,326.08382800347823,Elobstacle2
1250.0,494.8556469747897,346.08306646476166,Elobstacle2
1250.0,495.5537698146596,266.08611261962795,Elobstacle2
1514.0,424.4394386563757,393.47038128695567,Elobstacle2
1437.0,430.4392101947608,393.52274049994594,Elobstacle2
1456.0,428.43928634863244,393.5052874289492,Elobstacle2
1475.0,427.4393244255682,393.4965608934508,Elobstacle2
1494.0,427.4393244255682,393.4965608934508,Elobstacle2
1365.0,434.43905788701744,393.5576466419394,Elobstacle2
1383.0,432.4391340408891,393.5401935709427,Elobstacle2
1401.0,430.4392101947608,393.52274049994594,Elobstacle2
1419.0,430.4392101947608,393.52274049994594,Elobstacle2
1298.0,435.4390198100816,393.5663731774378,Elobstacle2
1314.0,436.43898173314574,393.5750997129362,Elobstacle2
1331.0,435.4390198100816,393.5663731774378,Elobstacle2
1348.0,434.43905788701744,393.5576466419394,Elobstacle2
1250.0,430.4392101947608,393.52274049994594,Elobstacle2
1250.0,436.43898173314574,393.5750997129362,Elobstacle2
1265.0,438.4389055792741,393.59255278393294,Elobstacle2
1281.0,438.4389055792741,393.59255278393294,Elobstacle2
1250.0,434.10231266182967,317.551813953564,Elobstacle2
1250.0,429.91920772410714,338.51610819591815,Elobstacle2
1250.0,430.7620920082006,356.5241493465716,Elobstacle2
1250.0,431.58752322129726,376.5321143433534,Elobstacle2
1250.0,430.46897946050467,275.51850704287534,Elobstacle2
1250.0,430.28572221503885,296.51770742722294,Elobstacle2
1459.0,582.4334225005148,394.84917389569875,Elobstacle2
1479.0,583.4333844235789,394.85790043119715,Elobstacle2
1499.0,585.4333082697073,394.8753535021939,Elobstacle2
1520.0,585.4333082697073,394.8753535021939,Elobstacle2
1383.0,577.433612885194,394.80554121820694,Elobstacle2
1402.0,578.4335748082581,394.8142677537053,Elobstacle2
1420.0,581.4334605774507,394.8404473602004,Elobstacle2
1439.0,582.4334225005148,394.84917389569875,Elobstacle2
1311.0,574.4337271160014,394.7793616117118,Elobstacle2
1329.0,574.4337271160014,394.7793616117118,Elobstacle2
1347.0,575.4336890390656,394.78808814721015,Elobstacle2
1365.0,576.4336509621297,394.79681468270854,Elobstacle2
1250.0,561.4342221161672,394.66591665023293,Elobstacle2
1260.0,571.4338413468089,394.7531820052167,Elobstacle2
1277.0,572.4338032698731,394.761908540715,Elobstacle2
1294.0,573.4337651929372,394.7706350762134,Elobstacle2
1250.0,560.9578523230055,334.65947473088426,Elobstacle2
1250.0,560.8095012195331,351.6588274229752,Elobstacle2
1250.0,561.6262058971314,372.66675434282115,Elobstacle2
1250.0,561.4604017226623,391.6660308810404,Elobstacle2
1250.0,561.4988975239046,272.6618355009056,Elobstacle2
1250.0,563.3068375890688,294.67845087931414,Elobstacle2
1250.0,562.1236184205387,315.6689247281634,Elobstacle2
1525.0,384.4409617338089,393.12131986702076,Elobstacle2
1448.0,393.4406190413864,393.1998586865061,Elobstacle2
1467.0,390.44073327219394,393.17367908001097,Elobstacle2
1486.0,388.4408094260656,393.15622600901423,Elobstacle2
1505.0,388.4408094260656,393.15622600901423,Elobstacle2
1377.0,396.4405048105789,393.22603829300124,Elobstacle2
1394.0,396.4405048105789,393.22603829300124,Elobstacle2
1412.0,394.4405809644506,393.2085852220045,Elobstacle2
1430.0,393.4406190413864,393.1998586865061,Elobstacle2
1309.0,402.44027634896395,393.27839750599145,Elobstacle2
1325.0,402.44027634896395,393.27839750599145,Elobstacle2
1342.0,400.4403525028356,393.2609444349947,Elobstacle2
1359.0,399.4403905797715,393.2522178994964,Elobstacle2
1250.0,398.44042865670724,393.243491363998,Elobstacle2
1260.0,407.4400859642848,393.3220301834833,Elobstacle2
1276.0,405.4401621181565,393.3045771124866,Elobstacle2
1293.0,402.44027634896395,393.27839750599145,Elobstacle2
1250.0,397.9727853990439,332.2370875215851,Elobstacle2
1250.0,399.8243581416999,349.2538932846728,Elobstacle2
1250.0,399.64110089623404,370.2530936690204,Elobstacle2
1250.0,398.4927878696975,387.24371982561297,Elobstacle2
1250.0,404.53105520932485,268.2918836584684,Elobstacle2
1250.0,400.3392237361039,290.2561398238867,Elobstacle2
1250.0,398.1996753220016,306.2380775219167,Elobstacle2
1525.0,625.4317851922741,395.22441492212886,Elobstacle2
1443.0,620.4319755769533,395.180782244637,Elobstacle2
1463.0,621.4319375000175,395.1895087801354,Elobstacle2
1483.0,623.4318613461458,395.2069618511321,Elobstacle2
1503.0,626.4317471153383,395.2331414576272,Elobstacle2
1367.0,614.4322040385682,395.1284230316468,Elobstacle2
1385.0,616.4321278846966,395.14587610264346,Elobstacle2
1405.0,615.4321659616324,395.1371495671451,Elobstacle2
1424.0,617.4320898077608,395.15460263814185,Elobstacle2
1296.0,607.432470577119,395.0673372831581,Elobstacle2
1313.0,609.4323944232474,395.08479035415485,Elobstacle2
1331.0,610.4323563463116,395.09351688965324,Elobstacle2
1349.0,612.43228019244,395.11096996065,Elobstacle2
1250.0,594.4329655772848,394.9538923216793,Elobstacle2
1261.0,606.4325086540549,395.05861074765977,Elobstacle2
1278.0,607.432470577119,395.0673372831581,Elobstacle2
1250.0,594.4678717192784,390.9540446294226,Elobstacle2
1250.0,595.1310884171547,314.9569384765456,Elobstacle2
1250.0,594.9565577071872,334.956176937829,Elobstacle2
1250.0,594.8082066037149,351.9555296299199,Elobstacle2
1250.0,595.6161847458148,373.96341847283,Elobstacle2
1250.0,595.462696766093,276.95838540010703,Elobstacle2
1250.0,595.2794395206271,297.95758578445464,Elobstacle2
1458.0,355.4420659649479,392.8682503375679,Elobstacle2
1477.0,352.4421801957554,392.8420707310728,Elobstacle2
1496.0,349.44229442656285,392.81589112457766,Elobstacle2
1515.0,348.44233250349873,392.80716458907926,Elobstacle2
1387.0,360.44187558026874,392.91188301505974,Elobstacle2
1404.0,360.44187558026874,392.91188301505974,Elobstacle2
1422.0,357.44198981107627,392.88570340856467,Elobstacle2
1440.0,356.44202788801203,392.87697687306627,Elobstacle2
1319.0,368.44157096478216,392.98169529904675,Elobstacle2
1336.0,365.4416851955896,392.9555156925516,Elobstacle2
1353.0,363.4417613494613,392.9380626215549,Elobstacle2
1370.0,361.4418375033329,392.92060955055814,Elobstacle2
1255.0,374.44134250316716,393.034054512037,Elobstacle2
1271.0,372.4414186570388,393.0166014410403,Elobstacle2
1287.0,370.4414948109105,392.9991483700435,Elobstacle2
1303.0,369.4415328878463,392.99042183454515,Elobstacle2
1250.0,366.4416471186538,392.96424222805,Elobstacle2
1250.0,367.8692092811383,343.97483453340396,Elobstacle2
1250.0,366.7121697191034,361.9654226130607,Elobstacle2
1250.0,367.53760093220006,381.9733876098425,Elobstacle2
1250.0,366.5761348103782,262.96046569420935,Elobstacle2
1250.0,369.40148986960327,282.9858837619879,Elobstacle2
1250.0,373.23553338739083,302.0200664422007,Elobstacle2
1250.0,371.05235229579665,323.0018137555515,Elobstacle2
1507.0,666.4302240379052,395.58220287756217,Elobstacle2
1528.0,669.4301098070977,395.6083824840573,Elobstacle2
1426.0,657.4305667303277,395.5036640580768,Elobstacle2
1446.0,659.430490576456,395.52111712907356,Elobstacle2
1466.0,661.4304144225844,395.53857020007035,Elobstacle2
1486.0,665.430262114841,395.5734763420638,Elobstacle2
1350.0,650.4308332688785,395.4425783095882,Elobstacle2
1369.0,650.4308332688785,395.4425783095882,Elobstacle2
1387.0,654.4306809611351,395.4774844515817,Elobstacle2
1406.0,656.4306048072634,395.4949375225784,Elobstacle2
1279.0,641.4311759613009,395.36403949010287,Elobstacle2
1296.0,644.4310617304934,395.39021909659795,Elobstacle2
1314.0,645.4310236535575,395.39894563209634,Elobstacle2
1332.0,647.4309474996859,395.4163987030931,Elobstacle2
1250.0,628.4316709614667,395.250594528624,Elobstacle2
1262.0,639.4312521151726,395.3465864191061,Elobstacle2
1250.0,628.5974751359357,376.25131799040474,Elobstacle2
1250.0,628.4753036389585,390.2507849133031,Elobstacle2
1250.0,634.2954075911265,296.2979968227629,Elobstacle2
1250.0,629.1210672658382,316.25360260655447,Elobstacle2
1250.0,629.9377719434365,337.2615295264004,Elobstacle2
1250.0,629.7806943044658,355.2608441415555,Elobstacle2
1250.0,628.4439871562139,279.24628491768175,Elobstacle2
1468.0,313.44366519625265,392.50173584663617,Elobstacle2
1486.0,313.44366519625265,392.50173584663617,Elobstacle2
1505.0,310.4437794270602,392.4755562401411,Elobstacle2
1524.0,308.4438555809318,392.4581031691443,Elobstacle2
1396.0,325.4432082730227,392.6064542726167,Elobstacle2
1414.0,320.4433986577019,392.5628215951248,Elobstacle2
1431.0,321.44336058076607,392.57154813062317,Elobstacle2
1449.0,318.44347481157354,392.54536852412804,Elobstacle2
1329.0,332.44294173447196,392.6675400211053,Elobstacle2
1345.0,331.4429798114078,392.6588134856069,Elobstacle2
1362.0,328.44309404221525,392.6326338791118,Elobstacle2
1379.0,326.4431701960869,392.61518080811504,Elobstacle2
1265.0,340.4426371189853,392.73735230509226,Elobstacle2
1280.0,340.4426371189853,392.73735230509226,Elobstacle2
1296.0,338.44271327285696,392.7198992340955,Elobstacle2
1312.0,336.4427894267286,392.7024461630988,Elobstacle2
1250.0,335.44282750366443,392.69371962760044,Elobstacle2
1250.0,340.4426371189853,392.73735230509226,Elobstacle2
1250.0,335.7918889235994,352.6952427050336,Elobstacle2
1250.0,334.599943219571,374.685678476947,Elobstacle2
1250.0,336.4725586924726,274.6982127060282,Elobstacle2
1250.0,335.3067925949393,293.6887627087491,Elobstacle2
1250.0,335.1409884204702,312.68803924696834,Elobstacle2
1250.0,340.94877617789103,334.73956076737034,Elobstacle2
1489.0,705.4287390374078,395.9225377619988,Elobstacle2
1510.0,708.4286248066004,395.9487173684939,Elobstacle2
1408.0,694.4291578837019,395.82654587151666,Elobstacle2
1427.0,698.4290055759586,395.8614520135102,Elobstacle2
1447.0,701.4288913451512,395.88763162000527,Elobstacle2
1468.0,703.4288151912795,395.905084691002,Elobstacle2
1332.0,685.4295005761244,395.7480070520313,Elobstacle2
1351.0,686.4294624991886,395.75673358752965,Elobstacle2
1369.0,690.4293101914453,395.7916397295231,Elobstacle2
1388.0,693.4291959606378,395.81781933601826,Elobstacle2
1261.0,675.4298813454827,395.66074169704757,Elobstacle2
1278.0,678.4297671146752,395.6869213035427,Elobstacle2
1296.0,680.4296909608036,395.70437437453944,Elobstacle2
1314.0,682.4296148069319,395.7218274455362,Elobstacle2
1250.0,663.4303382687126,395.55602327106703,Elobstacle2
1250.0,663.788126224146,354.55758442543606,Elobstacle2
1250.0,663.6397751206737,371.55693711752696,Elobstacle2
1250.0,663.4826974817029,389.55625173268203,Elobstacle2
1250.0,663.4601075344566,277.5517898139965,Elobstacle2
1250.0,663.3030298954859,295.55110442915156,Elobstacle2
1250.0,665.1196964961483,316.5677578844959,Elobstacle2
1250.0,663.9277507921199,338.5581936564093,Elobstacle2
1476.0,274.44515019675,392.1614009621996,Elobstacle2
1494.0,274.44515019675,392.1614009621996,Elobstacle2
1513.0,270.4453025044933,392.1264948202061,Elobstacle2
1404.0,289.4445790427126,392.2922989946752,Elobstacle2
1422.0,284.4447694273917,392.24866631718334,Elobstacle2
1440.0,279.44495981207086,392.20503363969146,Elobstacle2
1457.0,281.4448836581992,392.2224867106882,Elobstacle2
1337.0,299.4441982733543,392.37956434965895,Elobstacle2
1354.0,294.4443886580334,392.3359316721671,Elobstacle2
1370.0,294.4443886580334,392.3359316721671,Elobstacle2
1387.0,291.44450288884093,392.30975206567194,Elobstacle2
1273.0,309.443817503996,392.4668297046427,Elobstacle2
1289.0,306.44393173480347,392.44065009814756,Elobstacle2
1305.0,302.4440840425468,392.4057439561541,Elobstacle2
1321.0,300.44416019641847,392.38829088515735,Elobstacle2
1250.0,303.44404596561094,392.4144704916524,Elobstacle2
1258.0,310.4437794270602,392.4755562401411,Elobstacle2
1250.0,307.67951011632374,365.45040471091335,Elobstacle2
1250.0,303.51385824959794,384.41477510713906,Elobstacle2
1250.0,309.38632141475625,284.4622154782138,Elobstacle2
1250.0,303.19456609540697,306.4090185726353,Elobstacle2
1250.0,306.02864769013036,325.4344747173497,Elobstacle2
1250.0,303.8541931340345,345.4162601076364,Elobstacle2
1250.0,304.5610425094028,264.4193443394385,Elobstacle2
1469.0,745.4272159599748,396.2715991819337,Elobstacle2
1490.0,748.4271017291672,396.29777878842884,Elobstacle2
1512.0,751.4269874983597,396.323958394924,Elobstacle2
1389.0,731.4277490370763,396.1494276849565,Elobstacle2
1408.0,735.427596729333,396.18433382695,Elobstacle2
1428.0,738.4274824985255,396.2105134334451,Elobstacle2
1449.0,740.4274063446538,396.22796650444184,Elobstacle2
1314.0,718.428244037242,396.0359827234776,Elobstacle2
1332.0,722.4280917294988,396.07088886547115,Elobstacle2
1350.0,726.4279394217555,396.1057950074646,Elobstacle2
1369.0,729.4278251909479,396.13197461395976,Elobstacle2
1250.0,698.4290055759586,395.8614520135102,Elobstacle2
1260.0,711.4285105757929,395.974896974989,Elobstacle2
1278.0,713.4284344219212,395.99235004598575,Elobstacle2
1295.0,717.4282821141779,396.0272561879793,Elobstacle2
1250.0,698.9700507768579,333.86381278353156,Elobstacle2
1250.0,698.786793531392,354.8630131678791,Elobstacle2
1250.0,698.6384424279196,371.86236585997005,Elobstacle2
1250.0,698.4464586469554,393.86152816738183,Elobstacle2
1250.0,699.4674633002652,276.86598316887375,Elobstacle2
1250.0,699.2754795193009,298.86514547628553,Elobstacle2
1250.0,700.1270903388927,315.8732247038748,Elobstacle2
1483.0,236.44659712031148,391.8297926132614,Elobstacle2
1501.0,235.4466351972473,391.821066077763,Elobstacle2
1520.0,230.44682558192648,391.77743340027115,Elobstacle2
1412.0,249.44610212014572,391.94323757474024,Elobstacle2
1429.0,248.44614019708155,391.9345110392419,Elobstacle2
1447.0,242.44636865869654,391.88215182625163,Elobstacle2
1465.0,238.44652096643983,391.84724568425816,Elobstacle2
1345.0,262.44560711997997,392.0566825362191,Elobstacle2
1361.0,261.4456451969158,392.0479560007208,Elobstacle2
1378.0,256.4458355815949,392.00432332322885,Elobstacle2
1395.0,252.44598788933826,391.96941718123537,Elobstacle2
1281.0,275.44511211981415,392.170127497698,Elobstacle2
1297.0,271.4452644275575,392.13522135570446,Elobstacle2
1313.0,267.4454167353008,392.100315213711,Elobstacle2
1329.0,264.44553096610827,392.07413560721585,Elobstacle2
1250.0,272.4452263506217,392.14394789120286,Elobstacle2
1251.0,278.4449978890067,392.1963071041931,Elobstacle2
1266.0,276.44507404287833,392.17885403319633,Elobstacle2
1250.0,271.61106860202665,373.1359448174852,Elobstacle2
1250.0,277.30900105721736,293.1826236498434,Elobstacle2
1250.0,272.10848112543397,316.13811520282746,Elobstacle2
1250.0,274.9425627201573,335.16357134754185,Elobstacle2
1250.0,271.759419705499,356.1365921253943,Elobstacle2
1250.0,274.4836459979923,273.1572055820649,Elobstacle2
1449.0,782.425807113349,396.59448099537354,Elobstacle2
1470.0,786.4256548056057,396.6293871373671,Elobstacle2
1491.0,791.4254644209266,396.67301981485895,Elobstacle2
1513.0,794.4253501901192,396.699199421354,Elobstacle2
1369.0,767.4263782673866,396.46358296289793,Elobstacle2
1388.0,772.4261878827074,396.50721564038986,Elobstacle2
1408.0,775.4260736518999,396.53339524688494,Elobstacle2
1428.0,779.4259213441566,396.56830138887847,Elobstacle2
1294.0,753.4269113444881,396.3414114659207,Elobstacle2
1312.0,757.4267590367448,396.3763176079142,Elobstacle2
1331.0,760.4266448059373,396.4024972144093,Elobstacle2
1350.0,763.4265305751298,396.42867682090446,Elobstacle2
1250.0,734.4276348062688,396.1756072914516,Elobstacle2
1258.0,747.427139806103,396.28905225293045,Elobstacle2
1276.0,750.4270255752956,396.3152318594256,Elobstacle2
1250.0,735.4712294068249,391.18452421162914,Elobstacle2
1250.0,734.1694284005664,311.1701172954987,Elobstacle2
1250.0,734.968680007168,334.177968061473,Elobstacle2
1250.0,734.7941492972005,354.1772065227564,Elobstacle2
1250.0,736.6369955043581,372.19397420890823,Elobstacle2
1250.0,736.4747809891378,276.1889030592494,Elobstacle2
1250.0,734.2915998975436,297.1706503726003,Elobstacle2
1489.0,197.4480821208088,391.4894577288248,Elobstacle2
1507.0,195.44815827468045,391.47200465782805,Elobstacle2
1526.0,189.44838673629545,391.41964544483784,Elobstacle2
1418.0,214.4474348128997,391.6378088322972,Elobstacle2
1436.0,206.44773942838634,391.5679965483102,Elobstacle2
1453.0,206.44773942838634,391.5679965483102,Elobstacle2
1471.0,200.44796789000134,391.5156373353199,Elobstacle2
1352.0,224.4470540435414,391.72507418728094,Elobstacle2
1368.0,223.44709212047724,391.71634765178254,Elobstacle2
1385.0,217.44732058209223,391.6639884387923,Elobstacle2
1401.0,218.4472825051564,391.67271497429067,Elobstacle2
1288.0,242.44636865869654,391.88215182625163,Elobstacle2
1304.0,236.44659712031148,391.8297926132614,Elobstacle2
1320.0,231.44678750499065,391.78615993576955,Elobstacle2
1336.0,227.44693981273394,391.751253793776,Elobstacle2
1250.0,240.4464448125682,391.8646987552549,Elobstacle2
1258.0,246.4462163509532,391.9170579682451,Elobstacle2
1273.0,243.44633058176066,391.89087836175,Elobstacle2
1250.0,241.52494555511777,382.87376798317575,Elobstacle2
1250.0,241.21437993642513,303.86804952560783,Elobstacle2
1250.0,244.03100846015172,324.8934295164505,Elobstacle2
1250.0,241.85655390405594,344.8752149067372,Elobstacle2
1250.0,240.68206127102428,364.8657268325223,Elobstacle2
1250.0,240.58093250429266,261.8609222214143,Elobstacle2
1250.0,242.3888725694568,283.87753759982274,Elobstacle2
1513.0,839.4236367280068,397.09189351878086,Elobstacle2
1427.0,821.4243221128518,396.9348158798101,Elobstacle2
1448.0,825.4241698051085,396.96972202180365,Elobstacle2
1469.0,830.4239794204293,397.0133546992955,Elobstacle2
1491.0,834.423827112686,397.048260841289,Elobstacle2
1348.0,803.4250074976967,396.7777382408394,Elobstacle2
1367.0,808.4248171130175,396.8213709183313,Elobstacle2
1387.0,811.42470288221,396.8475505248264,Elobstacle2
1407.0,816.4245124975309,396.8911832023183,Elobstacle2
1274.0,786.4256548056057,396.6293871373671,Elobstacle2
1292.0,790.4255024978625,396.66429327936055,Elobstacle2
1310.0,795.4253121131833,396.7079259568524,Elobstacle2
1329.0,799.42515980544,396.74283209884595,Elobstacle2
1250.0,771.4262259596431,396.49848910489146,Elobstacle2
1256.0,782.425807113349,396.59448099537354,Elobstacle2
1250.0,771.6705689535977,368.4995552590947,Elobstacle2
1250.0,771.5047647791285,387.4988317973139,Elobstacle2
1250.0,772.3250591159757,293.5024110292818,Elobstacle2
1250.0,771.1680195539408,311.49299910893853,Elobstacle2
1250.0,770.9760357729765,333.4921614163503,Elobstacle2
1250.0,770.8102315985075,352.49143795456956,Elobstacle2
1250.0,772.4995898259432,273.5031725679984,Elobstacle2
1494.0,157.44960519824195,391.1403963088899,Elobstacle2
1512.0,155.4496813521136,391.1229432378931,Elobstacle2
1424.0,173.44899596726867,391.28002087686383,Elobstacle2
1441.0,170.4491101980762,391.2538412703687,Elobstacle2
1458.0,169.44914827501202,391.24511473487036,Elobstacle2
1476.0,162.44941481356284,391.18402898638175,Elobstacle2
1358.0,187.4484628901671,391.4021923738411,Elobstacle2
1374.0,184.44857712097456,391.37601276734597,Elobstacle2
1390.0,184.44857712097456,391.37601276734597,Elobstacle2
1407.0,177.44884365952538,391.31492701885736,Elobstacle2
1295.0,203.4478536591938,391.54181694181506,Elobstacle2
1310.0,202.4478917361297,391.53309040631666,Elobstacle2
1326.0,196.44812019774463,391.48073119332645,Elobstacle2
1341.0,197.4480821208088,391.4894577288248,Elobstacle2
1250.0,209.44762519757887,391.59417615480527,Elobstacle2
1250.0,213.44747288983552,391.6290822967988,Elobstacle2
1264.0,214.4474348128997,391.6378088322972,Elobstacle2
1279.0,211.44754904370723,391.61162922580206,Elobstacle2
1250.0,210.1457480374488,311.5972223096716,Elobstacle2
1250.0,208.9538023334204,333.587658081585,Elobstacle2
1250.0,209.7879600820155,352.59566115530265,Elobstacle2
1250.0,213.622003599803,371.6298438355154,Elobstacle2
1250.0,210.51226252838052,269.5988215409764,Elobstacle2
1250.0,210.3202787474163,291.59798384838814,Elobstacle2
1490.0,878.4221517275095,397.43222840321744,Elobstacle2
1512.0,884.4219232658945,397.4845876162077,Elobstacle2
1405.0,857.4229513431619,397.2489711577516,Elobstacle2
1425.0,863.4227228815469,397.3013303707419,Elobstacle2
1447.0,867.4225705738036,397.33623651273535,Elobstacle2
1468.0,873.4223421121886,397.3885957257256,Elobstacle2
1326.0,838.4236748049426,397.0831669832825,Elobstacle2
1345.0,843.4234844202635,397.1267996607744,Elobstacle2
1365.0,847.4233321125203,397.16170580276787,Elobstacle2
1385.0,852.4231417278411,397.20533848025974,Elobstacle2
1252.0,820.4243601897875,396.9260893443118,Elobstacle2
1270.0,825.4241698051085,396.96972202180365,Elobstacle2
1289.0,828.424055574301,396.9959016282988,Elobstacle2
1307.0,833.4238651896218,397.03953430579065,Elobstacle2
1250.0,808.4248171130175,396.8213709183313,Elobstacle2
1250.0,809.852379275502,347.83196322368525,Elobstacle2
1250.0,808.6778866424703,367.82247514947034,Elobstacle2
1250.0,808.5208090034996,385.8217897646254,Elobstacle2
1250.0,808.5156721272501,271.8174039998115,Elobstacle2
1250.0,809.3411033403468,291.8253689965933,Elobstacle2
1250.0,808.1666107073152,311.81588092237837,Elobstacle2
1250.0,809.0182215269069,328.82396014996766,Elobstacle2
1498.0,118.45109019873928,390.80006142445325,Elobstacle2
1516.0,114.45124250648257,390.7651552824598,Elobstacle2
1428.0,139.45029058308688,390.98331866991913,Elobstacle2
1445.0,135.45044289083017,390.9484125279256,Elobstacle2
1463.0,131.45059519857352,390.9135063859321,Elobstacle2
1480.0,124.45086173712428,390.8524206374435,Elobstacle2
1362.0,157.44960519824195,391.1403963088899,Elobstacle2
1379.0,153.44975750598525,391.10549016689635,Elobstacle2
1395.0,144.4501001984077,391.026951347411,Elobstacle2
1411.0,145.4500621214719,391.03567788290934,Elobstacle2
1300.0,170.4491101980762,391.2538412703687,Elobstacle2
1315.0,168.44918635194784,391.23638819937196,Elobstacle2
1331.0,160.44949096743449,391.16657591538495,Elobstacle2
1346.0,162.44941481356284,391.18402898638175,Elobstacle2
1250.0,178.44880558258956,391.3236535543557,Elobstacle2
1255.0,182.44865327484627,391.3585596963492,Elobstacle2
1270.0,177.44884365952538,391.31492701885736,Elobstacle2
1285.0,173.44899596726867,391.28002087686383,Elobstacle2
1250.0,182.07700190766502,319.3525747002305,Elobstacle2
1250.0,177.8938969699425,340.3168689425846,Elobstacle2
1250.0,180.72797856466588,359.342325087299,Elobstacle2
1250.0,178.57097707956683,377.32418663145734,Elobstacle2
1250.0,178.43494217084168,278.319229712606,Elobstacle2
1250.0,180.26033530700255,298.33592124488615,Elobstacle2
1466.0,917.4206667270121,397.77256328765407,Elobstacle2
1488.0,923.4204382653973,397.8249225006443,Elobstacle2
1511.0,929.4202098037822,397.87728171363455,Elobstacle2
1382.0,893.421580573472,397.56312643569305,Elobstacle2
1402.0,900.4213140349212,397.6242121841817,Elobstacle2
1423.0,905.4211236502422,397.66784486167353,Elobstacle2
1444.0,911.4208951886271,397.7202040746638,Elobstacle2
1303.0,873.4223421121886,397.3885957257256,Elobstacle2
1322.0,878.4221517275095,397.43222840321744,Elobstacle2
1342.0,883.4219613428304,397.47586108070936,Elobstacle2
1362.0,888.4217709581512,397.5194937582012,Elobstacle2
1250.0,846.423370189456,397.15297926726953,Elobstacle2
1250.0,854.4230655739693,397.2227915512565,Elobstacle2
1266.0,862.4227609584827,397.2926038352435,Elobstacle2
1285.0,866.4226086507394,397.32750997723696,Elobstacle2
1250.0,848.0603692039015,324.16448541908335,Elobstacle2
1250.0,846.8858765708699,344.15499734486843,Elobstacle2
1250.0,846.7287989318991,362.1543119600235,Elobstacle2
1250.0,846.5891743639252,378.1537027290502,Elobstacle2
1250.0,846.5578578811804,267.14920273342887,Elobstacle2
1250.0,846.383327171213,287.1484411947123,Elobstacle2
1250.0,846.2000699257471,308.1476415790599,Elobstacle2
1501.0,77.45265135310831,390.44227346901994,Elobstacle2
1519.0,71.45287981472325,390.38991425602967,Elobstacle2
1432.0,102.45169942971256,390.6604368564793,Elobstacle2
1449.0,95.45196596826332,390.5993511079907,Elobstacle2
1466.0,93.45204212213497,390.58189803699395,Elobstacle2
1483.0,86.45230866068584,390.5208122885053,Elobstacle2
1366.0,120.45101404486763,390.81751449545004,Elobstacle2
1382.0,116.45116635261093,390.7826083534565,Elobstacle2
1399.0,110.45139481422592,390.7302491404663,Elobstacle2
1415.0,103.45166135277668,390.6691633919777,Elobstacle2
1304.0,138.4503286600227,390.97459213442073,Elobstacle2
1319.0,135.45044289083017,390.9484125279256,Elobstacle2
1335.0,125.45082366018846,390.8611471729419,Elobstacle2
1351.0,124.45086173712428,390.8524206374435,Elobstacle2
1250.0,154.44971942904942,391.11421670239474,Elobstacle2
1259.0,153.44975750598525,391.10549016689635,Elobstacle2
1274.0,147.44998596760024,391.05313095390613,Elobstacle2
1289.0,141.45021442921524,391.00077174091587,Elobstacle2
1250.0,148.01721077499457,326.055605954735,Elobstacle2
1250.0,154.85114006197466,345.11596824144283,Elobstacle2
1250.0,147.676875890558,365.05412095423765,Elobstacle2
1250.0,146.50238325752633,385.04463288002273,Elobstacle2
1250.0,154.5842071207739,261.1104401685541,Elobstacle2
1250.0,147.3924898783605,283.04851672747725,Elobstacle2
1250.0,149.20042994352457,305.06513210588577,Elobstacle2
1441.0,955.4192198034507,398.10417163659224,Elobstacle2
1463.0,962.4189532648999,398.16525738508085,Elobstacle2
1486.0,967.4187628802207,398.2088900625727,Elobstacle2
1509.0,974.4184963416699,398.2699758110614,Elobstacle2
1357.0,930.4201717268463,397.8860082491329,Elobstacle2
1378.0,935.4199813421673,397.92964092662476,Elobstacle2
1399.0,941.4197528805523,397.982000139615,Elobstacle2
1420.0,948.4194863420014,398.04308588810363,Elobstacle2
1280.0,906.4210855733063,397.6765713971719,Elobstacle2
1299.0,911.4208951886271,397.7202040746638,Elobstacle2
1318.0,917.4206667270121,397.77256328765407,Elobstacle2
1337.0,924.4204001884614,397.8336490361427,Elobstacle2
1250.0,885.4218851889586,397.49331415170604,Elobstacle2
1261.0,901.4212759579855,397.63293871968006,Elobstacle2
1250.0,885.6138689699229,375.4941518442943,Elobstacle2
1250.0,885.4306117244571,396.4933522286419,Elobstacle2
1250.0,885.2422176027417,303.4881668481756,Elobstacle2
1250.0,886.0938284223334,320.4962460757649,Elobstacle2
1250.0,885.9454773188611,337.4955987678558,Elobstacle2
1250.0,885.7622200733954,358.4947991522034,Elobstacle2
1250.0,885.4167483127092,283.48892838689216,Elobstacle2
1503.0,43.45394596892652,390.14557126207524,Elobstacle2
1521.0,36.45421250747734,390.0844855135866,Elobstacle2
1434.0,61.45326058408159,390.3026489010459,Elobstacle2
1451.0,58.453374814889,390.27646929455085,Elobstacle2
1468.0,53.453565199568175,390.232836617059,Elobstacle2
1485.0,49.45371750731147,390.19793047506545,Elobstacle2
1369.0,83.45242289149337,390.4946326820102,Elobstacle2
1385.0,77.45265135310831,390.44227346901994,Elobstacle2
1401.0,74.45276558391583,390.4160938625248,Elobstacle2
1418.0,70.45291789165913,390.38118772053133,Elobstacle2
1308.0,104.45162327584086,390.67788992747603,Elobstacle2
1323.0,100.45177558358421,390.64298378548256,Elobstacle2
1338.0,91.45211827600667,390.56444496599715,Elobstacle2
1354.0,88.45223250681414,390.5382653595021,Elobstacle2
1250.0,122.45093789099599,390.8349675664468,Elobstacle2
1263.0,118.45109019873928,390.80006142445325,Elobstacle2
1278.0,110.45139481422592,390.7302491404663,Elobstacle2
1293.0,110.45139481422592,390.7302491404663,Elobstacle2
1250.0,116.97475848251338,330.78489296960623,Elobstacle2
1250.0,124.81737622805599,348.8540198687483,Elobstacle2
1250.0,117.63438552114098,369.7921345046073,Elobstacle2
1250.0,114.45996904198097,389.7651933593956,Elobstacle2
1250.0,114.54209752071517,265.76118836394,Elobstacle2
1250.0,117.34999950894348,287.78653027784685,Elobstacle2
1250.0,117.15801572797926,309.78569258525863,Elobstacle2
1505.0,1022.4166686487501,398.6888495149833,Elobstacle2
1529.0,1029.4164021101992,398.7499352634719,Elobstacle2
1415.0,992.417810956825,398.4270534500321,Elobstacle2
1437.0,999.4175444182742,398.4881391985207,Elobstacle2
1459.0,1007.4172398027875,398.5579514825077,Elobstacle2
1482.0,1014.4169732642367,398.6190372309963,Elobstacle2
1332.0,965.4188390340923,398.191436991576,Elobstacle2
1353.0,971.4186105724774,398.24379620456625,Elobstacle2
1373.0,978.4183440339266,398.30488195305486,Elobstacle2
1394.0,985.4180774953759,398.36596770154347,Elobstacle2
1255.0,939.4198290344239,397.9645470686183,Elobstacle2
1274.0,945.419600572809,398.0169062816085,Elobstacle2
1293.0,952.4193340342581,398.0779920300971,Elobstacle2
1313.0,958.4191055726432,398.1303512430874,Elobstacle2
1250.0,925.4203621115255,397.842375571641,Elobstacle2
1250.0,925.8217827444507,351.84412711068916,Elobstacle2
1250.0,925.6385254989849,372.84332749503676,Elobstacle2
1250.0,925.4901743955126,389.84268018712766,Elobstacle2
1250.0,925.4937640547614,274.8383324992496,Elobstacle2
1250.0,925.3366864157906,292.83764711440466,Elobstacle2
1250.0,925.1621557058231,312.8368855756881,Elobstacle2
1250.0,925.9875869189199,332.8448505724699,Elobstacle2
1504.0,-0.5443786458970408,389.7616037001468,Elobstacle2
1436.0,27.454555199899687,390.0059466941012,Elobstacle2
1452.0,22.45474558457886,389.96231401660935,Elobstacle2
1469.0,12.455126353937203,389.8750486616256,Elobstacle2
1487.0,5.455392892488021,389.813962913137,Elobstacle2
1371.0,47.45379366118311,390.1804774040687,Elobstacle2
1387.0,41.454022122798165,390.1281181910785,Elobstacle2
1403.0,39.45409827666981,390.11066512008176,Elobstacle2
1419.0,29.45447904602804,390.023399765098,Elobstacle2
1310.0,67.45303212246654,390.3550081140362,Elobstacle2
1325.0,61.45326058408159,390.3026489010459,Elobstacle2
1340.0,59.45333673795324,390.2851958300492,Elobstacle2
1356.0,55.45348904569653,390.2502896880557,Elobstacle2
1252.0,91.45211827600667,390.56444496599715,Elobstacle2
1266.0,84.45238481455749,390.50335921750855,Elobstacle2
1281.0,77.45265135310831,390.44227346901994,Elobstacle2
1295.0,75.45272750697995,390.4248203980232,Elobstacle2
1250.0,88.45223250681414,390.5382653595021,Elobstacle2
1250.0,86.94099464859471,334.5229445969117,Elobstacle2
1250.0,92.78368854800908,352.57461842505705,Elobstacle2
1250.0,84.60073591802984,373.50400652541765,Elobstacle2
1250.0,82.49095676967147,271.48171076637703,Elobstacle2
1250.0,90.307394908719,292.55072343471164,Elobstacle2
1250.0,85.1243280479323,313.5062911415674,Elobstacle2
1477.0,1061.4151836482529,399.0291843994199,Elobstacle2
1501.0,1069.4148790327663,399.0989966834069,Elobstacle2
1525.0,1077.4145744172795,399.1688089673939,Elobstacle2
1388.0,1029.4164021101992,398.7499352634719,Elobstacle2
1410.0,1036.4161355716485,398.8110210119605,Elobstacle2
1432.0,1044.415830956162,398.8808332959475,Elobstacle2
1455.0,1052.4155263406753,398.95064557993453,Elobstacle2
1306.0,999.4175444182742,398.4881391985207,Elobstacle2
1327.0,1005.4173159566592,398.54049841151095,Elobstacle2
1346.0,1014.4169732642367,398.6190372309963,Elobstacle2
1367.0,1021.416706725686,398.68012297948496,Elobstacle2
1250.0,966.4188009571565,398.2001635270744,Elobstacle2
1250.0,976.4184201877982,398.2874288820581,Elobstacle2
1268.0,984.4181155723116,398.3572411660451,Elobstacle2
1287.0,992.417810956825,398.4270534500321,Elobstacle2
1250.0,967.0383849775411,327.2028669895182,Elobstacle2
1250.0,966.8900338740686,344.2022196816091,Elobstacle2
1250.0,966.7329562350981,362.2015342967642,Elobstacle2
1250.0,966.5584255251306,382.2007727580476,Elobstacle2
1250.0,966.527109042386,271.19627276242625,Elobstacle2
1250.0,966.4049375454088,285.1957396853246,Elobstacle2
1250.0,966.2042272289461,308.19486391580057,Elobstacle2
1372.0,13.455088277001323,389.883775197124,Elobstacle2
1388.0,5.455392892488021,389.813962913137,Elobstacle2
1404.0,-0.5443786458970408,389.7616037001468,Elobstacle2
1312.0,37.45417443054146,390.09321204908497,Elobstacle2
1327.0,31.454402892156395,390.04085283609476,Elobstacle2
1342.0,21.45478366151474,389.953587481111,Elobstacle2
1357.0,20.454821738450505,389.9448609456126,Elobstacle2
1254.0,58.453374814889,390.27646929455085,Elobstacle2
1268.0,50.4536794303757,390.20665701056384,Elobstacle2
1283.0,44.45390789199064,390.1542977975736,Elobstacle2
1297.0,41.454022122798165,390.1281181910785,Elobstacle2
1250.0,56.45345096876076,390.2590162235541,Elobstacle2
1250.0,57.92464580873707,336.26979891358724,Elobstacle2
1250.0,60.7587274034604,355.29525505830156,Elobstacle2
1250.0,60.59292322899125,374.29453159652087,Elobstacle2
1250.0,52.46591947125114,274.21980047061834,Elobstacle2
1250.0,57.28247184110626,295.2626335324578,Elobstacle2
1250.0,56.0992526725762,316.253107381307,Elobstacle2
1449.0,1098.4137748016271,399.3520662128597,Elobstacle2
1472.0,1108.4133940322688,399.43933156784345,Elobstacle2
1496.0,1116.4130894167824,399.50914385183046,Elobstacle2
1520.0,1126.412708647424,399.5964092068142,Elobstacle2
1361.0,1064.4150694174455,399.055364005915,Elobstacle2
1382.0,1073.4147267250228,399.13390282540036,Elobstacle2
1404.0,1081.4144221095362,399.20371510938736,Elobstacle2
1426.0,1090.4140794171137,399.2822539288727,Elobstacle2
1279.0,1033.4162498024562,398.7848414054654,Elobstacle2
1299.0,1041.4159451869693,398.85465368945245,Elobstacle2
1320.0,1047.4157167253543,398.90701290244266,Elobstacle2
1340.0,1056.415374032932,398.985551721928,Elobstacle2
1250.0,1008.4172017258518,398.5666780180061,Elobstacle2
1260.0,1025.4165544179427,398.71502912147844,Elobstacle2
1250.0,1009.5916943588834,378.576166092221,Elobstacle2
1250.0,1008.4346547968485,396.56675417187773,Elobstacle2
1250.0,1008.2724402816282,300.5616830222189,Elobstacle2
1250.0,1009.0891449592266,321.56960994206486,Elobstacle2
1250.0,1009.9233027078217,340.5776130157825,Elobstacle2
1250.0,1008.8011692877802,354.5683534031825,Elobstacle2
1250.0,1010.4294417667272,282.5798214780606,Elobstacle2
1313.0,-0.5443786458970408,389.7616037001468,Elobstacle2
1255.0,25.454631353771447,389.9884936231045,Elobstacle2
1270.0,16.45497404619391,389.90995480361914,Elobstacle2
1284.0,10.455202507808849,389.8575955906289,Elobstacle2
1298.0,5.455392892488021,389.813962913137,Elobstacle2
1250.0,24.454669430707213,389.9797670876061,Elobstacle2
1250.0,26.9170996582493,336.9992382362018,Elobstacle2
1250.0,28.74249279441017,357.01592976848195,Elobstacle2
1250.0,28.567962084442797,377.0151682297654,Elobstacle2
1250.0,24.458259089956073,274.975419399728,Elobstacle2
1250.0,24.266275308991794,296.9745817071398,Elobstacle2
1250.0,26.091668445152663,316.99127323941997,Elobstacle2
1514.0,1176.4108048006326,400.0327359817329,Elobstacle2
1419.0,1136.4123278780658,399.68367456179794,Elobstacle2
1442.0,1146.4119471087074,399.7709399167817,Elobstacle2
1465.0,1156.411566339349,399.8582052717654,Elobstacle2
1489.0,1166.4111855699907,399.94547062674917,Elobstacle2
1332.0,1100.4136986477556,399.36951928385645,Elobstacle2
1353.0,1109.413355955333,399.44805810334185,Elobstacle2
1375.0,1117.4130513398463,399.5178703873288,Elobstacle2
1396.0,1127.4126705704882,399.60513574231254,Elobstacle2
1252.0,1065.4150313405096,399.0640905414134,Elobstacle2
1271.0,1074.4146886480871,399.14262936089875,Elobstacle2
1291.0,1082.4143840326005,399.21244164488576,Elobstacle2
1311.0,1091.4140413401778,399.2909804643711,Elobstacle2
1250.0,1052.4155263406753,398.95064557993453,Elobstacle2
1250.0,1052.8169469736006,352.9523971189827,Elobstacle2
1250.0,1051.6599074115657,370.94298519863935,Elobstacle2
1250.0,1054.5201686127841,386.9685555741612,Elobstacle2
1250.0,1052.506381354908,273.94667866141475,Elobstacle2
1250.0,1052.3318506449405,293.9459171226982,Elobstacle2
1250.0,1053.157281858037,313.95388211947994,Elobstacle2
1250.0,1055.0001280651948,331.9706498056318,Elobstacle2
1388.0,1173.41091903144,400.0065563752378,Elobstacle2
1411.0,1183.410538262082,400.0938217302215,Elobstacle2
1435.0,1192.4101955696592,400.17236054970687,Elobstacle2
1462.0,1199.4099290311085,400.2334462981955,Elobstacle2
1302.0,1134.4124040319375,399.6662214908012,Elobstacle2
1324.0,1143.4120613395148,399.74476031028655,Elobstacle2
1345.0,1152.4117186470926,399.82329912977195,Elobstacle2
1366.0,1163.4112998007984,399.91929102025404,Elobstacle2
1250.0,1096.4138509554987,399.334613141863,Elobstacle2
1250.0,1098.4137748016271,399.3520662128597,Elobstacle2
1262.0,1116.4130894167824,399.50914385183046,Elobstacle2
1282.0,1125.4127467243597,399.5876826713158,Elobstacle2
1250.0,1100.085679958066,322.36372467241694,Elobstacle2
1250.0,1096.9025369434078,343.3367454502694,Elobstacle2
1250.0,1096.771638910932,358.33617429623195,Elobstacle2
1250.0,1096.5883816654664,379.33537468057955,Elobstacle2
1250.0,1097.4086760023133,285.3389539125475,Elobstacle2
1250.0,1097.2777779698379,300.33838275851,Elobstacle2
1502.0,464.4379155789426,393.81944270689064,Elobstacle2
1521.0,466.43783942507093,393.8368957778874,Elobstacle2
1425.0,467.43780134813505,393.8456223133858,Elobstacle2
1444.0,466.43783942507093,393.8368957778874,Elobstacle2
1463.0,465.43787750200676,393.82816924238904,Elobstacle2
1482.0,466.43783942507093,393.8368957778874,Elobstacle2
1353.0,469.4377251942634,393.8630753843825,Elobstacle2
1371.0,468.4377632711993,393.8543488488842,Elobstacle2
1389.0,467.43780134813505,393.8456223133858,Elobstacle2
1407.0,467.43780134813505,393.8456223133858,Elobstacle2
1285.0,471.43764904039176,393.88052845537925,Elobstacle2
1302.0,470.43768711732764,393.8718019198809,Elobstacle2
1319.0,469.4377251942634,393.8630753843825,Elobstacle2
1336.0,469.4377251942634,393.8630753843825,Elobstacle2
1250.0,462.4379917328142,393.8019896358939,Elobstacle2
1253.0,470.43768711732764,393.8718019198809,Elobstacle2
1269.0,471.43764904039176,393.88052845537925,Elobstacle2
1250.0,462.56888976528984,378.80256078993136,Elobstacle2
1250.0,466.2319922323588,302.83163424354944,Elobstacle2
1250.0,462.04016075913785,324.7958904089677,Elobstacle2
1250.0,462.90049811422807,340.8040077134928,Elobstacle2
1250.0,463.71720279182637,361.8119346333388,Elobstacle2
1250.0,465.4240140902588,280.82374540063927,Elobstacle2
1474.0,544.4348694240763,394.5175655467606,Elobstacle2
1494.0,545.4348313471404,394.5262920822589,Elobstacle2
1514.0,546.4347932702046,394.5350186177573,Elobstacle2
1398.0,541.4349836548838,394.49138594026545,Elobstacle2
1416.0,543.434907501012,394.5088390112622,Elobstacle2
1436.0,541.4349836548838,394.49138594026545,Elobstacle2
1455.0,542.4349455779479,394.5001124757638,Elobstacle2
1326.0,539.4350598087555,394.4739328692687,Elobstacle2
1344.0,539.4350598087555,394.4739328692687,Elobstacle2
1361.0,541.4349836548838,394.49138594026545,Elobstacle2
1380.0,540.4350217318196,394.4826594047671,Elobstacle2
1258.0,538.4350978856912,394.4652063337703,Elobstacle2
1275.0,538.4350978856912,394.4652063337703,Elobstacle2
1292.0,538.4350978856912,394.4652063337703,Elobstacle2
1309.0,538.4350978856912,394.4652063337703,Elobstacle2
1250.0,527.4355167319853,394.36921444328823,Elobstacle2
1250.0,527.8020312229171,352.370813674593,Elobstacle2
1250.0,527.6624066549431,368.37020444361974,Elobstacle2
1250.0,527.5140555514707,385.3695571357107,Elobstacle2
1250.0,527.5001921397228,272.3651332939609,Elobstacle2
1250.0,530.3342737344462,291.3905894386753,Elobstacle2
1250.0,528.1685457138487,310.3724129058978,Elobstacle2
1250.0,527.9940150038813,330.37165136718124,Elobstacle2
1365.0,1199.4099290311085,400.2334462981955,Elobstacle2
1272.0,1167.411147493055,399.9541971622475,Elobstacle2
1293.0,1177.4107667236967,400.04146251723125,Elobstacle2
1313.0,1188.4103478774027,400.1374544077134,Elobstacle2
1335.0,1198.4099671080444,400.22471976269713,Elobstacle2
1250.0,1142.4120994164507,399.7360337747882,Elobstacle2
1252.0,1158.4114901854775,399.87565834276216,Elobstacle2
1250.0,1142.6651689459036,370.7371380059272,Elobstacle2
1250.0,1142.516817842431,387.73649069801814,Elobstacle2
1250.0,1143.32838564378,294.7400318530502,Elobstacle2
1250.0,1143.1538549338125,314.7392703143336,Elobstacle2
1250.0,1143.0142303658386,330.73866108336034,Elobstacle2
1250.0,1142.8484261913695,349.7379376215796,Elobstacle2
1250.0,1142.4855013596866,276.73199070239673,Elobstacle2
1250.0,1191.4102336465953,400.16363401420847,Elobstacle2
1250.0,1190.410271723531,400.15490747871013,Elobstacle2
1250.0,1190.9076842469383,343.1570778640524,Elobstacle2
1250.0,1190.759333143466,360.1564305561433,Elobstacle2
1250.0,1190.593528968997,379.1557070943625,Elobstacle2
1250.0,1190.41386138278,285.15055979083206,Elobstacle2
1250.0,1190.2480572083107,304.1498363290513,Elobstacle2
1250.0,1190.09097956934,322.1491509442064,Elobstacle2
1524.0,388.4408094260656,393.15622600901423,Elobstacle2
1460.0,347.4423705804345,392.7984380535809,Elobstacle2
1476.0,356.44202788801203,392.87697687306627,Elobstacle2
1492.0,365.4416851955896,392.9555156925516,Elobstacle2
1508.0,376.44126634929546,393.05150758303375,Elobstacle2
1400.0,308.4438555809318,392.4581031691443,Elobstacle2
1415.0,316.4435509654452,392.5279154531313,Elobstacle2
1430.0,325.4432082730227,392.6064542726167,Elobstacle2
1445.0,336.4427894267286,392.7024461630988,Elobstacle2
1343.0,271.4452644275575,392.13522135570446,Elobstacle2
1357.0,280.44492173513504,392.21376017518986,Elobstacle2
1371.0,290.44454096577675,392.3010255301736,Elobstacle2
1385.0,300.44416019641847,392.38829088515735,Elobstacle2
1289.0,237.44655904337566,391.83851914875976,Elobstacle2
1302.0,247.44617827401737,391.9257845037435,Elobstacle2
1316.0,252.44598788933826,391.96941718123537,Elobstacle2
1329.0,264.44553096610827,392.07413560721585,Elobstacle2
1250.0,210.44758712064305,391.60290269030367,Elobstacle2
1250.0,213.44747288983552,391.6290822967988,Elobstacle2
1263.0,220.44720635128476,391.6901680452874,Elobstacle2
1276.0,228.44690173579812,391.7599803292744,Elobstacle2
1250.0,211.15443649601139,310.6059869221058,Elobstacle2
1250.0,210.98863232154224,329.60526346032503,Elobstacle2
1250.0,209.82286622400898,348.59581346304594,Elobstacle2
1250.0,209.61342937204802,372.594899616586,Elobstacle2
1250.0,210.50353599288212,270.5987834640406,Elobstacle2
1250.0,210.3202787474163,291.59798384838814,Elobstacle2
1512.0,431.4391721178249,393.53146703544434,Elobstacle2
1529.0,440.43882942540245,393.6100058549297,Elobstacle2
1450.0,385.44092365687305,393.1300464025191,Elobstacle2
1465.0,397.4404667336431,393.2347648284996,Elobstacle2
1481.0,406.44012404122066,393.313303647985,Elobstacle2
1497.0,416.4397432718623,393.4005690029687,Elobstacle2
1391.0,345.4424467343062,392.78098498258413,Elobstacle2
1406.0,352.4421801957554,392.8420707310728,Elobstacle2
1420.0,365.4416851955896,392.9555156925516,Elobstacle2
1434.0,378.4411901954238,393.0689606540305,Elobstacle2
1335.0,307.44389365786765,392.44937663364595,Elobstacle2
1349.0,315.443589042381,392.51918891763296,Elobstacle2
1363.0,324.44324634995854,392.5977277371183,Elobstacle2
1377.0,334.44286558060026,392.68499309210205,Elobstacle2
1282.0,271.4452644275575,392.13522135570446,Elobstacle2
1295.0,280.44492173513504,392.21376017518986,Elobstacle2
1309.0,286.44469327352004,392.2661193881801,Elobstacle2
1322.0,296.44431250416176,392.3533847431638,Elobstacle2
1250.0,246.4462163509532,391.9170579682451,Elobstacle2
1257.0,251.44602596627408,391.96069064573703,Elobstacle2
1269.0,263.4455690430441,392.0654090717175,Elobstacle2
1250.0,246.55093477693367,379.9175148914751,Elobstacle2
1250.0,246.26654876473617,297.91191066471464,Elobstacle2
1250.0,248.0744888299003,319.92852604312316,Elobstacle2
1250.0,248.86501390100352,343.9363387321617,Elobstacle2
1250.0,246.69055934490768,363.9181241224483,Elobstacle2
1250.0,247.44104139776783,277.9213987389296,Elobstacle2
1500.0,470.43768711732764,393.8718019198809,Elobstacle2
1516.0,482.43723019409765,393.9765203458614,Elobstacle2
1530.0,501.4365067323169,394.1423245203305,Elobstacle2
1439.0,424.4394386563757,393.47038128695567,Elobstacle2
1455.0,431.4391721178249,393.53146703544434,Elobstacle2
1469.0,446.4386009637875,393.66236506791995,Elobstacle2
1485.0,456.43822019442916,393.7496304229037,Elobstacle2
1380.0,385.44092365687305,393.1300464025191,Elobstacle2
1396.0,389.4407713491297,393.16495254451263,Elobstacle2
1409.0,404.4402001950923,393.2958505769882,Elobstacle2
1424.0,413.43985750266984,393.3743893964736,Elobstacle2
1327.0,339.44267519592114,392.7286257695939,Elobstacle2
1339.0,354.44210404188374,392.85952380206953,Elobstacle2
1354.0,359.4419136572046,392.9031564795614,Elobstacle2
1366.0,375.44130442623134,393.04278104753536,Elobstacle2
1274.0,305.4439698117393,392.4319235626492,Elobstacle2
1287.0,314.44362711931683,392.51046238213456,Elobstacle2
1300.0,323.44328442689437,392.5890012016199,Elobstacle2
1313.0,332.44294173447196,392.6675400211053,Elobstacle2
1250.0,284.4447694273917,392.24866631718334,Elobstacle2
1262.0,294.4443886580334,392.3359316721671,Elobstacle2
1250.0,284.6454797438543,369.2495420867074,Elobstacle2
1250.0,284.4622224983885,390.248742471055,Elobstacle2
1250.0,285.32614951272745,291.25251208770203,Elobstacle2
1250.0,284.14293034419745,312.2429859365513,Elobstacle2
1250.0,283.9945792407251,329.2423386286422,Elobstacle2
1250.0,284.80255738282506,351.2502274715523,Elobstacle2
1250.0,284.50944483512916,270.2445851678561,Elobstacle2
1488.0,506.4363163476378,394.18595719782235,Elobstacle2
1504.0,517.4358975013437,394.2819490883045,Elobstacle2
1520.0,529.4354405781137,394.38666751428497,Elobstacle2
1427.0,461.43802980975005,393.7932631003955,Elobstacle2
1441.0,475.43749673264847,393.9154345973728,Elobstacle2
1458.0,481.4372682710335,393.967793810363,Elobstacle2
1473.0,493.43681134780354,394.0725122363435,Elobstacle2
1371.0,415.4397813487982,393.3918424674703,Elobstacle2
1384.0,430.4392101947608,393.52274049994594,Elobstacle2
1396.0,446.4386009637875,393.66236506791995,Elobstacle2
1414.0,447.4385628868516,393.6710916034183,Elobstacle2
1317.0,375.44130442623134,393.04278104753536,Elobstacle2
1330.0,386.44088557993723,393.1387729380175,Elobstacle2
1342.0,400.4403525028356,393.2609444349947,Elobstacle2
1356.0,409.44000981041313,393.3394832544801,Elobstacle2
1266.0,336.4427894267286,392.7024461630988,Elobstacle2
1279.0,344.442484811242,392.7722584470858,Elobstacle2
1291.0,356.44202788801203,392.87697687306627,Elobstacle2
1304.0,365.4416851955896,392.9555156925516,Elobstacle2
1250.0,322.44332250383025,392.58027466612157,Elobstacle2
1254.0,325.4432082730227,392.6064542726167,Elobstacle2
1250.0,322.75747778177174,356.58164543581137,Elobstacle2
1250.0,323.5829089948684,376.5896104325932,Elobstacle2
1250.0,325.4380713967732,278.60206850780276,Elobstacle2
1250.0,325.25481415130736,299.60126889215036,Elobstacle2
1250.0,323.0978126662083,317.5831304363087,Elobstacle2
1250.0,322.8971023497457,340.58225466678465,Elobstacle2
1475.0,543.434907501012,394.5088390112622,Elobstacle2
1489.0,558.4343363469746,394.6397370437378,Elobstacle2
1505.0,570.4338794237448,394.7444554697183,Elobstacle2
1521.0,582.4334225005148,394.84917389569875,Elobstacle2
1414.0,499.43658288618855,394.12487144933374,Elobstacle2
1430.0,507.4362782707019,394.19468373332074,Elobstacle2
1444.0,520.4357832705361,394.3081286947996,Elobstacle2
1460.0,531.435364424242,394.4041205852817,Elobstacle2
1360.0,450.4384486560442,393.6972712099134,Elobstacle2
1372.0,466.43783942507093,393.8368957778874,Elobstacle2
1386.0,475.43749673264847,393.9154345973728,Elobstacle2
1401.0,484.437154040226,393.9939734168581,Elobstacle2
1306.0,412.43989557960566,393.3656628609752,Elobstacle2
1319.0,422.4395148102474,393.45292821595893,Elobstacle2
1332.0,433.43909596395326,393.5489201064411,Elobstacle2
1347.0,440.43882942540245,393.6100058549297,Elobstacle2
1255.0,374.44134250316716,393.034054512037,Elobstacle2
1269.0,378.4411901954238,393.0689606540305,Elobstacle2
1281.0,391.44069519525806,393.18240561550937,Elobstacle2
1294.0,398.44042865670724,393.243491363998,Elobstacle2
1250.0,362.4417994263971,392.92933608605654,Elobstacle2
1250.0,363.8693615888816,343.9399283914105,Elobstacle2
1250.0,363.70355741441244,362.93920492962974,Elobstacle2
1250.0,363.5203001689466,383.93840531397734,Elobstacle2
1250.0,362.5762871181215,262.9255595522159,Elobstacle2
1250.0,362.3755768016589,285.92468378269183,Elobstacle2
1250.0,362.23595223368494,301.92407455171855,Elobstacle2
1250.0,363.0526569112833,322.93200147156455,Elobstacle2
1522.0,633.4314805767875,395.29422720611586,Elobstacle2
1459.0,582.4334225005148,394.84917389569875,Elobstacle2
1474.0,595.432927500349,394.96261885717763,Elobstacle2
1489.0,609.4323944232474,395.08479035415485,Elobstacle2
1505.0,621.4319375000175,395.1895087801354,Elobstacle2
1401.0,533.4352882703704,394.42157365627844,Elobstacle2
1414.0,548.434717116333,394.55247168875405,Elobstacle2
1430.0,556.4344125008463,394.62228397274106,Elobstacle2
1444.0,570.4338794237448,394.7444554697183,Elobstacle2
1344.0,494.4367732708677,394.08123877184187,Elobstacle2
1360.0,498.43662096312437,394.11614491383534,Elobstacle2
1374.0,508.4362401937661,394.2034102688191,Elobstacle2
1388.0,520.4357832705361,394.3081286947996,Elobstacle2
1296.0,442.4387532715308,393.6274589259264,Elobstacle2
1309.0,453.4383344252367,393.72345081640856,Elobstacle2
1320.0,466.43783942507093,393.8368957778874,Elobstacle2
1332.0,480.4373063479693,393.95906727486465,Elobstacle2
1250.0,403.4402382720281,393.28712404148985,Elobstacle2
1258.0,414.439819425734,393.38311593197193,Elobstacle2
1270.0,423.43947673331155,393.46165475145733,Elobstacle2
1282.0,435.4390198100816,393.5663731774378,Elobstacle2
1250.0,404.0161896149208,327.28963711925456,Elobstacle2
1250.0,404.8416208280175,347.29760211603633,Elobstacle2
1250.0,404.6583635825516,368.29680250038393,Elobstacle2
1250.0,404.49255940808257,387.2960790386032,Elobstacle2
1250.0,403.54854635725746,266.2832332768417,Elobstacle2
1250.0,403.39146871828666,284.2825478919968,Elobstacle2
1250.0,403.1820318663257,308.2816340455369,Elobstacle2
1502.0,677.4298051916111,395.6781947680443,Elobstacle2
1519.0,689.4293482683811,395.7829131940248,Elobstacle2
1442.0,622.4318994230816,395.1982353156337,Elobstacle2
1459.0,632.4315186537234,395.28550067061747,Elobstacle2
1471.0,650.4308332688785,395.4425783095882,Elobstacle2
1487.0,662.4303763456485,395.5472967355687,Elobstacle2
1386.0,570.4338794237448,394.7444554697183,Elobstacle2
1400.0,582.4334225005148,394.84917389569875,Elobstacle2
1413.0,597.4328513464774,394.98007192817437,Elobstacle2
1428.0,608.4324325001833,395.0760638186565,Elobstacle2
1333.0,522.4357071166645,394.32558176579636,Elobstacle2
1345.0,536.4351740395629,394.4477532627736,Elobstacle2
1360.0,544.4348694240763,394.5175655467606,Elobstacle2
1372.0,559.4342982700389,394.6484635792362,Elobstacle2
1282.0,479.4373444249051,393.95034073936625,Elobstacle2
1294.0,491.4368875016752,394.05505916534673,Elobstacle2
1308.0,498.43662096312437,394.11614491383534,Elobstacle2
1321.0,509.43620211683026,394.2121368043175,Elobstacle2
1250.0,446.4386009637875,393.66236506791995,Elobstacle2
1258.0,457.4381821174934,393.75835695840203,Elobstacle2
1270.0,468.4377632711993,393.8543488488842,Elobstacle2
1250.0,445.49972478921194,386.65390507097237,Elobstacle2
1250.0,446.1978476290818,306.65695122583867,Elobstacle2
1250.0,445.9796842416225,331.6559993024429,Elobstacle2
1250.0,445.8400596736485,347.6553900714697,Elobstacle2
1250.0,445.6393493571859,370.6545143019456,Elobstacle2
1250.0,445.5294940549559,268.6496716139018,Elobstacle2
1250.0,446.36365180355097,287.6576746876194,Elobstacle2
1484.0,715.4283582680496,396.00980311698254,Elobstacle2
1501.0,726.4279394217555,396.1057950074646,Elobstacle2
1517.0,741.4273682677181,396.23669303994023,Elobstacle2
1529.0,764.426492498194,396.43740335640285,Elobstacle2
1426.0,657.4305667303277,395.5036640580768,Elobstacle2
1441.0,670.4300717301619,395.6171090195557,Elobstacle2
1456.0,683.4295767299961,395.7305539810345,Elobstacle2
1471.0,697.4290436528945,395.8527254780118,Elobstacle2
1371.0,605.4325467309907,395.0498842121614,Elobstacle2
1385.0,616.4321278846966,395.14587610264346,Elobstacle2
1397.0,633.4314805767875,395.29422720611586,Elobstacle2
1411.0,646.4309855766218,395.4076721675947,Elobstacle2
1318.0,558.4343363469746,394.6397370437378,Elobstacle2
1332.0,567.4339936545522,394.7182758632232,Elobstacle2
1344.0,581.4334605774507,394.8404473602004,Elobstacle2
1358.0,592.4330417311565,394.9364392506825,Elobstacle2
1268.0,514.4360117321511,394.25576948180935,Elobstacle2
1281.0,523.4356690397286,394.3343083012947,Elobstacle2
1293.0,535.4352121164987,394.4390267272752,Elobstacle2
1306.0,545.4348313471404,394.5262920822589,Elobstacle2
1250.0,489.43696365554683,394.03760609435,Elobstacle2
1257.0,501.4365067323169,394.1423245203305,Elobstacle2
1250.0,489.6813066495013,366.0386722485532,Elobstacle2
1250.0,489.49804940403544,387.0378726329008,Elobstacle2
1250.0,490.37070295387286,287.0416803264837,Elobstacle2
1250.0,490.17871917290864,309.04084263389547,Elobstacle2
1250.0,490.01291499843956,328.0401191721147,Elobstacle2
1250.0,489.8471108239704,347.03939571033396,Elobstacle2
1250.0,489.51036559878264,271.03356302195857,Elobstacle2
1526.0,815.4245505744667,396.8824566668199,Elobstacle2
1464.0,754.4268732675523,396.3501380014191,Elobstacle2
1479.0,769.4263021135148,396.4810360338947,Elobstacle2
1496.0,781.4258451902849,396.5857544598752,Elobstacle2
1512.0,796.4252740362474,396.7166524923508,Elobstacle2
1407.0,696.4290817298303,395.8439989425134,Elobstacle2
1421.0,710.4285486527288,395.9661704394906,Elobstacle2
1437.0,721.4281298064345,396.06216232997275,Elobstacle2
1451.0,736.4275586523972,396.19306036244836,Elobstacle2
1354.0,641.4311759613009,395.36403949010287,Elobstacle2
1367.0,655.4306428841993,395.4862109870801,Elobstacle2
1380.0,669.4301098070977,395.6083824840573,Elobstacle2
1395.0,679.4297290377394,395.69564783904104,Elobstacle2
1303.0,592.4330417311565,394.9364392506825,Elobstacle2
1316.0,603.4326228848623,395.03243114116464,Elobstacle2
1328.0,616.4321278846966,395.14587610264346,Elobstacle2
1342.0,626.4317471153383,395.2331414576272,Elobstacle2
1256.0,543.434907501012,394.5088390112622,Elobstacle2
1267.0,556.4344125008463,394.62228397274106,Elobstacle2
1279.0,567.4339936545522,394.7182758632232,Elobstacle2
1291.0,579.4335367313223,394.8229942892036,Elobstacle2
1250.0,535.4352121164987,394.4390267272752,Elobstacle2
1250.0,536.8540477434849,346.44958095569336,Elobstacle2
1250.0,536.6795170335174,366.4488194169768,Elobstacle2
1250.0,535.5312040069808,383.4394455735693,Elobstacle2
1250.0,535.5696998082232,264.43525019343457,Elobstacle2
1250.0,535.403895633754,283.4345267316538,Elobstacle2
1250.0,535.2293649237865,303.43376519293724,Elobstacle2
1250.0,536.0111634593914,328.4415398050399,Elobstacle2
1506.0,851.4231798047769,397.19661194476134,Elobstacle2
1522.0,867.4225705738036,397.33623651273535,Elobstacle2
1445.0,789.4255405747982,396.6555667438622,Elobstacle2
1460.0,804.4249694207608,396.78646477633777,Elobstacle2
1473.0,823.42424595898,396.9522689508069,Elobstacle2
1488.0,839.4236367280068,397.09189351878086,Elobstacle2
1389.0,731.4277490370763,396.1494276849565,Elobstacle2
1402.0,746.4271778830389,396.2803257174321,Elobstacle2
1415.0,762.4265686520656,396.4199502854061,Elobstacle2
1429.0,777.4259974980282,396.5508483178817,Elobstacle2
1336.0,677.4298051916111,395.6781947680443,Elobstacle2
1349.0,690.4293101914453,395.7916397295231,Elobstacle2
1362.0,704.4287771143437,395.9138112265004,Elobstacle2
1376.0,716.4283201911137,396.0185296524809,Elobstacle2
1287.0,625.4317851922741,395.22441492212886,Elobstacle2
1299.0,638.4312901921083,395.33785988360773,Elobstacle2
1311.0,651.4307951919426,395.4513048450866,Elobstacle2
1325.0,661.4304144225844,395.53857020007035,Elobstacle2
1250.0,583.4333844235789,394.85790043119715,Elobstacle2
1253.0,586.4332701927715,394.8840800376923,Elobstacle2
1263.0,601.4326990387341,395.0149780701679,Elobstacle2
1274.0,615.4321659616324,395.1371495671451,Elobstacle2
1250.0,584.0704215149602,321.86068004751263,Elobstacle2
1250.0,582.8959288819286,341.8511919732977,Elobstacle2
1250.0,582.7301247074595,360.85046851151697,Elobstacle2
1250.0,583.599188598048,375.8586238929779,Elobstacle2
1250.0,585.4194448579594,281.8709296604442,Elobstacle2
1250.0,583.2537168373619,300.8527531276667,Elobstacle2
1481.0,893.421580573472,397.56312643569305,Elobstacle2
1495.0,912.4208571116912,397.7289306101622,Elobstacle2
1511.0,929.4202098037822,397.87728171363455,Elobstacle2
1530.0,941.4197528805523,397.982000139615,Elobstacle2
1422.0,829.4240174973651,397.0046281637971,Elobstacle2
1436.0,845.4234082663918,397.14425273177113,Elobstacle2
1453.0,857.4229513431619,397.2489711577516,Elobstacle2
1467.0,875.422265958317,397.40604879672236,Elobstacle2
1369.0,767.4263782673866,396.46358296289793,Elobstacle2
1383.0,780.4258832672207,396.5770279243768,Elobstacle2
1397.0,794.4253501901192,396.699199421354,Elobstacle2
1410.0,811.42470288221,396.8475505248264,Elobstacle2
1318.0,711.4285105757929,395.974896974989,Elobstacle2
1328.0,729.4278251909479,396.13197461395976,Elobstacle2
1343.0,739.4274444215897,396.2192399689435,Elobstacle2
1355.0,754.4268732675523,396.3501380014191,Elobstacle2
1268.0,662.4303763456485,395.5472967355687,Elobstacle2
1283.0,669.4301098070977,395.6083824840573,Elobstacle2
1294.0,684.4295386530603,395.7392805165329,Elobstacle2
1305.0,699.4289674990229,395.87017854900853,Elobstacle2
1250.0,633.4314805767875,395.29422720611586,Elobstacle2
1259.0,645.4310236535575,395.39894563209634,Elobstacle2
1250.0,632.6496820411827,370.2864525940132,Elobstacle2
1250.0,634.4663486418452,391.30310604935755,Elobstacle2
1250.0,634.2954075911265,296.2979968227629,Elobstacle2
1250.0,633.14709456459,313.2886229793554,Elobstacle2
1250.0,632.9725638546225,333.28786144063884,Elobstacle2
1250.0,633.7892685322208,354.29578836048483,Elobstacle2
1250.0,633.4874294490266,274.29010797985273,Elobstacle2
1517.0,1004.4173540335951,398.5317718760126,Elobstacle2
1529.0,1029.4164021101992,398.7499352634719,Elobstacle2
1459.0,928.4202478807181,397.86855517813615,Elobstacle2
1473.0,946.4195624958732,398.0256328171069,Elobstacle2
1486.0,967.4187628802207,398.2088900625727,Elobstacle2
1501.0,986.41803941844,398.37469423704187,Elobstacle2
1400.0,865.4226467276753,397.3187834417386,Elobstacle2
1414.0,881.4220374967019,397.45840800971257,Elobstacle2
1427.0,899.421352111857,397.6154856486833,Elobstacle2
1444.0,911.4208951886271,397.7202040746638,Elobstacle2
1347.0,804.4249694207608,396.78646477633777,Elobstacle2
1361.0,817.4244744205951,396.89990973781664,Elobstacle2
1372.0,836.4237509588143,397.0657139122858,Elobstacle2
1386.0,850.4232178817127,397.187885409263,Elobstacle2
1298.0,746.4271778830389,396.2803257174321,Elobstacle2
1310.0,760.4266448059373,396.4024972144093,Elobstacle2
1324.0,772.4261878827074,396.50721564038986,Elobstacle2
1335.0,789.4255405747982,396.6555667438622,Elobstacle2
1254.0,689.4293482683811,395.7829131940248,Elobstacle2
1263.0,705.4287390374078,395.9225377619988,Elobstacle2
1275.0,718.428244037242,396.0359827234776,Elobstacle2
1288.0,729.4278251909479,396.13197461395976,Elobstacle2
1250.0,685.4295005761244,395.7480070520313,Elobstacle2
1250.0,684.8920450344741,342.7412985941318,Elobstacle2
1250.0,685.7262027830691,361.74930166784947,Elobstacle2
1250.0,685.5691251440984,379.74861628300454,Elobstacle2
1250.0,685.5639882678489,265.74423051819065,Elobstacle2
1250.0,685.4156371643764,282.74358321028154,Elobstacle2
1250.0,685.2062003124155,306.7426693638217,Elobstacle2
1250.0,686.0665376675057,322.7507866683468,Elobstacle2
1493.0,1039.416021340841,398.83720061845565,Elobstacle2
1505.0,1063.4151074943811,399.0466374704166,Elobstacle2
1521.0,1083.4143459556647,399.2211681803841,Elobstacle2
1434.0,965.4188390340923,398.191436991576,Elobstacle2
1445.0,988.4179632645682,398.3921473080386,Elobstacle2
1463.0,1001.4174682644025,398.5055922695175,Elobstacle2
1478.0,1020.4167448026218,398.67139644398657,Elobstacle2
1376.0,902.4212378810496,397.64166525517845,Elobstacle2
1389.0,919.4205905731405,397.7900163586508,Elobstacle2
1403.0,935.4199813421673,397.92964092662476,Elobstacle2
1420.0,948.4194863420014,398.04308588810363,Elobstacle2
1326.0,838.4236748049426,397.0831669832825,Elobstacle2
1338.0,854.4230655739693,397.2227915512565,Elobstacle2
1352.0,867.4225705738036,397.33623651273535,Elobstacle2
1363.0,886.4218471120228,397.50204068720444,Elobstacle2
1280.0,776.4260355749641,396.54212178238333,Elobstacle2
1289.0,795.4253121131833,396.7079259568524,Elobstacle2
1299.0,812.4246648052742,396.85627706032477,Elobstacle2
1313.0,824.4242078820442,396.96099548630525,Elobstacle2
1250.0,740.4274063446538,396.22796650444184,Elobstacle2
1255.0,752.426949421424,396.3326849304224,Elobstacle2
1266.0,766.4264163443223,396.4548564273996,Elobstacle2
1250.0,740.5321247706344,384.2284234276718,Elobstacle2
1250.0,741.1604353265172,312.2311649670515,Elobstacle2
1250.0,739.9772161579872,333.2216388159007,Elobstacle2
1250.0,739.8375915900133,349.2210295849274,Elobstacle2
1250.0,739.6979670220393,365.2204203539542,Elobstacle2
1250.0,740.4920817523913,274.2238853551146,Elobstacle2
1250.0,741.3349660364847,292.23192650576806,Elobstacle2
1526.0,1160.411414031606,399.8931114137589,Elobstacle2
1465.0,1077.4145744172795,399.1688089673939,Elobstacle2
1480.0,1097.413812878563,399.34333967736137,Elobstacle2
1496.0,1116.4130894167824,399.50914385183046,Elobstacle2
1511.0,1138.412251724194,399.7011276327947,Elobstacle2
1408.0,1002.4174301874667,398.5143188050158,Elobstacle2
1422.0,1020.4167448026218,398.67139644398657,Elobstacle2
1436.0,1039.416021340841,398.83720061845565,Elobstacle2
1450.0,1058.4152978790603,399.0030047929248,Elobstacle2
1355.0,933.4200574960389,397.912187855628,Elobstacle2
1368.0,950.4194101881299,398.06053895910037,Elobstacle2
1381.0,967.4187628802207,398.2088900625727,Elobstacle2
1391.0,989.4179251876325,398.40087384353694,Elobstacle2
1303.0,873.4223421121886,397.3885957257256,Elobstacle2
1314.0,890.4216948042795,397.536946829198,Elobstacle2
1330.0,901.4212759579855,397.63293871968006,Elobstacle2
1339.0,921.4205144192688,397.80746942964754,Elobstacle2
1259.0,809.4247790360816,396.8300974538297,Elobstacle2
1267.0,829.4240174973651,397.0046281637971,Elobstacle2
1279.0,843.4234844202635,397.1267996607744,Elobstacle2
1291.0,858.422913266226,397.25769769324995,Elobstacle2
1250.0,798.4251978823758,396.73410556334755,Elobstacle2
1250.0,798.7829858378091,355.7356667177165,Elobstacle2
1250.0,798.6433612698352,371.73505748674324,Elobstacle2
1250.0,798.4862836308644,389.7343721018984,Elobstacle2
1250.0,798.4811467546149,275.7299863370844,Elobstacle2
1250.0,799.2891248967148,297.7378751799946,Elobstacle2
1250.0,799.132047257744,315.7371897951497,Elobstacle2
1250.0,797.9401015537157,337.72762556706306,Elobstacle2
1495.0,1199.4099290311085,400.2334462981955,Elobstacle2
1435.0,1116.4130894167824,399.50914385183046,Elobstacle2
1451.0,1134.4124040319375,399.6662214908012,Elobstacle2
1464.0,1157.4115282624134,399.86693180726377,Elobstacle2
1479.0,1178.410728646761,400.05018905272965,Elobstacle2
1381.0,1038.416059417777,398.8284740829573,Elobstacle2
1391.0,1061.4151836482529,399.0291843994199,Elobstacle2
1406.0,1078.4145363403436,399.1775355028923,Elobstacle2
1421.0,1096.4138509554987,399.334613141863,Elobstacle2
1329.0,969.418686726349,398.22634313356946,Elobstacle2
1340.0,988.4179632645682,398.3921473080386,Elobstacle2
1352.0,1006.4172778797233,398.5492249470093,Elobstacle2
1367.0,1021.416706725686,398.68012297948496,Elobstacle2
1281.0,904.421161727178,397.6591183261752,Elobstacle2
1292.0,921.4205144192688,397.80746942964754,Elobstacle2
1303.0,938.4198671113597,397.9558205331199,Elobstacle2
1316.0,953.4192959573223,398.0867185655955,Elobstacle2
1250.0,859.4228751892902,397.26642422874835,Elobstacle2
1256.0,876.4222278813811,397.4147753322207,Elobstacle2
1269.0,889.4217328812153,397.5282202936996,Elobstacle2
1250.0,859.4577813312837,393.2665765364917,Elobstacle2
1250.0,860.1384511001569,315.2695465374863,Elobstacle2
1250.0,859.9551938546911,336.2687469218339,Elobstacle2
1250.0,859.8068427512187,353.26809961392485,Elobstacle2
1250.0,859.6323120412512,373.2673380752083,Elobstacle2
1250.0,859.4439179195358,280.2621526947419,Elobstacle2
1250.0,859.3304729580569,293.2616576945762,Elobstacle2
1404.0,1154.4116424932208,399.84075220076863,Elobstacle2
1420.0,1172.410957108376,399.9978298397394,Elobstacle2
1435.0,1192.4101955696592,400.17236054970687,Elobstacle2
1352.0,1075.4146505711512,399.15135589639715,Elobstacle2
1366.0,1093.4139651863063,399.30843353536784,Elobstacle2
1378.0,1113.4132036475899,399.4829642453353,Elobstacle2
1392.0,1132.412480185809,399.64876841980447,Elobstacle2
1303.0,1003.417392110531,398.5230453405142,Elobstacle2
1312.0,1024.4165924948784,398.70630258598004,Elobstacle2
1328.0,1037.4160974947126,398.8197475474589,Elobstacle2
1339.0,1057.4153359559962,398.9942782574264,Elobstacle2
1256.0,938.4198671113597,397.9558205331199,Elobstacle2
1268.0,953.4192959573223,398.0867185655955,Elobstacle2
1279.0,970.4186486494132,398.23506966906785,Elobstacle2
1292.0,985.4180774953759,398.36596770154347,Elobstacle2
1250.0,925.4203621115255,397.842375571641,Elobstacle2
1250.0,924.8130942858882,352.83536249825494,Elobstacle2
1250.0,925.6559785699817,370.8434036489084,Elobstacle2
1250.0,925.4901743955126,389.84268018712766,Elobstacle2
1250.0,925.4763109837646,276.83825634537794,Elobstacle2
1250.0,925.2930537382988,297.83745672972555,Elobstacle2
1250.0,925.1534291703248,313.83684749875226,Elobstacle2
1250.0,924.9788984603573,333.8360859600357,Elobstacle2
1373.0,1190.410271723531,400.15490747871013,Elobstacle2
1322.0,1111.4132798014614,399.4655111743386,Elobstacle2
1332.0,1133.4124421088732,399.6574949553028,Elobstacle2
1345.0,1152.4117186470926,399.82329912977195,Elobstacle2
1362.0,1168.4111094161192,399.9629236977459,Elobstacle2
1274.0,1039.416021340841,398.83720061845565,Elobstacle2
1287.0,1055.4154121098677,398.97682518642966,Elobstacle2
1298.0,1074.4146886480871,399.14262936089875,Elobstacle2
1310.0,1092.4140032632422,399.2997069998695,Elobstacle2
1250.0,995.4176967260175,398.4532330565272,Elobstacle2
1253.0,1003.417392110531,398.5230453405142,Elobstacle2
1264.0,1020.4167448026218,398.67139644398657,Elobstacle2
1250.0,995.5224151519981,386.45368997975714,Elobstacle2
1250.0,995.1856699268103,310.44785729138175,Elobstacle2
1250.0,995.0198657523412,329.447133829601,Elobstacle2
1250.0,994.854061577872,348.44641036782025,Elobstacle2
1250.0,994.7144370098981,364.445801136847,Elobstacle2
1250.0,995.552184417742,268.44945652268655,Elobstacle2
1250.0,995.3689271722761,289.44865690703415,Elobstacle2
1294.0,1143.4120613395148,399.74476031028655,Elobstacle2
1305.0,1164.4112617238625,399.9280175557524,Elobstacle2
1314.0,1187.4103859543384,400.128727872215,Elobstacle2
1250.0,1070.4148409558304,399.1077232189052,Elobstacle2
1260.0,1087.4141936479214,399.25607432237763,Elobstacle2
1271.0,1105.4135082630764,399.4131519613484,Elobstacle2
1278.0,1129.4125944166167,399.62258881330933,Elobstacle2
1250.0,1069.9646507691637,336.1013955303641,Elobstacle2
1250.0,1070.781355446762,357.1093224502101,Elobstacle2
1250.0,1070.6068247367946,377.1085609114935,Elobstacle2
1250.0,1070.4672001688207,393.1079516805202,Elobstacle2
1250.0,1070.4271571505776,283.10341360796303,Elobstacle2
1250.0,1071.2613148991727,302.1114166816806,Elobstacle2
1250.0,1070.1042753371378,320.10200476133735,Elobstacle2
1259.0,1181.4106144159534,400.0763686592248,Elobstacle2
1272.0,1199.4099290311085,400.2334462981955,Elobstacle2
1250.0,1151.4117567240282,399.81457259427356,Elobstacle2
1253.0,1156.411566339349,399.8582052717654,Elobstacle2
1250.0,1151.7171854664714,364.81590528702753,Elobstacle2
1250.0,1151.5513812920021,383.8151818252468,Elobstacle2
1250.0,1152.362949093351,290.8187229802789,Elobstacle2
1250.0,1151.2320891378113,305.8094252907431,Elobstacle2
1250.0,1151.0226522858502,329.80851144428317,Elobstacle2
1250.0,1151.8829896409407,345.8166287488083,Elobstacle2
1250.0,1151.5462444157527,269.8107960604329,Elobstacle2
1504.0,-0.5443786458970408,389.7616037001468,Elobstacle2
1522.0,2.4555071232954333,389.7877833066419,Elobstacle2
1479.0,-0.5443786458970408,389.7616037001468,Elobstacle2
1487.0,-0.5443786458970408,389.7616037001468,Elobstacle2
1480.0,-0.26512950994913353,357.7628221620933,Elobstacle2
1479.0,-0.4396602199166182,377.7620606233767,Elobstacle2
1481.0,0.42426679442246495,278.7658302400238,Elobstacle2
1481.0,0.27591569095011437,295.76518293211467,Elobstacle2
1480.0,0.057752303490701706,320.764231008719,Elobstacle2
1480.0,-0.09932533547998901,338.76354562387405,Elobstacle2
1482.0,0.5900709688914958,259.7665537018045,Elobstacle2
1503.0,35.4542505844131,390.07575897808823,Elobstacle2
1521.0,42.453984045862285,390.13684472657684,Elobstacle2
1436.0,9.455240584744615,389.84886905513054,Elobstacle2
1452.0,22.45474558457886,389.96231401660935,Elobstacle2
1469.0,22.45474558457886,389.96231401660935,Elobstacle2
1486.0,28.45451712296392,390.0146732295996,Elobstacle2
1379.0,-0.5443786458970408,389.7616037001468,Elobstacle2
1388.0,-0.5443786458970408,389.7616037001468,Elobstacle2
1404.0,-0.5443786458970408,389.7616037001468,Elobstacle2
1420.0,3.455469046359667,389.79650984214027,Elobstacle2
1380.0,0.04902576799236158,321.7641929317831,Elobstacle2
1380.0,-0.11677840647678295,340.7634694700024,Elobstacle2
1379.0,-0.26512950994913353,357.7628221620933,Elobstacle2
1380.0,-0.45711329091329844,379.7619844695051,Elobstacle2
1382.0,0.5900709688914958,259.7665537018045,Elobstacle2
1381.0,0.42426679442246495,278.7658302400238,Elobstacle2
1381.0,0.22355647795984623,301.7649544704997,Elobstacle2
1501.0,77.45265135310831,390.44227346901994,Elobstacle2
1519.0,81.45249904536502,390.4771796110134,Elobstacle2
1435.0,47.45379366118311,390.1804774040687,Elobstacle2
1451.0,53.453565199568175,390.232836617059,Elobstacle2
1468.0,60.45329866101736,390.2939223655476,Elobstacle2
1484.0,70.45291789165913,390.38118772053133,Elobstacle2
1372.0,21.45478366151474,389.953587481111,Elobstacle2
1388.0,28.45451712296392,390.0146732295996,Elobstacle2
1403.0,34.45428866134898,390.06703244258983,Elobstacle2
1419.0,40.45406019973393,390.1193916555801,Elobstacle2
1313.0,-0.5443786458970408,389.7616037001468,Elobstacle2
1327.0,3.455469046359667,389.79650984214027,Elobstacle2
1342.0,9.455240584744615,389.84886905513054,Elobstacle2
1357.0,15.455012123129677,389.90122826812075,Elobstacle2
1292.0,-0.5443786458970408,389.7616037001468,Elobstacle2
1298.0,-0.5443786458970408,389.7616037001468,Elobstacle2
1293.0,-0.2127702969588654,351.76305062370824,Elobstacle2
1292.0,-0.4309336844181644,376.76209870031255,Elobstacle2
1295.0,0.4853525429110732,271.76609677857454,Elobstacle2
1294.0,0.2933687619467946,293.7652590859863,Elobstacle2
1294.0,0.15374419397278416,309.7646498550131,Elobstacle2
1294.0,-0.06441919348651481,334.76369793161734,Elobstacle2
1498.0,118.45109019873928,390.80006142445325,Elobstacle2
1515.0,126.45078558325264,390.86987370844025,Elobstacle2
1433.0,84.45238481455749,390.50335921750855,Elobstacle2
1449.0,91.45211827600667,390.56444496599715,Elobstacle2
1465.0,99.45181366052003,390.63425724998416,Elobstacle2
1482.0,106.45154712196921,390.69534299847277,Elobstacle2
1371.0,57.45341289182488,390.26774275905245,Elobstacle2
1386.0,64.45314635327406,390.32882850754106,Elobstacle2
1401.0,74.45276558391583,390.4160938625248,Elobstacle2
1417.0,77.45265135310831,390.44227346901994,Elobstacle2
1312.0,31.454402892156395,390.04085283609476,Elobstacle2
1326.0,39.45409827666981,390.11066512008176,Elobstacle2
1341.0,44.45390789199064,390.1542977975736,Elobstacle2
1356.0,50.4536794303757,390.20665701056384,Elobstacle2
1256.0,6.455354815552141,389.8226894486354,Elobstacle2
1270.0,13.455088277001323,389.883775197124,Elobstacle2
1284.0,19.454859815386385,389.9361344101143,Elobstacle2
1298.0,25.454631353771447,389.9884936231045,Elobstacle2
1250.0,4.455430969423787,389.80523637763866,Elobstacle2
1250.0,3.909248892275059,337.79848984280335,Elobstacle2
1250.0,4.743406640870035,356.806492916521,Elobstacle2
1250.0,5.5688378539668975,376.8144579133028,Elobstacle2
1250.0,4.467747164170987,273.8009267666964,Elobstacle2
1250.0,7.2669226169008425,296.82623060366745,Elobstacle2
1250.0,4.092506137740884,316.79928945845575,Elobstacle2
1494.0,157.44960519824195,391.1403963088899,Elobstacle2
1511.0,164.44933865969114,391.2014820573785,Elobstacle2
1528.0,173.44899596726867,391.28002087686383,Elobstacle2
1430.0,122.45093789099599,390.8349675664468,Elobstacle2
1446.0,129.45067135244517,390.8960533149354,Elobstacle2
1462.0,137.45036673695853,390.9658655989224,Elobstacle2
1478.0,144.4501001984077,391.026951347411,Elobstacle2
1368.0,97.45188981439168,390.6168041789874,Elobstacle2
1383.0,104.45162327584086,390.67788992747603,Elobstacle2
1399.0,107.45150904503339,390.70406953397116,Elobstacle2
1414.0,115.45120442954675,390.77388181795817,Elobstacle2
1310.0,67.45303212246654,390.3550081140362,Elobstacle2
1325.0,72.45284173778748,390.39864079152807,Elobstacle2
1339.0,79.45257519923666,390.4597265400167,Elobstacle2
1354.0,86.45230866068584,390.5208122885053,Elobstacle2
1255.0,39.45409827666981,390.11066512008176,Elobstacle2
1268.0,50.4536794303757,390.20665701056384,Elobstacle2
1282.0,52.453603276504055,390.2241100815606,Elobstacle2
1296.0,58.453374814889,390.27646929455085,Elobstacle2
1250.0,37.45417443054146,390.09321204908497,Elobstacle2
1250.0,36.91671888889107,337.08650359118553,Elobstacle2
1250.0,36.76836778541872,354.0858562832764,Elobstacle2
1250.0,38.57630785058279,376.10247166168494,Elobstacle2
1250.0,37.45776408979032,275.0888643612069,Elobstacle2
1250.0,37.300686450819626,293.088178976362,Elobstacle2
1250.0,39.091173444986794,317.10471820089884,Elobstacle2
1490.0,191.4483105824238,391.4370985158346,Elobstacle2
1506.0,202.4478917361297,391.53309040631666,Elobstacle2
1523.0,210.44758712064305,391.60290269030367,Elobstacle2
1426.0,159.4495290443703,391.1578493798866,Elobstacle2
1441.0,170.4491101980762,391.2538412703687,Elobstacle2
1457.0,177.44884365952538,391.31492701885736,Elobstacle2
1473.0,186.44850096710292,391.3934658383427,Elobstacle2
1365.0,130.45063327550935,390.9047798504338,Elobstacle2
1380.0,136.45040481389435,390.957139063424,Elobstacle2
1395.0,144.4501001984077,391.026951347411,Elobstacle2
1410.0,153.44975750598525,391.10549016689635,Elobstacle2
1308.0,99.45181366052003,390.63425724998416,Elobstacle2
1322.0,106.45154712196921,390.69534299847277,Elobstacle2
1336.0,115.45120442954675,390.77388181795817,Elobstacle2
1351.0,121.45097596793181,390.8262410309484,Elobstacle2
1253.0,72.45284173778748,390.39864079152807,Elobstacle2
1266.0,84.45238481455749,390.50335921750855,Elobstacle2
1280.0,85.45234673762172,390.51208575300694,Elobstacle2
1294.0,92.45208019907085,390.57317150149555,Elobstacle2
1250.0,70.45291789165913,390.38118772053133,Elobstacle2
1250.0,71.95029233813057,333.3920846413719,Elobstacle2
1250.0,70.77579970509896,353.382596567157,Elobstacle2
1250.0,70.60999553062982,372.38187310537626,Elobstacle2
1250.0,70.482687157403,272.37695426346073,Elobstacle2
1250.0,71.29066529950296,294.3848431063709,Elobstacle2
1250.0,72.10736997710126,315.39277002621685,Elobstacle2
1484.0,230.44682558192648,391.77743340027115,Elobstacle2
1500.0,241.44640673563237,391.8734252907533,Elobstacle2
1517.0,248.44614019708155,391.9345110392419,Elobstacle2
1421.0,196.44812019774463,391.48073119332645,Elobstacle2
1436.0,206.44773942838634,391.5679965483102,Elobstacle2
1452.0,213.44747288983552,391.6290822967988,Elobstacle2
1468.0,221.44716827434894,391.6988945807858,Elobstacle2
1361.0,165.4493005827553,391.2102085928768,Elobstacle2
1376.0,172.44903404420455,391.27129434136543,Elobstacle2
1390.0,184.44857712097456,391.37601276734597,Elobstacle2
1405.0,192.44827250548798,391.4458250513329,Elobstacle2
1304.0,138.4503286600227,390.97459213442073,Elobstacle2
1318.0,144.4501001984077,391.026951347411,Elobstacle2
1332.0,152.44979558292113,391.096763631398,Elobstacle2
1347.0,156.44964327517778,391.1316697733915,Elobstacle2
1250.0,109.45143289116174,390.7215226049679,Elobstacle2
1264.0,112.45131866035427,390.74770221146304,Elobstacle2
1277.0,120.45101404486763,390.81751449545004,Elobstacle2
1291.0,126.45078558325264,390.86987370844025,Elobstacle2
1250.0,104.45162327584086,390.67788992747603,Elobstacle2
1250.0,105.98390386430589,329.68893915606,Elobstacle2
1250.0,105.81809968983674,348.6882156942792,Elobstacle2
1250.0,105.63484244437092,369.6874160786268,Elobstacle2
1250.0,104.51629868357833,268.6738087781488,Elobstacle2
1250.0,105.33300336117662,289.6817356979947,Elobstacle2
1250.0,104.14105765714822,311.6721714699081,Elobstacle2
1477.0,269.44534058142915,392.1177682847077,Elobstacle2
1493.0,279.44495981207086,392.20503363969146,Elobstacle2
1510.0,287.4446551965842,392.27484592367847,Elobstacle2
1526.0,298.4442363502901,392.3708378141606,Elobstacle2
1415.0,233.44671135111895,391.8036130067663,Elobstacle2
1430.0,242.44636865869654,391.88215182625163,Elobstacle2
1445.0,254.44591173546655,391.9868702522321,Elobstacle2
1461.0,261.4456451969158,392.0479560007208,Elobstacle2
1356.0,200.44796789000134,391.5156373353199,Elobstacle2
1370.0,211.44754904370723,391.61162922580206,Elobstacle2
1385.0,217.44732058209223,391.6639884387923,Elobstacle2
1400.0,224.4470540435414,391.72507418728094,Elobstacle2
1300.0,170.4491101980762,391.2538412703687,Elobstacle2
1314.0,175.44891981339703,391.29747394786057,Elobstacle2
1328.0,183.44861519791039,391.3672862318476,Elobstacle2
1342.0,191.4483105824238,391.4370985158346,Elobstacle2
1250.0,139.45029058308688,390.98331866991913,Elobstacle2
1260.0,145.4500621214719,391.03567788290934,Elobstacle2
1273.0,155.4496813521136,391.1229432378931,Elobstacle2
1287.0,160.44949096743449,391.16657591538495,Elobstacle2
1250.0,140.0262419259796,324.98583174768385,Elobstacle2
1250.0,138.8342962219512,346.97626751959723,Elobstacle2
1250.0,138.67721858298046,364.9755821347523,Elobstacle2
1250.0,139.50264979607715,384.9835471315341,Elobstacle2
1250.0,138.56736328075039,262.9707394467084,Elobstacle2
1250.0,139.37534142285034,284.9786282896186,Elobstacle2
1250.0,139.20081071288286,304.977866750902,Elobstacle2
1469.0,308.4438555809318,392.4581031691443,Elobstacle2
1485.0,317.44351288850936,392.5366419886297,Elobstacle2
1500.0,332.44294173447196,392.6675400211053,Elobstacle2
1516.0,344.442484811242,392.7722584470858,Elobstacle2
1408.0,270.4453025044933,392.1264948202061,Elobstacle2
1423.0,279.44495981207086,392.20503363969146,Elobstacle2
1438.0,289.4445790427126,392.2922989946752,Elobstacle2
1453.0,300.44416019641847,392.38829088515735,Elobstacle2
1350.0,236.44659712031148,391.8297926132614,Elobstacle2
1364.0,245.44625442788902,391.90833143274676,Elobstacle2
1378.0,256.4458355815949,392.00432332322885,Elobstacle2
1393.0,262.44560711997997,392.0566825362191,Elobstacle2
1295.0,203.4478536591938,391.54181694181506,Elobstacle2
1308.0,214.4474348128997,391.6378088322972,Elobstacle2
1322.0,220.44720635128476,391.6901680452874,Elobstacle2
1336.0,227.44693981273394,391.751253793776,Elobstacle2
1250.0,174.44895789033285,391.2887474123622,Elobstacle2
1256.0,177.44884365952538,391.31492701885736,Elobstacle2
1269.0,185.44853904403874,391.3847393028443,Elobstacle2
1282.0,193.4482344285521,391.4545515868313,Elobstacle2
1250.0,175.06854191071744,320.29145087480606,Elobstacle2
1250.0,173.89404927768578,340.2819628005911,Elobstacle2
1250.0,173.73697163871503,358.28127741574616,Elobstacle2
1250.0,175.54491170387917,380.2978927941547,Elobstacle2
1250.0,175.43505640164915,278.29305010611085,Elobstacle2
1250.0,174.2431106976207,300.28348587802424,Elobstacle2
