1376.3326913192127,451.532607719037,-82.51020812679188,Elobstacle4
1394.0185860878846,456.16547603569353,-80.2867332070118,Elobstacle4
1300.1172670432318,457.52362055261955,-84.87293491778674,Elobstacle4
1318.8036655089438,455.88941210571005,-83.69992011269677,Elobstacle4
1335.5287809277265,458.8581617734953,-82.46035524296076,Elobstacle4
1355.6891116960123,457.7768789615604,-83.7104424889419,Elobstacle4
1228.8137053052446,456.0222288618017,-87.03675554553116,Elobstacle4
1249.778604351433,454.334499185352,-86.88192646509506,Elobstacle4
1263.968641197536,458.91236396407714,-87.0824942053437,Elobstacle4
1281.0724384829437,460.5370098647619,-86.1759183429872,Elobstacle4
1177.3205053249592,454.8333902516425,-90.77405330449302,Elobstacle4
1180.0371830779964,455.538814147695,-101.80901502964521,Elobstacle4
1192.1993265990786,462.60426465515405,-92.09659670439058,Elobstacle4
1209.741472180735,458.98815207635283,-87.71326776595531,Elobstacle4
1127.5863392019505,457.6978567816914,-213.52907010225786,Elobstacle4
1126.2626218044797,456.3346120306495,-169.52219190072574,Elobstacle4
1127.2943383912104,457.3210129062346,-139.28772798698273,Elobstacle4
1147.6442225491965,463.97690667711726,-137.8932361030202,Elobstacle4
1129.9145756753137,456.75724719298694,-137.2081828480516,Elobstacle4
1177.7728178280925,455.6168184879682,-134.19724351193028,Elobstacle4
1132.4918597422363,459.8975923309204,-263.3388050068451,Elobstacle4
1386.1517124868064,502.53965126190354,-121.52662672970207,Elobstacle4
1406.6531003484165,504.0490966638881,-121.51926029369206,Elobstacle4
1428.9332890753444,496.63951554115056,-122.10985289879042,Elobstacle4
1280.9156169508155,504.26538700339506,-82.13334745283393,Elobstacle4
1302.3055738415032,503.31387910977406,-80.22167191538223,Elobstacle4
1318.1045741491819,504.6785503514697,-80.75844522039178,Elobstacle4
1374.975880939854,505.18254320575113,-121.81526094792432,Elobstacle4
1208.4386607793426,504.7316165364611,-85.59439798498714,Elobstacle4
1225.900052107037,504.97563348687044,-84.53874125973532,Elobstacle4
1247.184683347638,501.8416962159591,-83.36930551344467,Elobstacle4
1263.9747239094775,504.9228995302074,-83.61393620551685,Elobstacle4
1164.310976102206,497.8647235208725,-132.5889284824257,Elobstacle4
1204.1378097206527,495.282323987024,-151.05847349973072,Elobstacle4
1201.2171948060472,496.2236705655837,-86.31663877570521,Elobstacle4
1202.0732463086595,495.70639526200387,-109.03606084292514,Elobstacle4
1150.8859638615197,496.7140786337562,-216.58042456525544,Elobstacle4
1149.4756318020025,495.05564459153396,-180.63025969120497,Elobstacle4
1151.6500192813417,499.68163398732406,-147.0585887121961,Elobstacle4
1150.2701582028155,497.8184088521348,-132.20282398356755,Elobstacle4
1151.027403097622,495.85546619264557,-254.78444606373242,Elobstacle4
1299.4113499134635,548.3009362179278,-123.86145178468703,Elobstacle4
1310.8742804175401,548.1553142546195,-122.36722711049124,Elobstacle4
1331.0324084241659,543.0702161475726,-120.86688812224348,Elobstacle4
1354.0402986650129,542.9210510196878,-123.88700454323512,Elobstacle4
1226.958360497933,538.8086773899789,-81.27928555526316,Elobstacle4
1227.75818543889,538.1940148248772,-129.76928646648872,Elobstacle4
1229.0051302783666,542.3537866410863,-82.17380385671736,Elobstacle4
1241.8292990070001,548.5658984439158,-79.27163295169835,Elobstacle4
1173.3392718683283,537.5282690467027,-152.2766440568725,Elobstacle4
1178.5767921264746,539.0915326303864,-128.8412315442764,Elobstacle4
1199.984279262401,540.4349540373173,-126.79916793321276,Elobstacle4
1179.6907667651212,544.3005506270523,-129.40164752862987,Elobstacle4
1174.6971201326999,536.9163915137461,-188.4011204164183,Elobstacle4
1177.0644434128085,537.3459927401484,-263.5515014870375,Elobstacle4
1173.0532141356584,536.9879098405139,-225.60894721680353,Elobstacle4
1248.7538732953806,334.5596129321755,-193.4668664029529,Elobstacle4
1261.449181256199,332.5485313380468,-248.2739841385113,Elobstacle4
1375.311784492315,316.2274091783255,-137.12102710530394,Elobstacle4
1326.428335511402,313.0957279409141,-148.53105881426922,Elobstacle4
1360.925390383987,316.8405270018035,-152.76119351866137,Elobstacle4
1359.9979877574717,316.9160491829092,-136.7349226064458,Elobstacle4
1300.1413378360362,319.5653123887354,-140.15640379768956,Elobstacle4
1240.118786791916,335.60320438042277,-143.57454039851763,Elobstacle4
1245.1805297577191,334.37040037204815,-144.45034403324726,Elobstacle4
1263.5200791474874,326.13543170304575,-140.25675555778082,Elobstacle4
1280.1871543200698,327.0036527155282,-139.46188263869493,Elobstacle4
1306.330607822305,302.2854424667139,-140.1910893859315,Elobstacle4
1285.955742942489,306.99514129752174,-142.73317225046702,Elobstacle4
1297.2581580827955,300.5714985687687,-140.71781871897068,Elobstacle4
1305.3909075274917,304.65783381221,-229.39241155247925,Elobstacle4
1314.9943873780528,303.2915488428455,-266.2171675997545,Elobstacle4
1384.9529259727833,430.46329211218705,-83.8478956830021,Elobstacle4
1431.3298244979287,428.7233657498896,-125.14320882100725,Elobstacle4
1307.8940794180314,436.99345470670283,-86.72733227621812,Elobstacle4
1327.1397469088058,436.32792862630066,-86.86555264100991,Elobstacle4
1347.7983270403518,430.1096390263714,-86.00823146877777,Elobstacle4
1367.7081970163604,434.59454539690836,-83.55648654002673,Elobstacle4
1235.4835892939464,439.57480681082336,-88.55780843459137,Elobstacle4
1256.5004443967384,437.97706766417224,-89.59070024300634,Elobstacle4
1277.0252731843866,437.5271139410312,-87.6995370944469,Elobstacle4
1293.3139927380118,433.740003798151,-85.93390260716028,Elobstacle4
1168.0531686506713,434.7818922809297,-91.74859627730996,Elobstacle4
1186.2225054605603,438.2521067754889,-92.2529389145768,Elobstacle4
1201.6031920678954,440.89223743468744,-91.5507353476921,Elobstacle4
1219.854220544244,440.5039460461097,-88.74883511953058,Elobstacle4
1170.3303515791163,436.72608881112455,-250.21865060828497,Elobstacle4
1172.2621032261611,444.0719808114111,-311.02613148338503,Elobstacle4
1165.6629993261752,434.64199757220973,-157.01993085720926,Elobstacle4
1137.5680924541434,444.48761890710966,-139.8106624434687,Elobstacle4
1166.0513044884374,435.3145618420892,-97.05434801136929,Elobstacle4
1140.5191213067042,444.19278456772724,-153.75738821675313,Elobstacle4
1188.3737088214482,557.8774687575678,-267.5240875923919,Elobstacle4
1187.8801548888214,560.0896812677196,-229.23291035116722,Elobstacle4
1278.6022933296713,570.258592957224,-123.10805538510688,Elobstacle4
1299.0877700487176,573.7404794518818,-120.9442985528931,Elobstacle4
1205.3179555765255,563.9132441116541,-125.79078054810836,Elobstacle4
1258.1214493078085,570.7847305294645,-124.96793197972401,Elobstacle4
1259.6511127405397,571.434185313435,-121.84035085865892,Elobstacle4
1267.0527772948335,570.2542443820536,-168.7855034159439,Elobstacle4
1185.1546399503573,557.6377067281796,-189.3851224274974,Elobstacle4
1187.287902101274,559.6708314834923,-129.91238929810316,Elobstacle4
1188.5493819597878,562.4648731551767,-164.77920373131425,Elobstacle4
1188.7522097272677,560.7234710575884,-125.75329902024086,Elobstacle4
1422.2164959241836,405.32792338280103,-128.31829708779043,Elobstacle4
1316.9300975328601,414.64429717969904,-89.24615517415646,Elobstacle4
1335.0719344252177,412.0668804198897,-87.09811908370123,Elobstacle4
1352.517013132252,412.2826430825114,-85.66955414377291,Elobstacle4
1374.8727200389583,403.003863284045,-87.16386110721803,Elobstacle4
1248.1639590261548,417.5378514457667,-92.04717006913506,Elobstacle4
1262.1853044483478,413.8235341074782,-89.51770164622154,Elobstacle4
1279.8329418360495,416.39013869652973,-89.56965416531587,Elobstacle4
1299.1907487892513,411.9188438625852,-87.0976714655089,Elobstacle4
1174.4984295543438,421.9454116341276,-93.30846485187827,Elobstacle4
1195.5249522264276,422.36441720867555,-91.41236313579759,Elobstacle4
1208.9914246430722,421.689031633029,-92.84587591503445,Elobstacle4
1230.4241847398728,414.81166106712254,-89.88895841046931,Elobstacle4
1164.2942024743234,424.271171879562,-92.43421933663677,Elobstacle4
1181.169769810614,423.5005119125672,-181.24998409849854,Elobstacle4
1182.2491258975588,419.194206136251,-144.7916359339274,Elobstacle4
1156.982457468474,415.606858037443,-198.36734506932825,Elobstacle4
1155.0241596946278,416.2149867967922,-200.41457283382778,Elobstacle4
1154.9192263126438,416.0332368477857,-276.72324144982025,Elobstacle4
1156.747816811229,417.20044849757335,-248.44785893120485,Elobstacle4
1199.3290934141153,582.2654551881487,-273.2275958656867,Elobstacle4
1272.1338915425129,585.0549924180962,-123.27374634359305,Elobstacle4
1199.3180365349085,579.9300322987621,-123.83587267979237,Elobstacle4
1252.831250984454,585.6218382512986,-160.2126931697209,Elobstacle4
1252.8396756523814,585.6364302041859,-125.0775247298285,Elobstacle4
1256.883262220101,592.6401275842791,-121.35852924787613,Elobstacle4
1198.9643553878575,581.901405125501,-233.1183407137739,Elobstacle4
1198.6709009921587,581.553558282227,-205.0505776817097,Elobstacle4
1200.2471706266522,580.0688669241454,-164.94132252979693,Elobstacle4
1198.8031823926103,579.8820871867827,-131.89258600727402,Elobstacle4
1367.485547539068,476.2089051899591,-81.15907710723893,Elobstacle4
1414.8408051694819,480.23061741134984,-121.96193914781995,Elobstacle4
1291.974632837518,479.42016440087497,-82.9795303135553,Elobstacle4
1309.9511800604123,480.5564575355893,-82.22667799505687,Elobstacle4
1329.2133132597053,479.91945089892397,-82.74130617898821,Elobstacle4
1347.4904063221516,479.57630469774546,-80.53524511551603,Elobstacle4
1222.7778311289424,481.56778812035304,-87.40925260970003,Elobstacle4
1237.9078971062013,479.7738311148349,-87.27782556254904,Elobstacle4
1254.568853862025,482.63145471862936,-84.57158694621933,Elobstacle4
1272.4671074316611,481.6321392679904,-85.17892869407858,Elobstacle4
1193.4197848578945,480.7181603679403,-152.16500503764703,Elobstacle4
1188.8665257330135,474.83168422361996,-90.8218829597109,Elobstacle4
1192.1410258304816,476.50328476182364,-103.13500858417733,Elobstacle4
1200.0828203652272,484.2588763992759,-87.60840949133541,Elobstacle4
1139.6245620631078,478.9587755718893,-217.41450046486455,Elobstacle4
1139.4953315349164,478.45875519183676,-177.30524531295174,Elobstacle4
1138.579162199731,477.4640451557682,-139.2755352999701,Elobstacle4
1143.8762851754382,476.2031689728794,-134.12025032401604,Elobstacle4
1156.1459395791258,477.2720653626399,-134.5063548228742,Elobstacle4
1140.316250855748,476.4308922808259,-253.71328830990566,Elobstacle4
1377.4166727667816,529.4101186606885,-119.87282961502656,Elobstacle4
1272.0238972545903,526.8644767228722,-82.91320149858636,Elobstacle4
1295.0205713629343,520.6958846836277,-84.43637732472303,Elobstacle4
1336.651911804354,526.8034815153636,-122.85737481303424,Elobstacle4
1355.1417858196342,528.8288827353759,-121.89508823501312,Elobstacle4
1213.6693021537985,517.7913531531907,-84.13028416275182,Elobstacle4
1220.3307695142198,525.3293530744023,-82.08012974845728,Elobstacle4
1236.0538403665555,524.562510641653,-84.03114293147506,Elobstacle4
1255.5905372009224,522.4010621708463,-82.49860645818326,Elobstacle4
1191.6591970339277,525.7868698643351,-129.27701025801468,Elobstacle4
1165.744609257102,516.4915876715912,-130.11108615762376,Elobstacle4
1213.137990218778,516.8710938870673,-106.40557748702831,Elobstacle4
1171.4661299818792,522.6926349239244,-132.40242430991773,Elobstacle4
1162.0748846137549,516.0640903336557,-219.6439717152657,Elobstacle4
1160.4796174173953,515.6627351966891,-183.60665109846755,Elobstacle4
1162.439569651765,516.3144965373856,-155.36457658090802,Elobstacle4
1163.6100044814796,516.7014491131476,-257.67368172824735,Elobstacle4
1325.2150084991247,388.99418390945385,-89.21829850141798,Elobstacle4
1344.7039566795793,378.7500323440783,-87.72049023840191,Elobstacle4
1364.9434094669248,387.80579288915203,-86.50305251341742,Elobstacle4
1408.5642266693908,384.35176207360394,-129.50099595839015,Elobstacle4
1253.6930172547025,397.1144612156182,-93.58624840552557,Elobstacle4
1272.8315326555412,388.26334227131,-92.4012282191648,Elobstacle4
1288.2467219292778,392.9632333017128,-89.33776404560386,Elobstacle4
1306.9665960666941,391.3870064190126,-88.93000659741331,Elobstacle4
1209.5244387523194,400.6122391513962,-93.78572809362647,Elobstacle4
1217.4785273490183,400.38912472878314,-159.98243269623555,Elobstacle4
1217.1121644151076,399.75456551323947,-94.2387714750963,Elobstacle4
1235.5940188277996,395.766076374113,-91.53985339131562,Elobstacle4
1170.0424636013445,396.2274522067355,-139.0351808688942,Elobstacle4
1240.977250132274,395.0901065023582,-241.8247732219353,Elobstacle4
1154.7207037948376,405.6893857604992,-138.9885148599296,Elobstacle4
1146.7185500259027,399.82924886272497,-245.18365403787442,Elobstacle4
1143.9898953411916,397.10308031249457,-196.32239989111542,Elobstacle4
1145.1350771330272,399.08659335985635,-171.02652310360793,Elobstacle4
1144.2960951197203,397.63343388617284,-144.07019032007054,Elobstacle4
1147.9277366618533,401.9236215520247,-290.1439664818596,Elobstacle4
1265.1403750198833,606.9418664773297,-242.379741901293,Elobstacle4
1265.612081848526,607.7588866708161,-269.40033951493535,Elobstacle4
1336.1633515612202,367.9572703516974,-92.7082119207313,Elobstacle4
1350.681565559024,365.10355463105105,-90.06349786580563,Elobstacle4
1399.0208609923868,353.05181708125025,-132.2899797263152,Elobstacle4
1259.7249369174012,371.56205253858604,-93.12335074671321,Elobstacle4
1277.7837709526425,372.840870613078,-94.25158356611867,Elobstacle4
1295.3606448385913,369.28490922177207,-90.66214729658181,Elobstacle4
1315.3591056061284,365.92325934431915,-91.36186456273877,Elobstacle4
1253.769679023896,375.2472432948594,-95.56755159918535,Elobstacle4
1263.9078538292963,374.80707715382727,-172.0978327570774,Elobstacle4
1266.001127206125,374.4327329966258,-157.40799198489267,Elobstacle4
1214.5349602530578,375.29071696309114,-142.6904877864342,Elobstacle4
1195.1600336293488,379.73235965790855,-143.2014992629257,Elobstacle4
1149.5300446022363,386.6989003141392,-150.69263495808755,Elobstacle4
1153.9207526943435,386.3038298108727,-172.61453625947217,Elobstacle4
1161.2459886972786,384.99151074538906,-140.27129491445987,Elobstacle4
1173.5365554352097,384.2793967893017,-255.2268886296345,Elobstacle4
1177.6667603181954,383.43312149230235,-140.67487418034432,Elobstacle4
1338.2040244444747,343.49181946712247,-91.66843390925078,Elobstacle4
1384.4245456369224,339.6231791507795,-133.94593883852073,Elobstacle4
1294.2641651275603,349.3857506527978,-93.94646293266581,Elobstacle4
1304.6130904792174,343.3106151656054,-92.95480316766303,Elobstacle4
1304.040825637645,348.27390280780884,-138.81446774537693,Elobstacle4
1320.513754891614,346.85137380197887,-92.66563337136867,Elobstacle4
1255.4815416331978,352.2122763097476,-139.6364409967166,Elobstacle4
1316.232087947258,345.8646582529763,-184.63942385759722,Elobstacle4
1238.0036173390813,355.93962342149536,-139.11476985924796,Elobstacle4
1220.5356659000354,357.6842440249221,-141.7543480211992,Elobstacle4
1193.6214189884904,361.0674009266723,-141.6715409100215,Elobstacle4
1202.6085180819152,360.63351316914043,-142.31510065275285,Elobstacle4
1203.9457384812972,360.9496468417875,-192.42364408907036,Elobstacle4
1216.9469704228463,357.4684411255378,-248.33258671205604,Elobstacle4
1375.0232753713726,317.64492533425596,-138.03006606064804,Elobstacle4
1389.8512758824872,333.1397741031055,-135.20360076485542,Elobstacle4
1364.3714695804795,323.75042510094124,-229.38102952897813,Elobstacle4
1361.058392765155,320.4873730149551,-189.62039734805597,Elobstacle4
1360.925390383987,316.8405270018035,-152.76119351866137,Elobstacle4
1359.9979877574717,316.9160491829092,-136.7349226064458,Elobstacle4
1366.5755398172926,325.4537881082034,-270.31216789348736,Elobstacle4
1368.9603754092163,344.35275090996566,-138.27934060187835,Elobstacle4
1385.9810900546977,353.8797705831406,-134.80530357898465,Elobstacle4
1397.117583647021,362.20282064845935,-131.67988952708163,Elobstacle4
1411.5189978553933,373.44337170023493,-130.19824190037144,Elobstacle4
1334.0404161753388,326.2802384021651,-92.55388190900908,Elobstacle4
1334.2363054783552,328.61952862764883,-116.82936318862113,Elobstacle4
1320.387772607974,310.63316608586086,-140.95132242340003,Elobstacle4
1306.330607822305,302.2854424667139,-140.1910893859315,Elobstacle4
1297.2581580827955,300.5714985687687,-140.71781871897068,Elobstacle4
1297.4654548445967,302.9305470924529,-168.63696712658472,Elobstacle4
1301.9421050696014,306.6843327298754,-208.30951795842768,Elobstacle4
1304.010026980017,308.2660785448005,-247.2481869844949,Elobstacle4
1420.28143748876,413.2463304336195,-126.79916793321276,Elobstacle4
1435.3468539889716,419.60293214966424,-126.66233797558495,Elobstacle4
1337.1474053868487,355.6617015750684,-91.3588985178944,Elobstacle4
1350.681565559024,365.10355463105105,-90.06349786580563,Elobstacle4
1394.5195426728524,390.36112861740156,-131.66769684006897,Elobstacle4
1404.5260477169963,399.3365778751928,-128.54228278816592,Elobstacle4
1310.841386073127,340.09833957881426,-96.75227270768774,Elobstacle4
1314.8942766660289,343.11815200323855,-115.38577323605274,Elobstacle4
1301.0666963389542,325.16808033100517,-144.71051660737464,Elobstacle4
1320.513754891614,346.85137380197887,-92.66563337136867,Elobstacle4
1278.3369065107615,311.798929503213,-140.69484291663042,Elobstacle4
1279.779000174564,318.29670899819223,-207.39536871675773,Elobstacle4
1279.5716602349169,313.93758568828525,-168.5857444616241,Elobstacle4
1287.579255410917,311.8071473795609,-140.2899198929062,Elobstacle4
1283.242131999986,320.295029273132,-249.25290196416418,Elobstacle4
1386.978790334931,419.97219211667027,-83.36705363279597,Elobstacle4
1428.493702070691,445.5160645676794,-126.0025735614712,Elobstacle4
1330.5175863681252,380.1785181896529,-89.6274676000762,Elobstacle4
1346.7286606262505,390.2569224499979,-86.98431383835921,Elobstacle4
1358.289023835077,396.2800588816354,-86.46256111673428,Elobstacle4
1374.8727200389583,403.003863284045,-87.16386110721803,Elobstacle4
1290.5657887164684,352.97997480327234,-108.38834791226776,Elobstacle4
1294.2641651275603,349.3857506527978,-93.94646293266581,Elobstacle4
1299.414740045874,354.3068080995071,-91.77828898110509,Elobstacle4
1315.3591056061284,365.92325934431915,-91.36186456273877,Elobstacle4
1280.0117958157855,338.6999228765683,-140.59099721425792,Elobstacle4
1257.3410481357841,323.433036049232,-140.73180664672634,Elobstacle4
1257.488944248369,327.689199630471,-170.5174536859389,Elobstacle4
1263.5200791474874,326.13543170304575,-140.25675555778082,Elobstacle4
1262.7682395371444,328.8332072987887,-212.36026912566498,Elobstacle4
1265.933987836074,334.31644419650945,-257.9820474771933,Elobstacle4
1378.1191216830377,444.6267958733658,-81.72960273490266,Elobstacle4
1394.0185860878846,456.16547603569353,-80.2867332070118,Elobstacle4
1324.536500885337,399.8189742490513,-89.22871219287396,Elobstacle4
1335.0719344252177,412.0668804198897,-87.09811908370123,Elobstacle4
1350.6914345369003,419.12064820215187,-85.55522686784,Elobstacle4
1368.317514662313,429.6499145176468,-83.98811068251996,Elobstacle4
1270.5296082565726,364.27629225711405,-94.2263738539529,Elobstacle4
1279.3706816726046,363.58948060712817,-92.05993341445429,Elobstacle4
1292.6905524326748,376.66017351382084,-91.03957729188366,Elobstacle4
1308.044656249928,387.2542614299908,-88.60342092954288,Elobstacle4
1273.721943802683,365.8055796177855,-116.13492248519171,Elobstacle4
1255.4815416331978,352.2122763097476,-139.6364409967166,Elobstacle4
1238.2981324188836,338.4497385033083,-140.42704969062646,Elobstacle4
1245.487997831594,338.9029506977047,-140.07819512072706,Elobstacle4
1241.3637808949434,337.75959742198984,-176.48274929710504,Elobstacle4
1241.5258898403442,342.0403783517855,-221.32320697597186,Elobstacle4
1243.443124150161,343.3611255864027,-256.2729635654384,Elobstacle4
1368.3893664737875,469.77436550573645,-79.99931344152358,Elobstacle4
1411.394637246004,494.26167947647224,-121.04959229650991,Elobstacle4
1313.6021208711386,420.8800725151937,-86.05799550909624,Elobstacle4
1325.2947411911593,437.1322849830822,-84.2833915809323,Elobstacle4
1344.3838124716956,442.1955263102747,-82.86553393515763,Elobstacle4
1354.8700871943004,460.35828691195155,-81.63489285708623,Elobstacle4
1259.7249369174012,371.56205253858604,-93.12335074671321,Elobstacle4
1272.8315326555412,388.26334227131,-92.4012282191648,Elobstacle4
1288.2467219292778,392.9632333017128,-89.33776404560386,Elobstacle4
1299.1907487892513,411.9188438625852,-87.0976714655089,Elobstacle4
1252.93959001446,377.8094869557118,-93.23906616334956,Elobstacle4
1234.4027235806686,361.70269247926706,-138.83563576221349,Elobstacle4
1257.0168084395834,380.8714364215816,-158.3235564638016,Elobstacle4
1226.1093613833225,343.33816778789253,-140.58985573240435,Elobstacle4
1219.8306759809693,350.4631656662757,-142.33230970377548,Elobstacle4
1220.371143644054,349.39928311858614,-179.53060891614805,Elobstacle4
1224.2067092557775,354.04267763385553,-226.19053907252717,Elobstacle4
1228.4993086224724,357.4776778335092,-272.92203349440217,Elobstacle4
1386.1517124868064,502.53965126190354,-121.52662672970207,Elobstacle4
1400.2319481171735,514.927334756241,-120.97593343426279,Elobstacle4
1307.7313830166192,442.7116562732484,-85.03180325730227,Elobstacle4
1318.8036655089438,455.88941210571005,-83.69992011269677,Elobstacle4
1333.563435410167,469.4540834826541,-84.3246644110576,Elobstacle4
1345.9005778894502,482.82264107698927,-80.63646831244787,Elobstacle4
1253.1818885200778,398.22916027803984,-90.2255101409996,Elobstacle4
1266.640966403617,413.5409669953566,-89.23744825297977,Elobstacle4
1279.8329418360495,416.39013869652973,-89.56965416531587,Elobstacle4
1292.856741652467,432.9480216861713,-86.95480820628609,Elobstacle4
1234.5736513457193,385.9987480527591,-92.2878399397093,Elobstacle4
1214.851061186193,371.8382198396014,-141.93442707315864,Elobstacle4
1241.3486349513646,387.7333638781828,-159.65123050336877,Elobstacle4
1239.5333292573391,386.5891621848617,-92.05573078582013,Elobstacle4
1202.6085180819152,360.63351316914043,-142.31510065275285,Elobstacle4
1199.8057431005363,357.77896449920934,-143.65780775455246,Elobstacle4
1204.450193008242,363.823387712564,-188.16856182383978,Elobstacle4
1204.925372786335,362.6464232309501,-229.39356428599044,Elobstacle4
1209.8048612452556,365.09794515674685,-279.1853607461751,Elobstacle4
1377.4166727667816,529.4101186606885,-119.87282961502656,Elobstacle4
1299.6025029916132,464.63202306130603,-83.45282066281207,Elobstacle4
1309.9511800604123,480.5564575355893,-82.22667799505687,Elobstacle4
1323.835313746523,488.60448249901174,-80.60799040481417,Elobstacle4
1360.987684088587,514.9542755530815,-121.68678646790974,Elobstacle4
1242.47084507567,421.67708883024807,-89.01029563509063,Elobstacle4
1259.7826298451819,425.6619796207395,-89.70834024620564,Elobstacle4
1273.1553966765555,440.82429121045044,-86.74719867706425,Elobstacle4
1285.862609191743,450.8338289093304,-86.34511940449715,Elobstacle4
1213.6819251766424,395.8132168701015,-92.989141211717,Elobstacle4
1217.4785273490183,400.38912472878314,-159.98243269623555,Elobstacle4
1217.1121644151076,399.75456551323947,-94.2387714750963,Elobstacle4
1232.0189867573292,403.5739391893703,-91.02769931478329,Elobstacle4
1196.5143134895322,374.07804118341335,-141.56303055907676,Elobstacle4
1183.6044959315047,367.71758125646517,-153.65169565857866,Elobstacle4
1186.158466746028,366.14118846826705,-140.60975521496107,Elobstacle4
1185.1057593646183,372.31784579816303,-195.39790696235914,Elobstacle4
1187.9259686239566,375.20259152331306,-236.21258243402372,Elobstacle4
1190.474414495058,377.6166292524,-284.10154919975594,Elobstacle4
1285.0386467329715,491.40668406720886,-81.67534556011154,Elobstacle4
1302.3055738415032,503.31387910977406,-80.22167191538223,Elobstacle4
1336.651911804354,526.8034815153636,-122.85737481303424,Elobstacle4
1352.9010871029482,540.9478787136218,-121.07488122468172,Elobstacle4
1235.4835892939464,439.57480681082336,-88.55780843459137,Elobstacle4
1249.1288235027284,451.20904574161057,-86.65157670850182,Elobstacle4
1263.968641197536,458.91236396407714,-87.0824942053437,Elobstacle4
1275.7388825023147,477.2990199212997,-83.93231893853991,Elobstacle4
1195.7200871830617,406.70240086789875,-98.12570352360892,Elobstacle4
1199.9153580074199,405.9688230871985,-91.89288163938525,Elobstacle4
1214.3547734567724,414.9786242770721,-91.49427999671853,Elobstacle4
1225.2776932519441,425.8976763293092,-89.89794514081993,Elobstacle4
1199.207070932683,410.1512834272419,-140.7197013988128,Elobstacle4
1175.571776310808,387.8045027504627,-139.43148980337725,Elobstacle4
1163.3175403063865,378.5795433828648,-144.68177375278762,Elobstacle4
1163.8334427747338,379.4731126697929,-151.61824138066015,Elobstacle4
1166.380183657901,383.884197273151,-200.35979150785397,Elobstacle4
1170.1031310761696,386.3325313554995,-248.19478194255782,Elobstacle4
1280.6310694460642,507.7725362679989,-80.80228463507453,Elobstacle4
1295.0205713629343,520.6958846836277,-84.43637732472303,Elobstacle4
1324.0278921381603,554.9380380577671,-120.2741019355015,Elobstacle4
1228.8137053052446,456.0222288618017,-87.03675554553116,Elobstacle4
1240.5302102661847,472.3158107412826,-85.80815700724335,Elobstacle4
1254.568853862025,482.63145471862936,-84.57158694621933,Elobstacle4
1264.53367114065,499.89102453334834,-82.89408739711298,Elobstacle4
1178.7729206275512,419.3490473494223,-92.036621313009,Elobstacle4
1190.7923509781313,424.16731139466253,-93.68547339694899,Elobstacle4
1201.9145693658838,439.43155873512666,-90.345134875607,Elobstacle4
1217.6204192712958,446.63488874735117,-90.77620797706403,Elobstacle4
1177.4927014599925,419.1316427063873,-105.51553503751703,Elobstacle4
1154.8067835945542,391.8384803471136,-140.03419651885443,Elobstacle4
1182.2491258975588,419.194206136251,-144.7916359339274,Elobstacle4
1149.1140958775402,387.97845598962215,-142.58332304346553,Elobstacle4
1150.2441077795581,391.9356940170748,-205.47471153623133,Elobstacle4
1147.7518665521532,389.6190055864915,-163.59882925743727,Elobstacle4
1153.5198495237,395.60944515040273,-261.2669767144699,Elobstacle4
1271.284056619873,531.5830351540376,-79.49780817950675,Elobstacle4
1302.8936344228362,560.3324299145714,-121.79370668071996,Elobstacle4
1222.6141331817319,479.2842549586898,-86.81709558254703,Elobstacle4
1234.0890527362794,491.15939863993174,-86.36581972253423,Elobstacle4
1247.184683347638,501.8416962159591,-83.36930551344467,Elobstacle4
1257.415523483158,515.562031134795,-82.59939339432468,Elobstacle4
1168.0531686506713,434.7818922809297,-91.74859627730996,Elobstacle4
1181.0248074948358,449.2494298164564,-91.09134020603234,Elobstacle4
1194.7936782443069,455.09781351738945,-89.98772499685587,Elobstacle4
1206.5428828346394,465.4480328163667,-87.4829156707337,Elobstacle4
1164.2942024743234,424.271171879562,-92.43421933663677,Elobstacle4
1152.2032458930182,411.3290207686321,-197.89670927804704,Elobstacle4
1152.0428251877324,411.05116395649117,-139.70322868674754,Elobstacle4
1163.2358359303614,428.43802725238874,-116.15843014966656,Elobstacle4
1152.2549006597324,411.4184894490344,-231.01372550396835,Elobstacle4
1152.1726193258698,411.27597399826993,-155.74163505608283,Elobstacle4
1152.0113594652134,410.9966637263913,-270.20531335540284,Elobstacle4
1278.6022933296713,570.258592957224,-123.10805538510688,Elobstacle4
1208.4386607793426,504.7316165364611,-85.59439798498714,Elobstacle4
1222.1531896472204,516.4858773374958,-85.2722494144362,Elobstacle4
1234.3315876076886,527.5794813598195,-81.1051321799399,Elobstacle4
1248.6397413144691,534.3619305424684,-80.85586854116131,Elobstacle4
1193.4197848578945,480.7181603679403,-152.16500503764703,Elobstacle4
1188.8665257330135,474.83168422361996,-90.8218829597109,Elobstacle4
1191.0167944273257,478.5560588520932,-105.55611050465528,Elobstacle4
1198.0445106012157,488.7284203264445,-85.78102061677728,Elobstacle4
1149.1109017004524,446.42095138320957,-213.4419143595102,Elobstacle4
1146.2338540425653,443.3519928185045,-166.62076354919816,Elobstacle4
1142.9133779776178,441.20023930508927,-137.81827304728517,Elobstacle4
1191.342425165519,479.1200678351504,-239.21090894489924,Elobstacle4
1188.9906703435715,475.0467089965921,-162.50212121729552,Elobstacle4
1152.2676431541804,451.94503701950794,-286.1641273202076,Elobstacle4
1231.1465727268148,548.0628737632834,-150.9248335565029,Elobstacle4
1230.3014949547403,546.5991561257032,-97.18512755006618,Elobstacle4
1230.7428388212377,547.3635861260857,-84.3268680138654,Elobstacle4
1260.5292408306568,584.9551477810712,-120.7774894907619,Elobstacle4
1178.8349406781554,508.08549109686817,-133.18682599464665,Elobstacle4
1230.394722462341,546.7606309055304,-168.15859759994856,Elobstacle4
1168.387002780032,493.21081531277133,-132.763239967921,Elobstacle4
1230.66152491906,547.2227463161521,-221.309623318086,Elobstacle4
1156.1459395791258,477.2720653626399,-134.5063548228742,Elobstacle4
1132.4918597422363,459.8975923309204,-263.3388050068451,Elobstacle4
1133.0437403153392,455.25149626131565,-220.50243298890007,Elobstacle4
1128.015712476405,453.12249033393897,-170.69269808431278,Elobstacle4
1128.367203963861,450.8494221249015,-138.72731200262928,Elobstacle4
1134.9675770510341,453.7392567054256,-136.21198814995984,Elobstacle4
1143.86542494706,468.1572932491373,-134.73034052324965,Elobstacle4
1146.4460975506206,490.18970189511424,-241.36065474693393,Elobstacle4
1145.4923090555903,489.41798885725586,-205.32333413013578,Elobstacle4
1147.268174985322,491.64129104755017,-283.37514355228257,Elobstacle4
1145.105674563458,488.0169129539316,-166.29742941906238,Elobstacle4
1147.656863272856,490.32602051582916,-134.89245932173233,Elobstacle4
1150.2701582028155,497.8184088521348,-132.20282398356755,Elobstacle4
1205.3179555765255,563.9132441116541,-125.79078054810836,Elobstacle4
1160.0502152813674,507.2265142530388,-132.06599402593974,Elobstacle4
1172.3392498665487,522.2891777065493,-133.39861900800946,Elobstacle4
1185.7653530062025,535.990882842533,-127.757881103437,Elobstacle4
1196.4755934654202,550.5128406062257,-126.18907773397915,Elobstacle4
1193.2197086029435,570.5227296971609,-248.28524688552557,Elobstacle4
1199.3180365349085,579.9300322987621,-123.83587267979237,Elobstacle4
1192.7919951615147,570.5975936397089,-212.16077052597976,Elobstacle4
1190.214566567818,567.0104536380106,-173.39633304314933,Elobstacle4
1191.064683029809,567.9577826710175,-153.21097185307144,Elobstacle4
1194.057158757318,573.7649490660909,-124.53311862177364,Elobstacle4
