1930.0,643.0,395.0,Elobstacle2
1834.0,581.0,395.0,Elobstacle2
1859.0,592.0,395.0,Elobstacle2
1883.0,607.0,395.0,Elobstacle2
1907.0,623.0,395.0,Elobstacle2
1747.0,524.0,395.0,Elobstacle2
1769.0,535.0,395.0,Elobstacle2
1789.0,554.0,395.0,Elobstacle2
1812.0,565.0,395.0,Elobstacle2
1667.0,472.0,395.0,Elobstacle2
1686.0,486.0,395.0,Elobstacle2
1706.0,498.0,395.0,Elobstacle2
1727.0,509.0,395.0,Elobstacle2
1650.0,459.0,395.0,Elobstacle2
1650.0,459.0,354.0,Elobstacle2
1650.0,459.0,374.0,Elobstacle2
1650.0,460.0,392.0,Elobstacle2
1650.0,459.0,278.0,Elobstacle2
1650.0,459.0,299.0,Elobstacle2
1650.0,459.0,317.0,Elobstacle2
1650.0,459.0,332.0,Elobstacle2
1922.0,84.0,395.0,Elobstacle2
1823.0,55.0,395.0,Elobstacle2
1847.0,60.0,395.0,Elobstacle2
1872.0,66.0,395.0,Elobstacle2
1897.0,74.0,395.0,Elobstacle2
1733.0,23.0,395.0,Elobstacle2
1755.0,30.0,395.0,Elobstacle2
1777.0,37.0,395.0,Elobstacle2
1800.0,44.0,395.0,Elobstacle2
1650.0,0.0,395.0,Elobstacle2
1669.0,2.0,395.0,Elobstacle2
1690.0,9.0,395.0,Elobstacle2
1711.0,16.0,395.0,Elobstacle2
1650.0,0.0,335.0,Elobstacle2
1650.0,1.0,356.0,Elobstacle2
1650.0,0.0,374.0,Elobstacle2
1650.0,0.0,391.0,Elobstacle2
1650.0,0.0,277.0,Elobstacle2
1650.0,0.0,296.0,Elobstacle2
1650.0,0.0,317.0,Elobstacle2
1894.0,742.0,395.0,Elobstacle2
1920.0,756.0,395.0,Elobstacle2
1802.0,674.0,395.0,Elobstacle2
1825.0,688.0,395.0,Elobstacle2
1847.0,707.0,395.0,Elobstacle2
1870.0,725.0,395.0,Elobstacle2
1716.0,618.0,395.0,Elobstacle2
1739.0,627.0,395.0,Elobstacle2
1757.0,648.0,395.0,Elobstacle2
1781.0,657.0,395.0,Elobstacle2
1650.0,563.0,395.0,Elobstacle2
1659.0,572.0,395.0,Elobstacle2
1677.0,589.0,395.0,Elobstacle2
1696.0,604.0,395.0,Elobstacle2
1650.0,563.0,327.0,Elobstacle2
1650.0,563.0,346.0,Elobstacle2
1650.0,563.0,366.0,Elobstacle2
1650.0,563.0,383.0,Elobstacle2
1650.0,563.0,269.0,Elobstacle2
1650.0,563.0,287.0,Elobstacle2
1650.0,563.0,303.0,Elobstacle2
1853.0,839.0,395.0,Elobstacle2
1877.0,857.0,395.0,Elobstacle2
1901.0,877.0,395.0,Elobstacle2
1926.0,897.0,395.0,Elobstacle2
1764.0,768.0,395.0,Elobstacle2
1785.0,786.0,395.0,Elobstacle2
1808.0,802.0,395.0,Elobstacle2
1829.0,823.0,395.0,Elobstacle2
1683.0,703.0,395.0,Elobstacle2
1703.0,718.0,395.0,Elobstacle2
1723.0,734.0,395.0,Elobstacle2
1743.0,752.0,395.0,Elobstacle2
1650.0,674.0,395.0,Elobstacle2
1664.0,687.0,395.0,Elobstacle2
1650.0,675.0,370.0,Elobstacle2
1650.0,674.0,389.0,Elobstacle2
1650.0,674.0,293.0,Elobstacle2
1650.0,674.0,312.0,Elobstacle2
1650.0,674.0,334.0,Elobstacle2
1650.0,674.0,352.0,Elobstacle2
1650.0,674.0,274.0,Elobstacle2
1915.0,184.0,395.0,Elobstacle2
1818.0,146.0,395.0,Elobstacle2
1842.0,155.0,395.0,Elobstacle2
1866.0,164.0,395.0,Elobstacle2
1890.0,174.0,395.0,Elobstacle2
1729.0,113.0,395.0,Elobstacle2
1751.0,121.0,395.0,Elobstacle2
1772.0,135.0,395.0,Elobstacle2
1795.0,138.0,395.0,Elobstacle2
1650.0,84.0,395.0,Elobstacle2
1667.0,90.0,395.0,Elobstacle2
1687.0,97.0,395.0,Elobstacle2
1708.0,105.0,395.0,Elobstacle2
1650.0,84.0,335.0,Elobstacle2
1650.0,84.0,353.0,Elobstacle2
1650.0,84.0,372.0,Elobstacle2
1650.0,84.0,390.0,Elobstacle2
1650.0,85.0,275.0,Elobstacle2
1650.0,85.0,296.0,Elobstacle2
1650.0,84.0,314.0,Elobstacle2
1806.0,936.0,395.0,Elobstacle2
1830.0,954.0,395.0,Elobstacle2
1853.0,975.0,395.0,Elobstacle2
1875.0,999.0,395.0,Elobstacle2
1722.0,858.0,395.0,Elobstacle2
1742.0,878.0,395.0,Elobstacle2
1763.0,896.0,395.0,Elobstacle2
1784.0,916.0,395.0,Elobstacle2
1650.0,793.0,395.0,Elobstacle2
1662.0,808.0,395.0,Elobstacle2
1683.0,822.0,395.0,Elobstacle2
1702.0,840.0,395.0,Elobstacle2
1650.0,793.0,329.0,Elobstacle2
1650.0,793.0,351.0,Elobstacle2
1650.0,793.0,368.0,Elobstacle2
1650.0,793.0,386.0,Elobstacle2
1650.0,793.0,271.0,Elobstacle2
1650.0,793.0,291.0,Elobstacle2
1650.0,793.0,312.0,Elobstacle2
1899.0,1022.0,395.0,Elobstacle2
1927.0,1039.0,395.0,Elobstacle2
1756.0,1027.0,395.0,Elobstacle2
1778.0,1048.0,395.0,Elobstacle2
1799.0,1071.0,395.0,Elobstacle2
1822.0,1093.0,395.0,Elobstacle2
1672.0,952.0,395.0,Elobstacle2
1693.0,969.0,395.0,Elobstacle2
1715.0,986.0,395.0,Elobstacle2
1736.0,1005.0,395.0,Elobstacle2
1650.0,921.0,395.0,Elobstacle2
1656.0,928.0,395.0,Elobstacle2
1650.0,921.0,362.0,Elobstacle2
1650.0,922.0,381.0,Elobstacle2
1650.0,921.0,279.0,Elobstacle2
1650.0,921.0,304.0,Elobstacle2
1650.0,921.0,320.0,Elobstacle2
1650.0,921.0,343.0,Elobstacle2
1895.0,1162.0,395.0,Elobstacle2
1918.0,1191.0,395.0,Elobstacle2
1845.0,1117.0,395.0,Elobstacle2
1869.0,1140.0,395.0,Elobstacle2
1903.0,283.0,395.0,Elobstacle2
1928.0,295.0,395.0,Elobstacle2
1808.0,241.0,395.0,Elobstacle2
1831.0,251.0,395.0,Elobstacle2
1854.0,264.0,395.0,Elobstacle2
1878.0,275.0,395.0,Elobstacle2
1720.0,208.0,395.0,Elobstacle2
1741.0,218.0,395.0,Elobstacle2
1763.0,224.0,395.0,Elobstacle2
1785.0,234.0,395.0,Elobstacle2
1650.0,173.0,395.0,Elobstacle2
1659.0,181.0,395.0,Elobstacle2
1679.0,189.0,395.0,Elobstacle2
1700.0,194.0,395.0,Elobstacle2
1650.0,173.0,323.0,Elobstacle2
1650.0,174.0,346.0,Elobstacle2
1650.0,173.0,366.0,Elobstacle2
1650.0,174.0,384.0,Elobstacle2
1650.0,173.0,269.0,Elobstacle2
1650.0,174.0,290.0,Elobstacle2
1650.0,173.0,308.0,Elobstacle2
1696.0,1123.0,395.0,Elobstacle2
1716.0,1146.0,395.0,Elobstacle2
1741.0,1163.0,395.0,Elobstacle2
1761.0,1189.0,395.0,Elobstacle2
1650.0,1061.0,395.0,Elobstacle2
1660.0,1075.0,395.0,Elobstacle2
1678.0,1099.0,395.0,Elobstacle2
1650.0,1061.0,379.0,Elobstacle2
1650.0,1061.0,303.0,Elobstacle2
1650.0,1062.0,326.0,Elobstacle2
1650.0,1061.0,340.0,Elobstacle2
1650.0,1062.0,367.0,Elobstacle2
1650.0,1061.0,267.0,Elobstacle2
1650.0,1061.0,284.0,Elobstacle2
1885.0,385.0,395.0,Elobstacle2
1910.0,395.0,395.0,Elobstacle2
1930.0,431.0,395.0,Elobstacle2
1792.0,340.0,395.0,Elobstacle2
1815.0,348.0,395.0,Elobstacle2
1838.0,359.0,395.0,Elobstacle2
1861.0,373.0,395.0,Elobstacle2
1707.0,296.0,395.0,Elobstacle2
1728.0,305.0,395.0,Elobstacle2
1749.0,315.0,395.0,Elobstacle2
1770.0,329.0,395.0,Elobstacle2
1650.0,264.0,395.0,Elobstacle2
1667.0,276.0,395.0,Elobstacle2
1687.0,285.0,395.0,Elobstacle2
1650.0,264.0,392.0,Elobstacle2
1650.0,264.0,318.0,Elobstacle2
1650.0,264.0,337.0,Elobstacle2
1650.0,264.0,354.0,Elobstacle2
1650.0,265.0,373.0,Elobstacle2
1650.0,264.0,275.0,Elobstacle2
1650.0,264.0,296.0,Elobstacle2
1924.0,0.0,395.0,Elobstacle2
1871.0,0.0,395.0,Elobstacle2
1873.0,0.0,395.0,Elobstacle2
1898.0,0.0,395.0,Elobstacle2
1871.0,0.0,370.0,Elobstacle2
1871.0,0.0,297.0,Elobstacle2
1871.0,0.0,314.0,Elobstacle2
1871.0,0.0,339.0,Elobstacle2
1871.0,0.0,351.0,Elobstacle2
1871.0,0.0,276.0,Elobstacle2
1862.0,484.0,395.0,Elobstacle2
1886.0,497.0,395.0,Elobstacle2
1911.0,509.0,395.0,Elobstacle2
1930.0,545.0,395.0,Elobstacle2
1772.0,432.0,395.0,Elobstacle2
1794.0,444.0,395.0,Elobstacle2
1816.0,458.0,395.0,Elobstacle2
1839.0,470.0,395.0,Elobstacle2
1690.0,382.0,395.0,Elobstacle2
1710.0,394.0,395.0,Elobstacle2
1730.0,408.0,395.0,Elobstacle2
1752.0,417.0,395.0,Elobstacle2
1650.0,360.0,395.0,Elobstacle2
1650.0,364.0,395.0,Elobstacle2
1669.0,376.0,395.0,Elobstacle2
1650.0,360.0,377.0,Elobstacle2
1650.0,360.0,298.0,Elobstacle2
1650.0,360.0,317.0,Elobstacle2
1650.0,360.0,337.0,Elobstacle2
1650.0,363.0,358.0,Elobstacle2
1650.0,360.0,279.0,Elobstacle2
1854.0,514.0,395.0,Elobstacle2
1881.0,516.0,395.0,Elobstacle2
1910.0,513.0,395.0,Elobstacle2
1750.0,514.0,395.0,Elobstacle2
1775.0,515.0,395.0,Elobstacle2
1801.0,514.0,395.0,Elobstacle2
1827.0,514.0,395.0,Elobstacle2
1655.0,513.0,395.0,Elobstacle2
1678.0,513.0,395.0,Elobstacle2
1702.0,512.0,395.0,Elobstacle2
1725.0,515.0,395.0,Elobstacle2
1650.0,486.0,395.0,Elobstacle2
1650.0,486.0,350.0,Elobstacle2
1650.0,486.0,363.0,Elobstacle2
1650.0,486.0,387.0,Elobstacle2
1650.0,486.0,268.0,Elobstacle2
1650.0,486.0,291.0,Elobstacle2
1650.0,486.0,309.0,Elobstacle2
1650.0,486.0,326.0,Elobstacle2
1912.0,213.0,395.0,Elobstacle2
1809.0,232.0,395.0,Elobstacle2
1834.0,227.0,395.0,Elobstacle2
1859.0,226.0,395.0,Elobstacle2
1885.0,222.0,395.0,Elobstacle2
1715.0,246.0,395.0,Elobstacle2
1738.0,241.0,395.0,Elobstacle2
1761.0,239.0,395.0,Elobstacle2
1785.0,234.0,395.0,Elobstacle2
1650.0,245.0,395.0,Elobstacle2
1650.0,250.0,395.0,Elobstacle2
1671.0,250.0,395.0,Elobstacle2
1693.0,246.0,395.0,Elobstacle2
1650.0,231.0,322.0,Elobstacle2
1650.0,231.0,342.0,Elobstacle2
1650.0,257.0,356.0,Elobstacle2
1650.0,257.0,375.0,Elobstacle2
1650.0,240.0,282.0,Elobstacle2
1650.0,232.0,303.0,Elobstacle2
1863.0,817.0,395.0,Elobstacle2
1893.0,822.0,395.0,Elobstacle2
1923.0,828.0,395.0,Elobstacle2
1751.0,797.0,395.0,Elobstacle2
1777.0,804.0,395.0,Elobstacle2
1805.0,808.0,395.0,Elobstacle2
1834.0,812.0,395.0,Elobstacle2
1650.0,778.0,395.0,Elobstacle2
1673.0,785.0,395.0,Elobstacle2
1698.0,790.0,395.0,Elobstacle2
1724.0,794.0,395.0,Elobstacle2
1650.0,753.0,395.0,Elobstacle2
1650.0,753.0,341.0,Elobstacle2
1650.0,753.0,364.0,Elobstacle2
1650.0,753.0,382.0,Elobstacle2
1650.0,753.0,265.0,Elobstacle2
1650.0,753.0,284.0,Elobstacle2
1650.0,753.0,307.0,Elobstacle2
1650.0,753.0,325.0,Elobstacle2
1878.0,418.0,395.0,Elobstacle2
1906.0,414.0,395.0,Elobstacle2
1775.0,420.0,395.0,Elobstacle2
1800.0,419.0,395.0,Elobstacle2
1825.0,420.0,395.0,Elobstacle2
1852.0,415.0,395.0,Elobstacle2
1679.0,427.0,395.0,Elobstacle2
1703.0,423.0,395.0,Elobstacle2
1726.0,424.0,395.0,Elobstacle2
1750.0,423.0,395.0,Elobstacle2
1650.0,400.0,395.0,Elobstacle2
1657.0,426.0,395.0,Elobstacle2
1650.0,400.0,369.0,Elobstacle2
1650.0,400.0,386.0,Elobstacle2
1650.0,408.0,291.0,Elobstacle2
1650.0,400.0,312.0,Elobstacle2
1650.0,404.0,331.0,Elobstacle2
1650.0,401.0,350.0,Elobstacle2
1650.0,400.0,270.0,Elobstacle2
1824.0,612.0,395.0,Elobstacle2
1852.0,612.0,395.0,Elobstacle2
1880.0,614.0,395.0,Elobstacle2
1909.0,615.0,395.0,Elobstacle2
1721.0,604.0,395.0,Elobstacle2
1746.0,606.0,395.0,Elobstacle2
1771.0,609.0,395.0,Elobstacle2
1798.0,608.0,395.0,Elobstacle2
1650.0,573.0,395.0,Elobstacle2
1650.0,597.0,395.0,Elobstacle2
1672.0,603.0,395.0,Elobstacle2
1696.0,604.0,395.0,Elobstacle2
1650.0,573.0,325.0,Elobstacle2
1650.0,575.0,343.0,Elobstacle2
1650.0,573.0,363.0,Elobstacle2
1650.0,573.0,382.0,Elobstacle2
1650.0,574.0,267.0,Elobstacle2
1650.0,574.0,286.0,Elobstacle2
1650.0,573.0,305.0,Elobstacle2
1921.0,115.0,395.0,Elobstacle2
1819.0,133.0,395.0,Elobstacle2
1844.0,131.0,395.0,Elobstacle2
1869.0,127.0,395.0,Elobstacle2
1894.0,122.0,395.0,Elobstacle2
1726.0,150.0,395.0,Elobstacle2
1748.0,152.0,395.0,Elobstacle2
1771.0,148.0,395.0,Elobstacle2
1795.0,137.0,395.0,Elobstacle2
1650.0,170.0,395.0,Elobstacle2
1660.0,172.0,395.0,Elobstacle2
1682.0,160.0,395.0,Elobstacle2
1703.0,163.0,395.0,Elobstacle2
1650.0,168.0,328.0,Elobstacle2
1650.0,173.0,348.0,Elobstacle2
1650.0,152.0,368.0,Elobstacle2
1650.0,169.0,384.0,Elobstacle2
1650.0,172.0,271.0,Elobstacle2
1650.0,156.0,292.0,Elobstacle2
1650.0,164.0,311.0,Elobstacle2
1818.0,913.0,395.0,Elobstacle2
1847.0,920.0,395.0,Elobstacle2
1877.0,928.0,395.0,Elobstacle2
1908.0,935.0,395.0,Elobstacle2
1706.0,890.0,395.0,Elobstacle2
1733.0,895.0,395.0,Elobstacle2
1760.0,902.0,395.0,Elobstacle2
1789.0,907.0,395.0,Elobstacle2
1650.0,846.0,395.0,Elobstacle2
1655.0,877.0,395.0,Elobstacle2
1680.0,884.0,395.0,Elobstacle2
1650.0,846.0,385.0,Elobstacle2
1650.0,846.0,308.0,Elobstacle2
1650.0,846.0,332.0,Elobstacle2
1650.0,846.0,345.0,Elobstacle2
1650.0,847.0,369.0,Elobstacle2
1650.0,846.0,269.0,Elobstacle2
1650.0,846.0,293.0,Elobstacle2
1924.0,15.0,395.0,Elobstacle2
1824.0,37.0,395.0,Elobstacle2
1848.0,38.0,395.0,Elobstacle2
1873.0,31.0,395.0,Elobstacle2
1898.0,23.0,395.0,Elobstacle2
1732.0,62.0,395.0,Elobstacle2
1754.0,59.0,395.0,Elobstacle2
1777.0,50.0,395.0,Elobstacle2
1800.0,43.0,395.0,Elobstacle2
1650.0,85.0,395.0,Elobstacle2
1667.0,78.0,395.0,Elobstacle2
1688.0,73.0,395.0,Elobstacle2
1710.0,67.0,395.0,Elobstacle2
1650.0,79.0,336.0,Elobstacle2
1650.0,81.0,355.0,Elobstacle2
1650.0,71.0,374.0,Elobstacle2
1650.0,85.0,391.0,Elobstacle2
1650.0,87.0,277.0,Elobstacle2
1650.0,83.0,295.0,Elobstacle2
1650.0,83.0,314.0,Elobstacle2
1767.0,1008.0,395.0,Elobstacle2
1796.0,1016.0,395.0,Elobstacle2
1826.0,1025.0,395.0,Elobstacle2
1857.0,1033.0,395.0,Elobstacle2
1657.0,978.0,395.0,Elobstacle2
1684.0,984.0,395.0,Elobstacle2
1711.0,992.0,395.0,Elobstacle2
1739.0,999.0,395.0,Elobstacle2
1650.0,944.0,395.0,Elobstacle2
1650.0,944.0,351.0,Elobstacle2
1650.0,944.0,372.0,Elobstacle2
1650.0,944.0,391.0,Elobstacle2
1650.0,945.0,274.0,Elobstacle2
1650.0,944.0,293.0,Elobstacle2
1650.0,944.0,313.0,Elobstacle2
1650.0,944.0,334.0,Elobstacle2
1888.0,1042.0,395.0,Elobstacle2
1921.0,1050.0,395.0,Elobstacle2
1650.0,0.0,395.0,Elobstacle2
1650.0,2.0,337.0,Elobstacle2
1650.0,0.0,354.0,Elobstacle2
1650.0,2.0,374.0,Elobstacle2
1650.0,0.0,391.0,Elobstacle2
1650.0,0.0,277.0,Elobstacle2
1650.0,0.0,299.0,Elobstacle2
1650.0,0.0,319.0,Elobstacle2
1712.0,1099.0,395.0,Elobstacle2
1741.0,1108.0,395.0,Elobstacle2
1770.0,1119.0,395.0,Elobstacle2
1800.0,1129.0,395.0,Elobstacle2
1650.0,1045.0,395.0,Elobstacle2
1656.0,1081.0,395.0,Elobstacle2
1684.0,1089.0,395.0,Elobstacle2
1650.0,1045.0,387.0,Elobstacle2
1650.0,1045.0,313.0,Elobstacle2
1650.0,1045.0,333.0,Elobstacle2
1650.0,1045.0,348.0,Elobstacle2
1650.0,1045.0,368.0,Elobstacle2
1650.0,1045.0,274.0,Elobstacle2
1650.0,1047.0,294.0,Elobstacle2
1896.0,1161.0,395.0,Elobstacle2
1930.0,1172.0,395.0,Elobstacle2
1832.0,1138.0,395.0,Elobstacle2
1863.0,1150.0,395.0,Elobstacle2
1652.0,1187.0,395.0,Elobstacle2
1680.0,1198.0,395.0,Elobstacle2
1716.0,1200.0,395.0,Elobstacle2
1754.0,1199.0,395.0,Elobstacle2
1650.0,1151.0,395.0,Elobstacle2
1650.0,1151.0,351.0,Elobstacle2
1650.0,1152.0,368.0,Elobstacle2
1650.0,1151.0,387.0,Elobstacle2
1650.0,1151.0,269.0,Elobstacle2
1650.0,1151.0,286.0,Elobstacle2
1650.0,1151.0,304.0,Elobstacle2
1650.0,1151.0,329.0,Elobstacle2
1898.0,315.0,395.0,Elobstacle2
1925.0,314.0,395.0,Elobstacle2
1794.0,329.0,395.0,Elobstacle2
1819.0,326.0,395.0,Elobstacle2
1845.0,321.0,395.0,Elobstacle2
1871.0,319.0,395.0,Elobstacle2
1700.0,334.0,395.0,Elobstacle2
1723.0,332.0,395.0,Elobstacle2
1746.0,332.0,395.0,Elobstacle2
1770.0,329.0,395.0,Elobstacle2
1650.0,338.0,395.0,Elobstacle2
1655.0,341.0,395.0,Elobstacle2
1677.0,339.0,395.0,Elobstacle2
1650.0,316.0,385.0,Elobstacle2
1650.0,316.0,308.0,Elobstacle2
1650.0,316.0,328.0,Elobstacle2
1650.0,316.0,346.0,Elobstacle2
1650.0,317.0,365.0,Elobstacle2
1650.0,338.0,265.0,Elobstacle2
1650.0,316.0,287.0,Elobstacle2
1903.0,719.0,395.0,Elobstacle2
1790.0,705.0,395.0,Elobstacle2
1817.0,709.0,395.0,Elobstacle2
1845.0,712.0,395.0,Elobstacle2
1874.0,715.0,395.0,Elobstacle2
1687.0,694.0,395.0,Elobstacle2
1712.0,696.0,395.0,Elobstacle2
1737.0,700.0,395.0,Elobstacle2
1763.0,703.0,395.0,Elobstacle2
1650.0,662.0,395.0,Elobstacle2
1662.0,692.0,395.0,Elobstacle2
1650.0,662.0,372.0,Elobstacle2
1650.0,662.0,390.0,Elobstacle2
1650.0,662.0,296.0,Elobstacle2
1650.0,663.0,316.0,Elobstacle2
1650.0,662.0,335.0,Elobstacle2
1650.0,662.0,357.0,Elobstacle2
1650.0,662.0,277.0,Elobstacle2
