2067.6955450312275,-98.82163120555347,-41.203642865819575,Elobstacle3
2066.9790033795052,-99.16505166390633,-187.06893372679255,Elobstacle3
2065.1417684558287,-99.68050964991774,-130.43002352234873,Elobstacle3
2083.69187595117,-98.08398998287147,-124.23496965234068,Elobstacle3
2062.4842184284594,-99.60988749168277,-139.4986942546812,Elobstacle3
2070.3891525859576,-98.8332543192203,-205.47388600709473,Elobstacle3
2066.366326649355,-99.14168467417065,-253.5312132044487,Elobstacle3
2065.0445009126897,-99.34204624002402,-297.3455748000634,Elobstacle3
2075.2206141327783,-98.76001074059872,-237.55702874633738,Elobstacle3
2056.069002742697,-80.63962686979178,-16.83391660613742,Elobstacle3
2005.5372989127527,-82.35249044109001,-16.981051618250603,Elobstacle3
2029.3994683592584,-74.54226553591647,-18.1812061640193,Elobstacle3
1916.893406519962,-96.79861744605343,-22.872625808126088,Elobstacle3
1935.0915248985052,-96.9819631767827,-16.934376672568675,Elobstacle3
1950.5294325647517,-90.8962993068074,-19.69197878977272,Elobstacle3
1973.0835208263547,-85.61793622706085,-16.449701652777293,Elobstacle3
1901.8613928522147,-99.9327427371139,-116.7047368553932,Elobstacle3
1910.2198691730205,-97.38632314960708,-37.38023303422855,Elobstacle3
1911.1366737010496,-99.26415552299991,-88.52043649188568,Elobstacle3
1898.531720084596,-99.86596804657823,-47.48498494784192,Elobstacle3
1899.9533638729747,-99.159876729629,-152.91564300439646,Elobstacle3
1899.740656316674,-99.38278679810156,-207.9878952549872,Elobstacle3
1901.2129014309514,-99.52355633950047,-190.3326602901513,Elobstacle3
1898.5330188917333,-99.84742739474574,-124.797515980009,Elobstacle3
2003.1620723116262,-45.85069710181975,-16.234791427568496,Elobstacle3
2028.6100702836811,-40.04877746593364,-15.24991292508767,Elobstacle3
2055.2748877510066,-31.919175615750575,-16.735569526994425,Elobstacle3
1950.7963879369172,-56.802670296100914,-16.02881923907276,Elobstacle3
1900.995603948193,-79.24990631774213,-15.39671798659947,Elobstacle3
1925.7486745843853,-66.16317422304179,-18.09087394375385,Elobstacle3
1979.6127987670418,-54.37643880249649,-15.140774024535602,Elobstacle3
1816.006111819747,-86.18711151177092,-19.91106196701699,Elobstacle3
1834.9987309869525,-89.74296774094441,-17.41237483883822,Elobstacle3
1853.6485282266124,-93.07303131689181,-20.451642493606187,Elobstacle3
1876.6298092659667,-75.80752161859184,-15.749355264751387,Elobstacle3
1791.290806106458,-93.90877591795703,-16.603588748365723,Elobstacle3
1767.5375434440887,-98.20555356043177,-16.778733182900368,Elobstacle3
1765.5467984103636,-98.65547822100496,-53.45092168370098,Elobstacle3
1768.8913822848183,-97.29051130011814,-37.96099099087479,Elobstacle3
1761.7307799796197,-99.19574471774524,-103.35557583811661,Elobstacle3
1763.9968334583477,-99.47026907746266,-77.7262870514619,Elobstacle3
1762.2658421977758,-98.93883046455892,-139.97189268400658,Elobstacle3
2000.6735972710535,-15.61016501560897,-16.098167623535375,Elobstacle3
2027.484388584472,-13.47251737313114,-16.05179484105375,Elobstacle3
2056.298734979253,-4.055414791160061,-16.518949714809168,Elobstacle3
1897.7677016956166,-42.41657471512368,-15.081626230549261,Elobstacle3
1924.1438172205035,-34.38900780243185,-15.564359946699824,Elobstacle3
1952.2515661056027,-33.0146448398975,-19.32698081542418,Elobstacle3
1975.2272671049357,-27.513791647052685,-17.211887343230046,Elobstacle3
1806.3158186898022,-64.23496107979167,-15.373463308230782,Elobstacle3
1827.3829148725179,-52.658996844251554,-15.06023761621941,Elobstacle3
1850.8646727209186,-60.309060359857455,-16.068593802745283,Elobstacle3
1876.5175641242172,-45.51895966900885,-15.470398332367893,Elobstacle3
1760.8721122371176,-79.7297075891372,-17.155523220202667,Elobstacle3
1741.9872311636846,-77.01956553677604,-17.089444897953285,Elobstacle3
1726.0291318843488,-84.81520232698963,-21.851560900342605,Elobstacle3
1782.2653560044232,-77.11155051864522,-15.759996411021206,Elobstacle3
1699.7523075594377,-90.65132351788155,-21.597727598887587,Elobstacle3
1699.2363097349892,-85.138671334089,-79.48532021113274,Elobstacle3
1697.1112034086775,-85.08508431813304,-48.712081780061084,Elobstacle3
1702.969219178159,-90.50326506738433,-32.56321445864563,Elobstacle3
1696.136232380689,-86.72215390416667,-127.86982320592833,Elobstacle3
1698.8114922891511,-86.48666640967852,-189.72219174674774,Elobstacle3
1697.477889935052,-90.85050859628612,-165.2021726099531,Elobstacle3
1700.809006674845,-91.44519430860586,-109.01692038801303,Elobstacle3
1695.1734792457937,-92.86657948189881,-226.9891404487269,Elobstacle3
2003.3811514371664,12.860463789483395,-16.919032121681738,Elobstacle3
2026.1405139148412,20.288247654787476,-15.57619887624702,Elobstacle3
2056.933110006473,36.77168729155228,-18.85967738834711,Elobstacle3
1953.1565360191385,0.35049688710235216,-15.290333305982813,Elobstacle3
1901.0991242279388,-14.739438783793261,-15.44661042374969,Elobstacle3
1923.6893935318453,-8.681647639038156,-15.10488879835816,Elobstacle3
1975.2785645189101,7.941109763194305,-16.963353444663397,Elobstacle3
1876.6722908862207,-22.92078764623642,-17.044694514745487,Elobstacle3
1805.437195606532,-27.638073422485967,-17.06522188157487,Elobstacle3
1831.9682202409608,-31.0372382661481,-17.787313042846534,Elobstacle3
1851.671014861324,-16.854833232477933,-15.888287043314193,Elobstacle3
1765.664249946104,-43.507682948559186,-16.787073149383076,Elobstacle3
1743.4001071106543,-42.983121278017975,-15.72541351806396,Elobstacle3
1725.5288620575755,-49.562469307003894,-16.47742892993722,Elobstacle3
1785.287859447829,-45.30489856811192,-17.50648227475574,Elobstacle3
1697.289144446847,-68.1113602232598,-24.849435955268802,Elobstacle3
1706.3704750873758,-62.06210932557035,-23.861401893134598,Elobstacle3
1697.150506665232,-66.52383373007144,-49.94836955381456,Elobstacle3
1697.3364896596925,-67.93212361324429,-76.3055026897907,Elobstacle3
1695.2653321993332,-65.35180412574006,-100.44144769259631,Elobstacle3
1695.682446619509,-66.28341765433353,-154.75547150895198,Elobstacle3
1696.0210696561583,-67.24084935350459,-184.81841911455246,Elobstacle3
1695.8252768179966,-59.64811530915766,-129.1691685158307,Elobstacle3
1698.0593750847158,-57.88045285341726,-215.46804723512096,Elobstacle3
1698.5119206780553,-66.97540769080956,-283.91558822006743,Elobstacle3
1695.5029002530282,-68.77004244808015,-248.27588535659126,Elobstacle3
1700.2866861473858,-66.2378278375703,-319.7757884206995,Elobstacle3
2026.0846955427799,53.518041535603174,-15.056678378072661,Elobstacle3
2005.8996132116736,47.44423737370239,-21.22991823531322,Elobstacle3
2066.1474298192015,68.77279270318962,-15.340230685016792,Elobstacle3
1975.3730181328942,46.282181433900696,-16.157645099785412,Elobstacle3
1905.1592670585787,19.056657132022067,-19.742573498602297,Elobstacle3
1922.4899837503715,29.989419760791066,-15.071285282305382,Elobstacle3
1954.3960521775155,33.81945530284392,-18.95335757930144,Elobstacle3
1808.6958398416532,-1.7182964035555166,-15.348681998125528,Elobstacle3
1828.5135037518144,1.7426397344657474,-15.872837173368254,Elobstacle3
1851.5365470497056,6.294543172595979,-15.736365983895041,Elobstacle3
1875.6791867975367,20.184703993373624,-16.05157245148149,Elobstacle3
1784.7731664270502,-6.705625298013551,-16.20861724186662,Elobstacle3
1760.2349369685442,-15.880260310673417,-16.212581259390504,Elobstacle3
1743.9145068722767,-17.28051025897566,-15.220531917359096,Elobstacle3
1719.9564572146085,-26.996042397397716,-16.884323291994548,Elobstacle3
1695.6490956590023,-30.590521464880293,-54.42978323467507,Elobstacle3
1697.5233023075627,-39.18581889371311,-20.29052876031332,Elobstacle3
1695.6751271892138,-32.468505737475965,-72.77551831936513,Elobstacle3
1700.8893718431527,-28.341497717186698,-30.500896488714886,Elobstacle3
1695.2921856683065,-36.52020989014449,-97.29763294333742,Elobstacle3
1697.8615419337764,-38.5952255948158,-128.24567514763322,Elobstacle3
1695.0843559242394,-38.492920299331175,-155.79440444744867,Elobstacle3
1697.7648693362314,-26.263872592655886,-187.783422392725,Elobstacle3
1696.8749093877561,-32.06907956096898,-246.64460744052963,Elobstacle3
1697.285584436735,-32.69037866540516,-282.84568279898235,Elobstacle3
1695.0234891856146,-31.128539941743586,-215.753537651779,Elobstacle3
1699.0192768157594,-30.502241707366444,-312.26516778736016,Elobstacle3
1718.7747358335523,-2.790919169679526,-19.593334558474254,Elobstacle3
1740.3753742328897,15.987425878122686,-18.625053728277607,Elobstacle3
1700.3791260773185,-5.966292010317645,-15.341510347174307,Elobstacle3
1695.4977999851935,-3.2483921710322363,-49.13612337298028,Elobstacle3
1695.484066389803,-4.661650307668236,-73.04795209677141,Elobstacle3
1695.8822475862794,-11.739634146610385,-22.249081417770412,Elobstacle3
1695.6390532354735,-9.211844676211339,-124.75536426011563,Elobstacle3
1696.386875061825,-1.8551923945860835,-156.80073058074342,Elobstacle3
1697.2839515737157,-10.82602026957462,-184.6746803263733,Elobstacle3
1695.6275737428023,-6.331815431348161,-97.34331248261012,Elobstacle3
1695.6656092119192,0.6154645207711411,-304.30666729069867,Elobstacle3
1696.5365931355902,-7.865152958119147,-214.0933796271935,Elobstacle3
1695.8191166640825,-8.102167996565532,-275.6758164285045,Elobstacle3
1696.3311839654955,-10.592977948860742,-247.2821204693912,Elobstacle3
1695.0078240917576,21.92504042497889,-69.96683532340184,Elobstacle3
1695.9581458829846,22.867920827585053,-182.06483819731724,Elobstacle3
1696.1992694819019,29.89577273213743,-155.49398741948121,Elobstacle3
1695.5726752034875,22.308228929479043,-132.2701521377389,Elobstacle3
1696.6403459507706,18.59151463506797,-100.5761863348882,Elobstacle3
1696.2373894040059,24.720953076998647,-212.8670238360167,Elobstacle3
1695.035063780282,30.99777515631391,-271.49852698153785,Elobstacle3
1696.401135700801,18.381253785291783,-243.4993128132613,Elobstacle3
1701.5662325009766,26.616105240054555,-322.0637070710015,Elobstacle3
1697.6315760342536,51.611920218318645,-185.24735274464777,Elobstacle3
1695.3991976110437,56.450003259038546,-242.87573635448814,Elobstacle3
1698.1710334328639,60.696750328149655,-280.636509095301,Elobstacle3
1695.9921234736623,50.7523987268767,-214.8171131165121,Elobstacle3
