1529.0,360.0,395.0,Elobstacle2
1464.0,320.0,395.0,Elobstacle2
1480.0,329.0,395.0,Elobstacle2
1496.0,340.0,395.0,Elobstacle2
1512.0,351.0,395.0,Elobstacle2
1403.0,282.0,395.0,Elobstacle2
1418.0,291.0,395.0,Elobstacle2
1433.0,301.0,395.0,Elobstacle2
1448.0,312.0,395.0,Elobstacle2
1345.0,249.0,395.0,Elobstacle2
1359.0,258.0,395.0,Elobstacle2
1374.0,263.0,395.0,Elobstacle2
1388.0,275.0,395.0,Elobstacle2
1291.0,211.0,395.0,Elobstacle2
1304.0,222.0,395.0,Elobstacle2
1318.0,228.0,395.0,Elobstacle2
1331.0,241.0,395.0,Elobstacle2
1250.0,186.0,395.0,Elobstacle2
1251.0,191.0,395.0,Elobstacle2
1264.0,199.0,395.0,Elobstacle2
1277.0,207.0,395.0,Elobstacle2
1250.0,187.0,315.0,Elobstacle2
1250.0,187.0,337.0,Elobstacle2
1250.0,186.0,355.0,Elobstacle2
1250.0,186.0,378.0,Elobstacle2
1250.0,186.0,274.0,Elobstacle2
1250.0,186.0,298.0,Elobstacle2
1522.0,389.0,395.0,Elobstacle2
1458.0,347.0,395.0,Elobstacle2
1474.0,355.0,395.0,Elobstacle2
1490.0,365.0,395.0,Elobstacle2
1506.0,376.0,395.0,Elobstacle2
1398.0,306.0,395.0,Elobstacle2
1413.0,315.0,395.0,Elobstacle2
1428.0,325.0,395.0,Elobstacle2
1443.0,335.0,395.0,Elobstacle2
1341.0,270.0,395.0,Elobstacle2
1355.0,278.0,395.0,Elobstacle2
1369.0,288.0,395.0,Elobstacle2
1383.0,299.0,395.0,Elobstacle2
1287.0,234.0,395.0,Elobstacle2
1300.0,244.0,395.0,Elobstacle2
1314.0,251.0,395.0,Elobstacle2
1327.0,262.0,395.0,Elobstacle2
1250.0,210.0,395.0,Elobstacle2
1261.0,217.0,395.0,Elobstacle2
1274.0,225.0,395.0,Elobstacle2
1250.0,214.0,391.0,Elobstacle2
1250.0,211.0,310.0,Elobstacle2
1250.0,211.0,330.0,Elobstacle2
1250.0,212.0,353.0,Elobstacle2
1250.0,212.0,370.0,Elobstacle2
1250.0,210.0,270.0,Elobstacle2
1250.0,210.0,292.0,Elobstacle2
1515.0,415.0,395.0,Elobstacle2
1529.0,435.0,395.0,Elobstacle2
1452.0,371.0,395.0,Elobstacle2
1467.0,383.0,395.0,Elobstacle2
1482.0,396.0,395.0,Elobstacle2
1499.0,403.0,395.0,Elobstacle2
1392.0,333.0,395.0,Elobstacle2
1407.0,341.0,395.0,Elobstacle2
1422.0,350.0,395.0,Elobstacle2
1437.0,360.0,395.0,Elobstacle2
1336.0,293.0,395.0,Elobstacle2
1350.0,302.0,395.0,Elobstacle2
1364.0,311.0,395.0,Elobstacle2
1378.0,321.0,395.0,Elobstacle2
1283.0,256.0,395.0,Elobstacle2
1296.0,265.0,395.0,Elobstacle2
1309.0,275.0,395.0,Elobstacle2
1322.0,286.0,395.0,Elobstacle2
1250.0,234.0,395.0,Elobstacle2
1257.0,239.0,395.0,Elobstacle2
1270.0,248.0,395.0,Elobstacle2
1250.0,234.0,383.0,Elobstacle2
1250.0,235.0,304.0,Elobstacle2
1250.0,234.0,327.0,Elobstacle2
1250.0,234.0,344.0,Elobstacle2
1250.0,234.0,364.0,Elobstacle2
1250.0,234.0,265.0,Elobstacle2
1250.0,234.0,283.0,Elobstacle2
1507.0,443.0,395.0,Elobstacle2
1524.0,452.0,395.0,Elobstacle2
1445.0,397.0,395.0,Elobstacle2
1460.0,409.0,395.0,Elobstacle2
1476.0,418.0,395.0,Elobstacle2
1490.0,435.0,395.0,Elobstacle2
1386.0,357.0,395.0,Elobstacle2
1401.0,364.0,395.0,Elobstacle2
1415.0,377.0,395.0,Elobstacle2
1429.0,390.0,395.0,Elobstacle2
1331.0,315.0,395.0,Elobstacle2
1344.0,327.0,395.0,Elobstacle2
1358.0,336.0,395.0,Elobstacle2
1372.0,346.0,395.0,Elobstacle2
1278.0,279.0,395.0,Elobstacle2
1291.0,288.0,395.0,Elobstacle2
1304.0,298.0,395.0,Elobstacle2
1317.0,308.0,395.0,Elobstacle2
1250.0,259.0,395.0,Elobstacle2
1252.0,264.0,395.0,Elobstacle2
1265.0,271.0,395.0,Elobstacle2
1250.0,259.0,376.0,Elobstacle2
1250.0,260.0,298.0,Elobstacle2
1250.0,259.0,319.0,Elobstacle2
1250.0,259.0,338.0,Elobstacle2
1250.0,259.0,360.0,Elobstacle2
1250.0,259.0,279.0,Elobstacle2
1499.0,470.0,395.0,Elobstacle2
1517.0,477.0,395.0,Elobstacle2
1529.0,501.0,395.0,Elobstacle2
1437.0,425.0,395.0,Elobstacle2
1453.0,433.0,395.0,Elobstacle2
1469.0,442.0,395.0,Elobstacle2
1485.0,453.0,395.0,Elobstacle2
1380.0,379.0,395.0,Elobstacle2
1394.0,390.0,395.0,Elobstacle2
1408.0,402.0,395.0,Elobstacle2
1422.0,415.0,395.0,Elobstacle2
1325.0,340.0,395.0,Elobstacle2
1338.0,351.0,395.0,Elobstacle2
1351.0,363.0,395.0,Elobstacle2
1366.0,369.0,395.0,Elobstacle2
1273.0,301.0,395.0,Elobstacle2
1286.0,310.0,395.0,Elobstacle2
1298.0,323.0,395.0,Elobstacle2
1312.0,329.0,395.0,Elobstacle2
1250.0,284.0,395.0,Elobstacle2
1260.0,294.0,395.0,Elobstacle2
1250.0,284.0,370.0,Elobstacle2
1250.0,284.0,391.0,Elobstacle2
1250.0,285.0,290.0,Elobstacle2
1250.0,284.0,311.0,Elobstacle2
1250.0,284.0,330.0,Elobstacle2
1250.0,284.0,351.0,Elobstacle2
1250.0,284.0,270.0,Elobstacle2
1491.0,495.0,395.0,Elobstacle2
1508.0,503.0,395.0,Elobstacle2
1523.0,519.0,395.0,Elobstacle2
1430.0,448.0,395.0,Elobstacle2
1444.0,462.0,395.0,Elobstacle2
1460.0,471.0,395.0,Elobstacle2
1475.0,484.0,395.0,Elobstacle2
1372.0,407.0,395.0,Elobstacle2
1388.0,413.0,395.0,Elobstacle2
1400.0,429.0,395.0,Elobstacle2
1415.0,438.0,395.0,Elobstacle2
1319.0,362.0,395.0,Elobstacle2
1332.0,373.0,395.0,Elobstacle2
1345.0,385.0,395.0,Elobstacle2
1359.0,394.0,395.0,Elobstacle2
1266.0,329.0,395.0,Elobstacle2
1279.0,337.0,395.0,Elobstacle2
1293.0,342.0,395.0,Elobstacle2
1306.0,352.0,395.0,Elobstacle2
1250.0,310.0,395.0,Elobstacle2
1255.0,314.0,395.0,Elobstacle2
1250.0,310.0,360.0,Elobstacle2
1250.0,310.0,381.0,Elobstacle2
1250.0,310.0,282.0,Elobstacle2
1250.0,312.0,303.0,Elobstacle2
1250.0,310.0,322.0,Elobstacle2
1250.0,310.0,345.0,Elobstacle2
1484.0,517.0,395.0,Elobstacle2
1499.0,530.0,395.0,Elobstacle2
1515.0,542.0,395.0,Elobstacle2
1530.0,558.0,395.0,Elobstacle2
1422.0,473.0,395.0,Elobstacle2
1438.0,482.0,395.0,Elobstacle2
1451.0,498.0,395.0,Elobstacle2
1468.0,505.0,395.0,Elobstacle2
1364.0,433.0,395.0,Elobstacle2
1380.0,437.0,395.0,Elobstacle2
1393.0,452.0,395.0,Elobstacle2
1408.0,460.0,395.0,Elobstacle2
1311.0,390.0,395.0,Elobstacle2
1325.0,397.0,395.0,Elobstacle2
1339.0,405.0,395.0,Elobstacle2
1352.0,418.0,395.0,Elobstacle2
1261.0,348.0,395.0,Elobstacle2
1273.0,359.0,395.0,Elobstacle2
1288.0,365.0,395.0,Elobstacle2
1299.0,377.0,395.0,Elobstacle2
1250.0,336.0,395.0,Elobstacle2
1250.0,337.0,355.0,Elobstacle2
1250.0,336.0,375.0,Elobstacle2
1250.0,336.0,389.0,Elobstacle2
1250.0,338.0,274.0,Elobstacle2
1250.0,336.0,295.0,Elobstacle2
1250.0,336.0,310.0,Elobstacle2
1250.0,336.0,329.0,Elobstacle2
1474.0,543.0,395.0,Elobstacle2
1490.0,555.0,395.0,Elobstacle2
1505.0,569.0,395.0,Elobstacle2
1521.0,582.0,395.0,Elobstacle2
1415.0,495.0,395.0,Elobstacle2
1429.0,507.0,395.0,Elobstacle2
1444.0,518.0,395.0,Elobstacle2
1458.0,533.0,395.0,Elobstacle2
1359.0,450.0,395.0,Elobstacle2
1371.0,465.0,395.0,Elobstacle2
1385.0,476.0,395.0,Elobstacle2
1399.0,488.0,395.0,Elobstacle2
1305.0,411.0,395.0,Elobstacle2
1318.0,420.0,395.0,Elobstacle2
1331.0,431.0,395.0,Elobstacle2
1344.0,443.0,395.0,Elobstacle2
1255.0,369.0,395.0,Elobstacle2
1266.0,383.0,395.0,Elobstacle2
1280.0,388.0,395.0,Elobstacle2
1292.0,400.0,395.0,Elobstacle2
1250.0,363.0,395.0,Elobstacle2
1250.0,364.0,346.0,Elobstacle2
1250.0,363.0,364.0,Elobstacle2
1250.0,363.0,380.0,Elobstacle2
1250.0,363.0,284.0,Elobstacle2
1250.0,363.0,302.0,Elobstacle2
1250.0,363.0,325.0,Elobstacle2
1525.0,626.0,395.0,Elobstacle2
1464.0,570.0,395.0,Elobstacle2
1479.0,583.0,395.0,Elobstacle2
1494.0,597.0,395.0,Elobstacle2
1510.0,610.0,395.0,Elobstacle2
1404.0,524.0,395.0,Elobstacle2
1420.0,532.0,395.0,Elobstacle2
1435.0,544.0,395.0,Elobstacle2
1449.0,557.0,395.0,Elobstacle2
1349.0,478.0,395.0,Elobstacle2
1364.0,485.0,395.0,Elobstacle2
1378.0,496.0,395.0,Elobstacle2
1390.0,512.0,395.0,Elobstacle2
1297.0,435.0,395.0,Elobstacle2
1310.0,445.0,395.0,Elobstacle2
1323.0,456.0,395.0,Elobstacle2
1336.0,467.0,395.0,Elobstacle2
1250.0,390.0,395.0,Elobstacle2
1260.0,403.0,395.0,Elobstacle2
1272.0,414.0,395.0,Elobstacle2
1285.0,422.0,395.0,Elobstacle2
1250.0,390.0,333.0,Elobstacle2
1250.0,390.0,355.0,Elobstacle2
1250.0,390.0,371.0,Elobstacle2
1250.0,390.0,391.0,Elobstacle2
1250.0,390.0,272.0,Elobstacle2
1250.0,392.0,294.0,Elobstacle2
1250.0,390.0,315.0,Elobstacle2
1514.0,652.0,395.0,Elobstacle2
1528.0,671.0,395.0,Elobstacle2
1453.0,597.0,395.0,Elobstacle2
1468.0,610.0,395.0,Elobstacle2
1483.0,624.0,395.0,Elobstacle2
1500.0,634.0,395.0,Elobstacle2
1396.0,545.0,395.0,Elobstacle2
1409.0,560.0,395.0,Elobstacle2
1423.0,573.0,395.0,Elobstacle2
1439.0,582.0,395.0,Elobstacle2
1342.0,497.0,395.0,Elobstacle2
1354.0,513.0,395.0,Elobstacle2
1369.0,520.0,395.0,Elobstacle2
1381.0,536.0,395.0,Elobstacle2
1289.0,458.0,395.0,Elobstacle2
1304.0,464.0,395.0,Elobstacle2
1313.0,483.0,395.0,Elobstacle2
1326.0,494.0,395.0,Elobstacle2
1250.0,418.0,395.0,Elobstacle2
1251.0,430.0,395.0,Elobstacle2
1265.0,435.0,395.0,Elobstacle2
1277.0,446.0,395.0,Elobstacle2
1250.0,418.0,320.0,Elobstacle2
1250.0,418.0,341.0,Elobstacle2
1250.0,419.0,362.0,Elobstacle2
1250.0,418.0,377.0,Elobstacle2
1250.0,418.0,283.0,Elobstacle2
1250.0,420.0,303.0,Elobstacle2
1503.0,677.0,395.0,Elobstacle2
1520.0,689.0,395.0,Elobstacle2
1442.0,623.0,395.0,Elobstacle2
1456.0,638.0,395.0,Elobstacle2
1473.0,648.0,395.0,Elobstacle2
1487.0,664.0,395.0,Elobstacle2
1386.0,570.0,395.0,Elobstacle2
1400.0,582.0,395.0,Elobstacle2
1414.0,595.0,395.0,Elobstacle2
1427.0,611.0,395.0,Elobstacle2
1331.0,526.0,395.0,Elobstacle2
1346.0,533.0,395.0,Elobstacle2
1358.0,548.0,395.0,Elobstacle2
1373.0,556.0,395.0,Elobstacle2
1283.0,475.0,395.0,Elobstacle2
1295.0,487.0,395.0,Elobstacle2
1307.0,499.0,395.0,Elobstacle2
1318.0,515.0,395.0,Elobstacle2
1250.0,446.0,395.0,Elobstacle2
1257.0,457.0,395.0,Elobstacle2
1269.0,468.0,395.0,Elobstacle2
1250.0,446.0,389.0,Elobstacle2
1250.0,446.0,307.0,Elobstacle2
1250.0,446.0,332.0,Elobstacle2
1250.0,447.0,349.0,Elobstacle2
1250.0,446.0,368.0,Elobstacle2
1250.0,446.0,270.0,Elobstacle2
1250.0,446.0,290.0,Elobstacle2
1491.0,703.0,395.0,Elobstacle2
1507.0,717.0,395.0,Elobstacle2
1524.0,730.0,395.0,Elobstacle2
1432.0,646.0,395.0,Elobstacle2
1446.0,661.0,395.0,Elobstacle2
1461.0,674.0,395.0,Elobstacle2
1476.0,688.0,395.0,Elobstacle2
1377.0,592.0,395.0,Elobstacle2
1388.0,610.0,395.0,Elobstacle2
1404.0,618.0,395.0,Elobstacle2
1416.0,636.0,395.0,Elobstacle2
1322.0,548.0,395.0,Elobstacle2
1337.0,556.0,395.0,Elobstacle2
1348.0,572.0,395.0,Elobstacle2
1363.0,580.0,395.0,Elobstacle2
1274.0,498.0,395.0,Elobstacle2
1285.0,512.0,395.0,Elobstacle2
1298.0,522.0,395.0,Elobstacle2
1309.0,537.0,395.0,Elobstacle2
1250.0,475.0,395.0,Elobstacle2
1250.0,476.0,395.0,Elobstacle2
1261.0,489.0,395.0,Elobstacle2
1250.0,475.0,374.0,Elobstacle2
1250.0,475.0,293.0,Elobstacle2
1250.0,475.0,315.0,Elobstacle2
1250.0,476.0,337.0,Elobstacle2
1250.0,475.0,357.0,Elobstacle2
1250.0,475.0,276.0,Elobstacle2
1480.0,726.0,395.0,Elobstacle2
1496.0,740.0,395.0,Elobstacle2
1511.0,756.0,395.0,Elobstacle2
1527.0,772.0,395.0,Elobstacle2
1420.0,672.0,395.0,Elobstacle2
1434.0,686.0,395.0,Elobstacle2
1449.0,700.0,395.0,Elobstacle2
1465.0,712.0,395.0,Elobstacle2
1364.0,621.0,395.0,Elobstacle2
1379.0,630.0,395.0,Elobstacle2
1392.0,645.0,395.0,Elobstacle2
1406.0,658.0,395.0,Elobstacle2
1314.0,567.0,395.0,Elobstacle2
1325.0,583.0,395.0,Elobstacle2
1340.0,591.0,395.0,Elobstacle2
1352.0,606.0,395.0,Elobstacle2
1266.0,520.0,395.0,Elobstacle2
1276.0,534.0,395.0,Elobstacle2
1288.0,546.0,395.0,Elobstacle2
1302.0,555.0,395.0,Elobstacle2
1250.0,505.0,395.0,Elobstacle2
1252.0,512.0,395.0,Elobstacle2
1250.0,506.0,361.0,Elobstacle2
1250.0,506.0,381.0,Elobstacle2
1250.0,505.0,282.0,Elobstacle2
1250.0,505.0,298.0,Elobstacle2
1250.0,506.0,323.0,Elobstacle2
1250.0,505.0,341.0,Elobstacle2
1529.0,815.0,395.0,Elobstacle2
1467.0,752.0,395.0,Elobstacle2
1481.0,770.0,395.0,Elobstacle2
1498.0,782.0,395.0,Elobstacle2
1513.0,799.0,395.0,Elobstacle2
1408.0,697.0,395.0,Elobstacle2
1422.0,711.0,395.0,Elobstacle2
1438.0,722.0,395.0,Elobstacle2
1452.0,738.0,395.0,Elobstacle2
1355.0,640.0,395.0,Elobstacle2
1367.0,656.0,395.0,Elobstacle2
1381.0,668.0,395.0,Elobstacle2
1395.0,681.0,395.0,Elobstacle2
1302.0,594.0,395.0,Elobstacle2
1316.0,603.0,395.0,Elobstacle2
1327.0,619.0,395.0,Elobstacle2
1342.0,627.0,395.0,Elobstacle2
1255.0,544.0,395.0,Elobstacle2
1267.0,555.0,395.0,Elobstacle2
1278.0,569.0,395.0,Elobstacle2
1291.0,579.0,395.0,Elobstacle2
1250.0,536.0,395.0,Elobstacle2
1250.0,539.0,346.0,Elobstacle2
1250.0,536.0,367.0,Elobstacle2
1250.0,536.0,382.0,Elobstacle2
1250.0,536.0,268.0,Elobstacle2
1250.0,536.0,284.0,Elobstacle2
1250.0,536.0,309.0,Elobstacle2
1250.0,536.0,324.0,Elobstacle2
1513.0,844.0,395.0,Elobstacle2
1530.0,859.0,395.0,Elobstacle2
1454.0,777.0,395.0,Elobstacle2
1469.0,792.0,395.0,Elobstacle2
1484.0,808.0,395.0,Elobstacle2
1499.0,825.0,395.0,Elobstacle2
1395.0,722.0,395.0,Elobstacle2
1409.0,736.0,395.0,Elobstacle2
1425.0,747.0,395.0,Elobstacle2
1438.0,765.0,395.0,Elobstacle2
1342.0,667.0,395.0,Elobstacle2
1355.0,681.0,395.0,Elobstacle2
1369.0,693.0,395.0,Elobstacle2
1382.0,707.0,395.0,Elobstacle2
1293.0,614.0,395.0,Elobstacle2
1306.0,625.0,395.0,Elobstacle2
1318.0,638.0,395.0,Elobstacle2
1331.0,650.0,395.0,Elobstacle2
1250.0,567.0,395.0,Elobstacle2
1257.0,578.0,395.0,Elobstacle2
1270.0,588.0,395.0,Elobstacle2
1282.0,600.0,395.0,Elobstacle2
1250.0,567.0,332.0,Elobstacle2
1250.0,567.0,347.0,Elobstacle2
1250.0,568.0,369.0,Elobstacle2
1250.0,567.0,389.0,Elobstacle2
1250.0,567.0,269.0,Elobstacle2
1250.0,567.0,292.0,Elobstacle2
1250.0,567.0,313.0,Elobstacle2
1500.0,867.0,395.0,Elobstacle2
1514.0,887.0,395.0,Elobstacle2
1529.0,906.0,395.0,Elobstacle2
1438.0,806.0,395.0,Elobstacle2
1453.0,821.0,395.0,Elobstacle2
1469.0,835.0,395.0,Elobstacle2
1482.0,855.0,395.0,Elobstacle2
1382.0,747.0,395.0,Elobstacle2
1397.0,759.0,395.0,Elobstacle2
1410.0,775.0,395.0,Elobstacle2
1424.0,790.0,395.0,Elobstacle2
1331.0,689.0,395.0,Elobstacle2
1345.0,701.0,395.0,Elobstacle2
1357.0,716.0,395.0,Elobstacle2
1371.0,728.0,395.0,Elobstacle2
1282.0,636.0,395.0,Elobstacle2
1294.0,649.0,395.0,Elobstacle2
1307.0,661.0,395.0,Elobstacle2
1319.0,674.0,395.0,Elobstacle2
1250.0,600.0,395.0,Elobstacle2
1257.0,614.0,395.0,Elobstacle2
1271.0,622.0,395.0,Elobstacle2
1250.0,600.0,386.0,Elobstacle2
1250.0,600.0,308.0,Elobstacle2
1250.0,600.0,327.0,Elobstacle2
1250.0,600.0,348.0,Elobstacle2
1250.0,600.0,370.0,Elobstacle2
1250.0,600.0,273.0,Elobstacle2
1250.0,600.0,292.0,Elobstacle2
1484.0,894.0,395.0,Elobstacle2
1498.0,914.0,395.0,Elobstacle2
1515.0,929.0,395.0,Elobstacle2
1530.0,949.0,395.0,Elobstacle2
1426.0,827.0,395.0,Elobstacle2
1438.0,847.0,395.0,Elobstacle2
1455.0,859.0,395.0,Elobstacle2
1469.0,877.0,395.0,Elobstacle2
1371.0,767.0,395.0,Elobstacle2
1384.0,782.0,395.0,Elobstacle2
1396.0,800.0,395.0,Elobstacle2
1410.0,815.0,395.0,Elobstacle2
1320.0,710.0,395.0,Elobstacle2
1331.0,726.0,395.0,Elobstacle2
1345.0,738.0,395.0,Elobstacle2
1357.0,754.0,395.0,Elobstacle2
1270.0,660.0,395.0,Elobstacle2
1283.0,671.0,395.0,Elobstacle2
1295.0,684.0,395.0,Elobstacle2
1307.0,697.0,395.0,Elobstacle2
1250.0,633.0,395.0,Elobstacle2
1259.0,646.0,395.0,Elobstacle2
1250.0,633.0,371.0,Elobstacle2
1250.0,633.0,388.0,Elobstacle2
1250.0,633.0,295.0,Elobstacle2
1250.0,633.0,312.0,Elobstacle2
1250.0,635.0,335.0,Elobstacle2
1250.0,633.0,354.0,Elobstacle2
1250.0,633.0,273.0,Elobstacle2
1529.0,995.0,395.0,Elobstacle2
1467.0,922.0,395.0,Elobstacle2
1483.0,938.0,395.0,Elobstacle2
1500.0,953.0,395.0,Elobstacle2
1513.0,976.0,395.0,Elobstacle2
1410.0,854.0,395.0,Elobstacle2
1426.0,868.0,395.0,Elobstacle2
1440.0,884.0,395.0,Elobstacle2
1452.0,905.0,395.0,Elobstacle2
1356.0,793.0,395.0,Elobstacle2
1370.0,807.0,395.0,Elobstacle2
1382.0,824.0,395.0,Elobstacle2
1397.0,837.0,395.0,Elobstacle2
1305.0,737.0,395.0,Elobstacle2
1318.0,750.0,395.0,Elobstacle2
1331.0,763.0,395.0,Elobstacle2
1342.0,780.0,395.0,Elobstacle2
1259.0,681.0,395.0,Elobstacle2
1270.0,695.0,395.0,Elobstacle2
1282.0,708.0,395.0,Elobstacle2
1293.0,723.0,395.0,Elobstacle2
1250.0,668.0,395.0,Elobstacle2
1250.0,668.0,352.0,Elobstacle2
1250.0,668.0,370.0,Elobstacle2
1250.0,668.0,391.0,Elobstacle2
1250.0,668.0,276.0,Elobstacle2
1250.0,668.0,291.0,Elobstacle2
1250.0,668.0,311.0,Elobstacle2
1250.0,668.0,335.0,Elobstacle2
1511.0,1022.0,395.0,Elobstacle2
1527.0,1041.0,395.0,Elobstacle2
1451.0,947.0,395.0,Elobstacle2
1465.0,966.0,395.0,Elobstacle2
1480.0,984.0,395.0,Elobstacle2
1499.0,997.0,395.0,Elobstacle2
1394.0,880.0,395.0,Elobstacle2
1407.0,898.0,395.0,Elobstacle2
1423.0,911.0,395.0,Elobstacle2
1434.0,933.0,395.0,Elobstacle2
1341.0,818.0,395.0,Elobstacle2
1354.0,833.0,395.0,Elobstacle2
1367.0,849.0,395.0,Elobstacle2
1380.0,865.0,395.0,Elobstacle2
1294.0,756.0,395.0,Elobstacle2
1306.0,771.0,395.0,Elobstacle2
1317.0,787.0,395.0,Elobstacle2
1329.0,802.0,395.0,Elobstacle2
1250.0,703.0,395.0,Elobstacle2
1256.0,720.0,395.0,Elobstacle2
1270.0,729.0,395.0,Elobstacle2
1281.0,744.0,395.0,Elobstacle2
1250.0,704.0,333.0,Elobstacle2
1250.0,703.0,351.0,Elobstacle2
1250.0,703.0,372.0,Elobstacle2
1250.0,703.0,385.0,Elobstacle2
1250.0,703.0,275.0,Elobstacle2
1250.0,704.0,296.0,Elobstacle2
1250.0,703.0,316.0,Elobstacle2
1497.0,1042.0,395.0,Elobstacle2
1512.0,1063.0,395.0,Elobstacle2
1528.0,1083.0,395.0,Elobstacle2
1437.0,969.0,395.0,Elobstacle2
1451.0,987.0,395.0,Elobstacle2
1466.0,1005.0,395.0,Elobstacle2
1481.0,1024.0,395.0,Elobstacle2
1378.0,905.0,395.0,Elobstacle2
1391.0,922.0,395.0,Elobstacle2
1404.0,940.0,395.0,Elobstacle2
1419.0,956.0,395.0,Elobstacle2
1327.0,841.0,395.0,Elobstacle2
1339.0,857.0,395.0,Elobstacle2
1354.0,869.0,395.0,Elobstacle2
1367.0,885.0,395.0,Elobstacle2
1278.0,783.0,395.0,Elobstacle2
1291.0,795.0,395.0,Elobstacle2
1304.0,808.0,395.0,Elobstacle2
1315.0,825.0,395.0,Elobstacle2
1250.0,740.0,395.0,Elobstacle2
1257.0,751.0,395.0,Elobstacle2
1269.0,764.0,395.0,Elobstacle2
1250.0,740.0,384.0,Elobstacle2
1250.0,740.0,314.0,Elobstacle2
1250.0,741.0,333.0,Elobstacle2
1250.0,740.0,350.0,Elobstacle2
1250.0,740.0,371.0,Elobstacle2
1250.0,740.0,272.0,Elobstacle2
1250.0,741.0,291.0,Elobstacle2
1478.0,1069.0,395.0,Elobstacle2
1493.0,1089.0,395.0,Elobstacle2
1509.0,1109.0,395.0,Elobstacle2
1525.0,1130.0,395.0,Elobstacle2
1416.0,999.0,395.0,Elobstacle2
1430.0,1017.0,395.0,Elobstacle2
1448.0,1031.0,395.0,Elobstacle2
1463.0,1049.0,395.0,Elobstacle2
1362.0,929.0,395.0,Elobstacle2
1375.0,946.0,395.0,Elobstacle2
1388.0,964.0,395.0,Elobstacle2
1406.0,976.0,395.0,Elobstacle2
1312.0,864.0,395.0,Elobstacle2
1324.0,880.0,395.0,Elobstacle2
1336.0,897.0,395.0,Elobstacle2
1349.0,913.0,395.0,Elobstacle2
1265.0,804.0,395.0,Elobstacle2
1276.0,819.0,395.0,Elobstacle2
1288.0,834.0,395.0,Elobstacle2
1300.0,849.0,395.0,Elobstacle2
1250.0,778.0,395.0,Elobstacle2
1254.0,789.0,395.0,Elobstacle2
1250.0,778.0,361.0,Elobstacle2
1250.0,778.0,384.0,Elobstacle2
1250.0,778.0,285.0,Elobstacle2
1250.0,779.0,310.0,Elobstacle2
1250.0,778.0,329.0,Elobstacle2
1250.0,778.0,348.0,Elobstacle2
1250.0,778.0,271.0,Elobstacle2
1522.0,1177.0,395.0,Elobstacle2
1458.0,1096.0,395.0,Elobstacle2
1473.0,1116.0,395.0,Elobstacle2
1488.0,1137.0,395.0,Elobstacle2
1503.0,1159.0,395.0,Elobstacle2
1402.0,1018.0,395.0,Elobstacle2
1414.0,1039.0,395.0,Elobstacle2
1428.0,1058.0,395.0,Elobstacle2
1442.0,1078.0,395.0,Elobstacle2
1349.0,948.0,395.0,Elobstacle2
1358.0,970.0,395.0,Elobstacle2
1373.0,985.0,395.0,Elobstacle2
1386.0,1003.0,395.0,Elobstacle2
1296.0,888.0,395.0,Elobstacle2
1308.0,904.0,395.0,Elobstacle2
1320.0,920.0,395.0,Elobstacle2
1333.0,936.0,395.0,Elobstacle2
1253.0,822.0,395.0,Elobstacle2
1262.0,841.0,395.0,Elobstacle2
1273.0,856.0,395.0,Elobstacle2
1285.0,871.0,395.0,Elobstacle2
1250.0,818.0,395.0,Elobstacle2
1250.0,819.0,344.0,Elobstacle2
1250.0,818.0,361.0,Elobstacle2
1250.0,818.0,378.0,Elobstacle2
1250.0,818.0,265.0,Elobstacle2
1250.0,818.0,283.0,Elobstacle2
1250.0,818.0,302.0,Elobstacle2
1250.0,818.0,321.0,Elobstacle2
1438.0,1122.0,395.0,Elobstacle2
1453.0,1142.0,395.0,Elobstacle2
1467.0,1164.0,395.0,Elobstacle2
1485.0,1182.0,395.0,Elobstacle2
1382.0,1045.0,395.0,Elobstacle2
1396.0,1063.0,395.0,Elobstacle2
1409.0,1083.0,395.0,Elobstacle2
1423.0,1103.0,395.0,Elobstacle2
1330.0,974.0,395.0,Elobstacle2
1342.0,992.0,395.0,Elobstacle2
1356.0,1008.0,395.0,Elobstacle2
1369.0,1026.0,395.0,Elobstacle2
1282.0,908.0,395.0,Elobstacle2
1294.0,924.0,395.0,Elobstacle2
1305.0,941.0,395.0,Elobstacle2
1317.0,958.0,395.0,Elobstacle2
1250.0,860.0,395.0,Elobstacle2
1259.0,877.0,395.0,Elobstacle2
1271.0,891.0,395.0,Elobstacle2
1250.0,860.0,388.0,Elobstacle2
1250.0,860.0,312.0,Elobstacle2
1250.0,860.0,335.0,Elobstacle2
1250.0,860.0,352.0,Elobstacle2
1250.0,860.0,370.0,Elobstacle2
1250.0,860.0,276.0,Elobstacle2
1250.0,860.0,298.0,Elobstacle2
1418.0,1147.0,395.0,Elobstacle2
1433.0,1167.0,395.0,Elobstacle2
1446.0,1190.0,395.0,Elobstacle2
1365.0,1067.0,395.0,Elobstacle2
1379.0,1085.0,395.0,Elobstacle2
1392.0,1105.0,395.0,Elobstacle2
1403.0,1128.0,395.0,Elobstacle2
1312.0,998.0,395.0,Elobstacle2
1327.0,1012.0,395.0,Elobstacle2
1338.0,1032.0,395.0,Elobstacle2
1350.0,1051.0,395.0,Elobstacle2
1266.0,930.0,395.0,Elobstacle2
1279.0,944.0,395.0,Elobstacle2
1289.0,963.0,395.0,Elobstacle2
1300.0,981.0,395.0,Elobstacle2
1250.0,903.0,395.0,Elobstacle2
1254.0,915.0,395.0,Elobstacle2
1250.0,904.0,368.0,Elobstacle2
1250.0,903.0,386.0,Elobstacle2
1250.0,903.0,287.0,Elobstacle2
1250.0,903.0,309.0,Elobstacle2
1250.0,903.0,326.0,Elobstacle2
1250.0,905.0,349.0,Elobstacle2
1250.0,903.0,269.0,Elobstacle2
1400.0,1169.0,395.0,Elobstacle2
1413.0,1191.0,395.0,Elobstacle2
1345.0,1092.0,395.0,Elobstacle2
1358.0,1111.0,395.0,Elobstacle2
1371.0,1131.0,395.0,Elobstacle2
1386.0,1149.0,395.0,Elobstacle2
1295.0,1020.0,395.0,Elobstacle2
1306.0,1039.0,395.0,Elobstacle2
1319.0,1056.0,395.0,Elobstacle2
1331.0,1075.0,395.0,Elobstacle2
1250.0,952.0,395.0,Elobstacle2
1261.0,968.0,395.0,Elobstacle2
1273.0,984.0,395.0,Elobstacle2
1282.0,1005.0,395.0,Elobstacle2
1250.0,948.0,395.0,Elobstacle2
1250.0,949.0,340.0,Elobstacle2
1250.0,948.0,357.0,Elobstacle2
1250.0,948.0,376.0,Elobstacle2
1250.0,949.0,280.0,Elobstacle2
1250.0,948.0,300.0,Elobstacle2
1250.0,948.0,317.0,Elobstacle2
1377.0,1196.0,395.0,Elobstacle2
1326.0,1115.0,395.0,Elobstacle2
1338.0,1135.0,395.0,Elobstacle2
1350.0,1156.0,395.0,Elobstacle2
1363.0,1176.0,395.0,Elobstacle2
1279.0,1040.0,395.0,Elobstacle2
1289.0,1060.0,395.0,Elobstacle2
1301.0,1078.0,395.0,Elobstacle2
1313.0,1097.0,395.0,Elobstacle2
1250.0,995.0,395.0,Elobstacle2
1254.0,1008.0,395.0,Elobstacle2
1267.0,1023.0,395.0,Elobstacle2
1250.0,995.0,387.0,Elobstacle2
1250.0,996.0,310.0,Elobstacle2
1250.0,995.0,329.0,Elobstacle2
1250.0,995.0,348.0,Elobstacle2
1250.0,995.0,363.0,Elobstacle2
1250.0,995.0,270.0,Elobstacle2
1250.0,995.0,288.0,Elobstacle2
1307.0,1138.0,395.0,Elobstacle2
1318.0,1159.0,395.0,Elobstacle2
1328.0,1181.0,395.0,Elobstacle2
1342.0,1200.0,395.0,Elobstacle2
1261.0,1062.0,395.0,Elobstacle2
1268.0,1085.0,395.0,Elobstacle2
1279.0,1104.0,395.0,Elobstacle2
1295.0,1118.0,395.0,Elobstacle2
1250.0,1045.0,395.0,Elobstacle2
1250.0,1045.0,356.0,Elobstacle2
1250.0,1045.0,372.0,Elobstacle2
1250.0,1045.0,389.0,Elobstacle2
1250.0,1045.0,277.0,Elobstacle2
1250.0,1045.0,296.0,Elobstacle2
1250.0,1046.0,318.0,Elobstacle2
1250.0,1045.0,337.0,Elobstacle2
1285.0,1162.0,395.0,Elobstacle2
1298.0,1181.0,395.0,Elobstacle2
1311.0,1200.0,395.0,Elobstacle2
1250.0,1097.0,395.0,Elobstacle2
1250.0,1106.0,395.0,Elobstacle2
1264.0,1122.0,395.0,Elobstacle2
1273.0,1143.0,395.0,Elobstacle2
1250.0,1097.0,321.0,Elobstacle2
1250.0,1097.0,341.0,Elobstacle2
1250.0,1097.0,360.0,Elobstacle2
1250.0,1097.0,378.0,Elobstacle2
1250.0,1097.0,267.0,Elobstacle2
1250.0,1097.0,283.0,Elobstacle2
1250.0,1097.0,306.0,Elobstacle2
1265.0,1184.0,395.0,Elobstacle2
1250.0,1151.0,395.0,Elobstacle2
1256.0,1162.0,395.0,Elobstacle2
1250.0,1151.0,365.0,Elobstacle2
1250.0,1151.0,384.0,Elobstacle2
1250.0,1151.0,286.0,Elobstacle2
1250.0,1151.0,309.0,Elobstacle2
1250.0,1151.0,329.0,Elobstacle2
1250.0,1151.0,346.0,Elobstacle2
1250.0,1151.0,270.0,Elobstacle2
1517.0,0.0,395.0,Elobstacle2
1517.0,0.0,394.0,Elobstacle2
1517.0,0.0,317.0,Elobstacle2
1517.0,0.0,337.0,Elobstacle2
1517.0,0.0,355.0,Elobstacle2
1517.0,0.0,375.0,Elobstacle2
1517.0,0.0,279.0,Elobstacle2
1517.0,0.0,299.0,Elobstacle2
1499.0,7.0,395.0,Elobstacle2
1516.0,17.0,395.0,Elobstacle2
1445.0,0.0,395.0,Elobstacle2
1448.0,0.0,395.0,Elobstacle2
1465.0,0.0,395.0,Elobstacle2
1482.0,1.0,395.0,Elobstacle2
1446.0,0.0,320.0,Elobstacle2
1445.0,0.0,339.0,Elobstacle2
1445.0,0.0,361.0,Elobstacle2
1445.0,0.0,377.0,Elobstacle2
1445.0,0.0,280.0,Elobstacle2
1445.0,0.0,297.0,Elobstacle2
1498.0,40.0,395.0,Elobstacle2
1516.0,40.0,395.0,Elobstacle2
1431.0,12.0,395.0,Elobstacle2
1448.0,14.0,395.0,Elobstacle2
1464.0,26.0,395.0,Elobstacle2
1481.0,27.0,395.0,Elobstacle2
1380.0,0.0,395.0,Elobstacle2
1384.0,0.0,395.0,Elobstacle2
1399.0,0.0,395.0,Elobstacle2
1415.0,2.0,395.0,Elobstacle2
1380.0,0.0,320.0,Elobstacle2
1380.0,0.0,337.0,Elobstacle2
1380.0,0.0,357.0,Elobstacle2
1381.0,0.0,377.0,Elobstacle2
1380.0,0.0,283.0,Elobstacle2
1380.0,0.0,300.0,Elobstacle2
1498.0,60.0,395.0,Elobstacle2
1515.0,67.0,395.0,Elobstacle2
1431.0,33.0,395.0,Elobstacle2
1447.0,39.0,395.0,Elobstacle2
1464.0,46.0,395.0,Elobstacle2
1481.0,53.0,395.0,Elobstacle2
1368.0,8.0,395.0,Elobstacle2
1384.0,14.0,395.0,Elobstacle2
1399.0,20.0,395.0,Elobstacle2
1415.0,27.0,395.0,Elobstacle2
1321.0,0.0,395.0,Elobstacle2
1323.0,0.0,395.0,Elobstacle2
1338.0,0.0,395.0,Elobstacle2
1353.0,2.0,395.0,Elobstacle2
1321.0,0.0,320.0,Elobstacle2
1321.0,0.0,336.0,Elobstacle2
1321.0,0.0,356.0,Elobstacle2
1321.0,0.0,378.0,Elobstacle2
1321.0,0.0,277.0,Elobstacle2
1321.0,0.0,294.0,Elobstacle2
1496.0,87.0,395.0,Elobstacle2
1513.0,97.0,395.0,Elobstacle2
1530.0,111.0,395.0,Elobstacle2
1430.0,58.0,395.0,Elobstacle2
1446.0,66.0,395.0,Elobstacle2
1463.0,72.0,395.0,Elobstacle2
1479.0,82.0,395.0,Elobstacle2
1368.0,32.0,395.0,Elobstacle2
1383.0,38.0,395.0,Elobstacle2
1399.0,45.0,395.0,Elobstacle2
1414.0,51.0,395.0,Elobstacle2
1308.0,11.0,395.0,Elobstacle2
1323.0,13.0,395.0,Elobstacle2
1338.0,19.0,395.0,Elobstacle2
1353.0,26.0,395.0,Elobstacle2
1267.0,0.0,395.0,Elobstacle2
1280.0,0.0,395.0,Elobstacle2
1294.0,1.0,395.0,Elobstacle2
1268.0,0.0,391.0,Elobstacle2
1267.0,0.0,313.0,Elobstacle2
1267.0,0.0,333.0,Elobstacle2
1267.0,0.0,352.0,Elobstacle2
1267.0,0.0,369.0,Elobstacle2
1267.0,0.0,272.0,Elobstacle2
1267.0,0.0,292.0,Elobstacle2
1494.0,117.0,395.0,Elobstacle2
1511.0,125.0,395.0,Elobstacle2
1529.0,127.0,395.0,Elobstacle2
1429.0,83.0,395.0,Elobstacle2
1445.0,90.0,395.0,Elobstacle2
1461.0,98.0,395.0,Elobstacle2
1478.0,105.0,395.0,Elobstacle2
1367.0,56.0,395.0,Elobstacle2
1382.0,62.0,395.0,Elobstacle2
1397.0,73.0,395.0,Elobstacle2
1413.0,76.0,395.0,Elobstacle2
1308.0,30.0,395.0,Elobstacle2
1323.0,36.0,395.0,Elobstacle2
1337.0,43.0,395.0,Elobstacle2
1352.0,49.0,395.0,Elobstacle2
1252.0,5.0,395.0,Elobstacle2
1266.0,11.0,395.0,Elobstacle2
1280.0,17.0,395.0,Elobstacle2
1294.0,24.0,395.0,Elobstacle2
1250.0,4.0,395.0,Elobstacle2
1250.0,5.0,336.0,Elobstacle2
1250.0,4.0,357.0,Elobstacle2
1250.0,5.0,378.0,Elobstacle2
1250.0,5.0,276.0,Elobstacle2
1250.0,4.0,296.0,Elobstacle2
1250.0,6.0,318.0,Elobstacle2
1492.0,140.0,395.0,Elobstacle2
1509.0,147.0,395.0,Elobstacle2
1526.0,157.0,395.0,Elobstacle2
1427.0,108.0,395.0,Elobstacle2
1443.0,115.0,395.0,Elobstacle2
1459.0,124.0,395.0,Elobstacle2
1476.0,130.0,395.0,Elobstacle2
1366.0,80.0,395.0,Elobstacle2
1381.0,87.0,395.0,Elobstacle2
1396.0,93.0,395.0,Elobstacle2
1411.0,105.0,395.0,Elobstacle2
1307.0,53.0,395.0,Elobstacle2
1322.0,59.0,395.0,Elobstacle2
1336.0,66.0,395.0,Elobstacle2
1351.0,73.0,395.0,Elobstacle2
1252.0,27.0,395.0,Elobstacle2
1265.0,33.0,395.0,Elobstacle2
1279.0,40.0,395.0,Elobstacle2
1293.0,46.0,395.0,Elobstacle2
1250.0,26.0,395.0,Elobstacle2
1250.0,27.0,336.0,Elobstacle2
1250.0,27.0,358.0,Elobstacle2
1250.0,26.0,375.0,Elobstacle2
1250.0,26.0,274.0,Elobstacle2
1250.0,27.0,296.0,Elobstacle2
1250.0,27.0,318.0,Elobstacle2
1490.0,164.0,395.0,Elobstacle2
1506.0,175.0,395.0,Elobstacle2
1523.0,184.0,395.0,Elobstacle2
1425.0,133.0,395.0,Elobstacle2
1441.0,140.0,395.0,Elobstacle2
1457.0,148.0,395.0,Elobstacle2
1473.0,156.0,395.0,Elobstacle2
1364.0,103.0,395.0,Elobstacle2
1379.0,111.0,395.0,Elobstacle2
1394.0,118.0,395.0,Elobstacle2
1409.0,129.0,395.0,Elobstacle2
1306.0,75.0,395.0,Elobstacle2
1320.0,84.0,395.0,Elobstacle2
1335.0,89.0,395.0,Elobstacle2
1349.0,98.0,395.0,Elobstacle2
1251.0,49.0,395.0,Elobstacle2
1264.0,60.0,395.0,Elobstacle2
1278.0,62.0,395.0,Elobstacle2
1292.0,69.0,395.0,Elobstacle2
1250.0,48.0,395.0,Elobstacle2
1250.0,49.0,337.0,Elobstacle2
1250.0,48.0,354.0,Elobstacle2
1250.0,48.0,375.0,Elobstacle2
1250.0,48.0,272.0,Elobstacle2
1250.0,50.0,296.0,Elobstacle2
1250.0,48.0,317.0,Elobstacle2
1486.0,194.0,395.0,Elobstacle2
1503.0,199.0,395.0,Elobstacle2
1520.0,207.0,395.0,Elobstacle2
1422.0,161.0,395.0,Elobstacle2
1438.0,166.0,395.0,Elobstacle2
1454.0,173.0,395.0,Elobstacle2
1470.0,183.0,395.0,Elobstacle2
1362.0,127.0,395.0,Elobstacle2
1377.0,135.0,395.0,Elobstacle2
1392.0,142.0,395.0,Elobstacle2
1407.0,150.0,395.0,Elobstacle2
1305.0,98.0,395.0,Elobstacle2
1319.0,105.0,395.0,Elobstacle2
1333.0,112.0,395.0,Elobstacle2
1347.0,122.0,395.0,Elobstacle2
1250.0,71.0,395.0,Elobstacle2
1263.0,78.0,395.0,Elobstacle2
1277.0,84.0,395.0,Elobstacle2
1291.0,91.0,395.0,Elobstacle2
1250.0,72.0,334.0,Elobstacle2
1250.0,71.0,355.0,Elobstacle2
1250.0,72.0,373.0,Elobstacle2
1250.0,71.0,392.0,Elobstacle2
1250.0,71.0,270.0,Elobstacle2
1250.0,72.0,294.0,Elobstacle2
1250.0,71.0,314.0,Elobstacle2
1483.0,216.0,395.0,Elobstacle2
1499.0,228.0,395.0,Elobstacle2
1516.0,235.0,395.0,Elobstacle2
1419.0,186.0,395.0,Elobstacle2
1435.0,191.0,395.0,Elobstacle2
1451.0,199.0,395.0,Elobstacle2
1467.0,207.0,395.0,Elobstacle2
1359.0,155.0,395.0,Elobstacle2
1374.0,160.0,395.0,Elobstacle2
1389.0,167.0,395.0,Elobstacle2
1404.0,175.0,395.0,Elobstacle2
1303.0,121.0,395.0,Elobstacle2
1317.0,128.0,395.0,Elobstacle2
1331.0,136.0,395.0,Elobstacle2
1345.0,143.0,395.0,Elobstacle2
1250.0,93.0,395.0,Elobstacle2
1262.0,99.0,395.0,Elobstacle2
1275.0,107.0,395.0,Elobstacle2
1289.0,114.0,395.0,Elobstacle2
1250.0,93.0,330.0,Elobstacle2
1250.0,93.0,353.0,Elobstacle2
1250.0,93.0,370.0,Elobstacle2
1250.0,93.0,391.0,Elobstacle2
1250.0,93.0,268.0,Elobstacle2
1250.0,94.0,292.0,Elobstacle2
1250.0,93.0,311.0,Elobstacle2
1479.0,242.0,395.0,Elobstacle2
1495.0,253.0,395.0,Elobstacle2
1512.0,260.0,395.0,Elobstacle2
1528.0,273.0,395.0,Elobstacle2
1416.0,207.0,395.0,Elobstacle2
1431.0,218.0,395.0,Elobstacle2
1447.0,224.0,395.0,Elobstacle2
1463.0,233.0,395.0,Elobstacle2
1356.0,179.0,395.0,Elobstacle2
1371.0,184.0,395.0,Elobstacle2
1386.0,191.0,395.0,Elobstacle2
1401.0,199.0,395.0,Elobstacle2
1300.0,145.0,395.0,Elobstacle2
1314.0,152.0,395.0,Elobstacle2
1328.0,159.0,395.0,Elobstacle2
1342.0,169.0,395.0,Elobstacle2
1250.0,116.0,395.0,Elobstacle2
1260.0,121.0,395.0,Elobstacle2
1273.0,129.0,395.0,Elobstacle2
1287.0,136.0,395.0,Elobstacle2
1250.0,117.0,329.0,Elobstacle2
1250.0,117.0,349.0,Elobstacle2
1250.0,117.0,369.0,Elobstacle2
1250.0,120.0,389.0,Elobstacle2
1250.0,116.0,265.0,Elobstacle2
1250.0,117.0,289.0,Elobstacle2
1250.0,116.0,309.0,Elobstacle2
1474.0,270.0,395.0,Elobstacle2
1490.0,281.0,395.0,Elobstacle2
1507.0,287.0,395.0,Elobstacle2
1523.0,300.0,395.0,Elobstacle2
1412.0,233.0,395.0,Elobstacle2
1427.0,243.0,395.0,Elobstacle2
1443.0,249.0,395.0,Elobstacle2
1458.0,262.0,395.0,Elobstacle2
1353.0,201.0,395.0,Elobstacle2
1368.0,206.0,395.0,Elobstacle2
1382.0,217.0,395.0,Elobstacle2
1397.0,225.0,395.0,Elobstacle2
1297.0,170.0,395.0,Elobstacle2
1311.0,176.0,395.0,Elobstacle2
1325.0,183.0,395.0,Elobstacle2
1339.0,191.0,395.0,Elobstacle2
1250.0,139.0,395.0,Elobstacle2
1257.0,146.0,395.0,Elobstacle2
1271.0,151.0,395.0,Elobstacle2
1284.0,158.0,395.0,Elobstacle2
1250.0,140.0,327.0,Elobstacle2
1250.0,139.0,347.0,Elobstacle2
1250.0,141.0,367.0,Elobstacle2
1250.0,140.0,385.0,Elobstacle2
1250.0,139.0,284.0,Elobstacle2
1250.0,139.0,306.0,Elobstacle2
1469.0,296.0,395.0,Elobstacle2
1485.0,306.0,395.0,Elobstacle2
1502.0,312.0,395.0,Elobstacle2
1518.0,324.0,395.0,Elobstacle2
1408.0,256.0,395.0,Elobstacle2
1423.0,266.0,395.0,Elobstacle2
1438.0,276.0,395.0,Elobstacle2
1453.0,288.0,395.0,Elobstacle2
1349.0,226.0,395.0,Elobstacle2
1364.0,230.0,395.0,Elobstacle2
1378.0,241.0,395.0,Elobstacle2
1393.0,248.0,395.0,Elobstacle2
1294.0,192.0,395.0,Elobstacle2
1308.0,197.0,395.0,Elobstacle2
1322.0,205.0,395.0,Elobstacle2
1335.0,217.0,395.0,Elobstacle2
1250.0,162.0,395.0,Elobstacle2
1255.0,165.0,395.0,Elobstacle2
1268.0,173.0,395.0,Elobstacle2
1281.0,181.0,395.0,Elobstacle2
1250.0,163.0,322.0,Elobstacle2
1250.0,163.0,341.0,Elobstacle2
1250.0,164.0,363.0,Elobstacle2
1250.0,162.0,382.0,Elobstacle2
1250.0,162.0,277.0,Elobstacle2
1250.0,162.0,302.0,Elobstacle2
1504.0,453.0,395.0,Elobstacle2
1524.0,452.0,395.0,Elobstacle2
1428.0,455.0,395.0,Elobstacle2
1446.0,456.0,395.0,Elobstacle2
1465.0,455.0,395.0,Elobstacle2
1485.0,452.0,395.0,Elobstacle2
1356.0,458.0,395.0,Elobstacle2
1374.0,456.0,395.0,Elobstacle2
1392.0,455.0,395.0,Elobstacle2
1409.0,457.0,395.0,Elobstacle2
1289.0,458.0,395.0,Elobstacle2
1305.0,459.0,395.0,Elobstacle2
1322.0,458.0,395.0,Elobstacle2
1339.0,458.0,395.0,Elobstacle2
1250.0,452.0,395.0,Elobstacle2
1256.0,460.0,395.0,Elobstacle2
1272.0,460.0,395.0,Elobstacle2
1250.0,452.0,386.0,Elobstacle2
1250.0,453.0,306.0,Elobstacle2
1250.0,453.0,327.0,Elobstacle2
1250.0,453.0,347.0,Elobstacle2
1250.0,453.0,367.0,Elobstacle2
1250.0,452.0,267.0,Elobstacle2
1250.0,453.0,288.0,Elobstacle2
1487.0,506.0,395.0,Elobstacle2
1507.0,506.0,395.0,Elobstacle2
1528.0,504.0,395.0,Elobstacle2
1411.0,505.0,395.0,Elobstacle2
1430.0,504.0,395.0,Elobstacle2
1449.0,504.0,395.0,Elobstacle2
1468.0,505.0,395.0,Elobstacle2
1339.0,505.0,395.0,Elobstacle2
1357.0,504.0,395.0,Elobstacle2
1375.0,504.0,395.0,Elobstacle2
1393.0,504.0,395.0,Elobstacle2
1272.0,503.0,395.0,Elobstacle2
1288.0,505.0,395.0,Elobstacle2
1305.0,504.0,395.0,Elobstacle2
1322.0,505.0,395.0,Elobstacle2
1250.0,495.0,395.0,Elobstacle2
1255.0,505.0,395.0,Elobstacle2
1250.0,496.0,367.0,Elobstacle2
1250.0,496.0,385.0,Elobstacle2
1250.0,499.0,287.0,Elobstacle2
1250.0,496.0,305.0,Elobstacle2
1250.0,495.0,328.0,Elobstacle2
1250.0,495.0,346.0,Elobstacle2
1250.0,495.0,268.0,Elobstacle2
1469.0,557.0,395.0,Elobstacle2
1489.0,557.0,395.0,Elobstacle2
1509.0,558.0,395.0,Elobstacle2
1530.0,558.0,395.0,Elobstacle2
1392.0,555.0,395.0,Elobstacle2
1411.0,555.0,395.0,Elobstacle2
1430.0,556.0,395.0,Elobstacle2
1449.0,557.0,395.0,Elobstacle2
1321.0,551.0,395.0,Elobstacle2
1339.0,550.0,395.0,Elobstacle2
1356.0,553.0,395.0,Elobstacle2
1374.0,554.0,395.0,Elobstacle2
1253.0,549.0,395.0,Elobstacle2
1270.0,549.0,395.0,Elobstacle2
1287.0,549.0,395.0,Elobstacle2
1304.0,549.0,395.0,Elobstacle2
1250.0,539.0,395.0,Elobstacle2
1250.0,539.0,344.0,Elobstacle2
1250.0,539.0,365.0,Elobstacle2
1250.0,539.0,384.0,Elobstacle2
1250.0,539.0,265.0,Elobstacle2
1250.0,539.0,284.0,Elobstacle2
1250.0,540.0,306.0,Elobstacle2
1250.0,540.0,326.0,Elobstacle2
1512.0,426.0,395.0,Elobstacle2
1436.0,429.0,395.0,Elobstacle2
1454.0,430.0,395.0,Elobstacle2
1473.0,429.0,395.0,Elobstacle2
1493.0,425.0,395.0,Elobstacle2
1364.0,433.0,395.0,Elobstacle2
1381.0,434.0,395.0,Elobstacle2
1399.0,433.0,395.0,Elobstacle2
1417.0,432.0,395.0,Elobstacle2
1296.0,438.0,395.0,Elobstacle2
1313.0,436.0,395.0,Elobstacle2
1330.0,434.0,395.0,Elobstacle2
1347.0,433.0,395.0,Elobstacle2
1250.0,430.0,395.0,Elobstacle2
1250.0,433.0,395.0,Elobstacle2
1264.0,438.0,395.0,Elobstacle2
1280.0,437.0,395.0,Elobstacle2
1250.0,433.0,318.0,Elobstacle2
1250.0,430.0,337.0,Elobstacle2
1250.0,431.0,356.0,Elobstacle2
1250.0,431.0,377.0,Elobstacle2
1250.0,430.0,277.0,Elobstacle2
1250.0,430.0,298.0,Elobstacle2
1459.0,582.0,395.0,Elobstacle2
1479.0,583.0,395.0,Elobstacle2
1499.0,585.0,395.0,Elobstacle2
1519.0,587.0,395.0,Elobstacle2
1383.0,577.0,395.0,Elobstacle2
1401.0,580.0,395.0,Elobstacle2
1420.0,581.0,395.0,Elobstacle2
1439.0,582.0,395.0,Elobstacle2
1311.0,574.0,395.0,Elobstacle2
1328.0,576.0,395.0,Elobstacle2
1346.0,577.0,395.0,Elobstacle2
1364.0,578.0,395.0,Elobstacle2
1250.0,561.0,395.0,Elobstacle2
1260.0,571.0,395.0,Elobstacle2
1277.0,572.0,395.0,Elobstacle2
1294.0,573.0,395.0,Elobstacle2
1250.0,562.0,333.0,Elobstacle2
1250.0,562.0,353.0,Elobstacle2
1250.0,561.0,372.0,Elobstacle2
1250.0,561.0,391.0,Elobstacle2
1250.0,561.0,273.0,Elobstacle2
1250.0,563.0,295.0,Elobstacle2
1250.0,561.0,316.0,Elobstacle2
1519.0,400.0,395.0,Elobstacle2
1443.0,405.0,395.0,Elobstacle2
1461.0,405.0,395.0,Elobstacle2
1480.0,404.0,395.0,Elobstacle2
1500.0,400.0,395.0,Elobstacle2
1371.0,411.0,395.0,Elobstacle2
1389.0,408.0,395.0,Elobstacle2
1407.0,406.0,395.0,Elobstacle2
1425.0,405.0,395.0,Elobstacle2
1304.0,413.0,395.0,Elobstacle2
1320.0,414.0,395.0,Elobstacle2
1337.0,412.0,395.0,Elobstacle2
1354.0,411.0,395.0,Elobstacle2
1250.0,409.0,395.0,Elobstacle2
1255.0,418.0,395.0,Elobstacle2
1271.0,417.0,395.0,Elobstacle2
1287.0,416.0,395.0,Elobstacle2
1250.0,413.0,326.0,Elobstacle2
1250.0,410.0,344.0,Elobstacle2
1250.0,410.0,366.0,Elobstacle2
1250.0,409.0,384.0,Elobstacle2
1250.0,409.0,265.0,Elobstacle2
1250.0,409.0,287.0,Elobstacle2
1250.0,409.0,308.0,Elobstacle2
1530.0,614.0,395.0,Elobstacle2
1449.0,607.0,395.0,Elobstacle2
1468.0,610.0,395.0,Elobstacle2
1489.0,610.0,395.0,Elobstacle2
1509.0,613.0,395.0,Elobstacle2
1372.0,603.0,395.0,Elobstacle2
1391.0,604.0,395.0,Elobstacle2
1410.0,605.0,395.0,Elobstacle2
1429.0,607.0,395.0,Elobstacle2
1301.0,597.0,395.0,Elobstacle2
1318.0,599.0,395.0,Elobstacle2
1336.0,600.0,395.0,Elobstacle2
1354.0,601.0,395.0,Elobstacle2
1250.0,583.0,395.0,Elobstacle2
1250.0,593.0,395.0,Elobstacle2
1267.0,593.0,395.0,Elobstacle2
1284.0,595.0,395.0,Elobstacle2
1250.0,584.0,321.0,Elobstacle2
1250.0,583.0,341.0,Elobstacle2
1250.0,583.0,358.0,Elobstacle2
1250.0,583.0,381.0,Elobstacle2
1250.0,583.0,282.0,Elobstacle2
1250.0,584.0,303.0,Elobstacle2
1526.0,373.0,395.0,Elobstacle2
1450.0,379.0,395.0,Elobstacle2
1468.0,379.0,395.0,Elobstacle2
1487.0,377.0,395.0,Elobstacle2
1506.0,376.0,395.0,Elobstacle2
1378.0,387.0,395.0,Elobstacle2
1396.0,383.0,395.0,Elobstacle2
1413.0,384.0,395.0,Elobstacle2
1432.0,379.0,395.0,Elobstacle2
1311.0,390.0,395.0,Elobstacle2
1327.0,391.0,395.0,Elobstacle2
1344.0,389.0,395.0,Elobstacle2
1361.0,387.0,395.0,Elobstacle2
1250.0,388.0,395.0,Elobstacle2
1262.0,396.0,395.0,Elobstacle2
1278.0,395.0,395.0,Elobstacle2
1294.0,394.0,395.0,Elobstacle2
1250.0,388.0,333.0,Elobstacle2
1250.0,388.0,353.0,Elobstacle2
1250.0,392.0,373.0,Elobstacle2
1250.0,388.0,391.0,Elobstacle2
1250.0,388.0,274.0,Elobstacle2
1250.0,395.0,293.0,Elobstacle2
1250.0,388.0,316.0,Elobstacle2
1519.0,641.0,395.0,Elobstacle2
1438.0,632.0,395.0,Elobstacle2
1458.0,634.0,395.0,Elobstacle2
1478.0,636.0,395.0,Elobstacle2
1498.0,639.0,395.0,Elobstacle2
1362.0,625.0,395.0,Elobstacle2
1380.0,628.0,395.0,Elobstacle2
1399.0,630.0,395.0,Elobstacle2
1418.0,632.0,395.0,Elobstacle2
1290.0,620.0,395.0,Elobstacle2
1308.0,620.0,395.0,Elobstacle2
1326.0,622.0,395.0,Elobstacle2
1343.0,625.0,395.0,Elobstacle2
1250.0,606.0,395.0,Elobstacle2
1256.0,616.0,395.0,Elobstacle2
1273.0,618.0,395.0,Elobstacle2
1250.0,607.0,387.0,Elobstacle2
1250.0,606.0,309.0,Elobstacle2
1250.0,607.0,331.0,Elobstacle2
1250.0,606.0,347.0,Elobstacle2
1250.0,607.0,368.0,Elobstacle2
1250.0,607.0,271.0,Elobstacle2
1250.0,607.0,288.0,Elobstacle2
1456.0,355.0,395.0,Elobstacle2
1475.0,351.0,395.0,Elobstacle2
1494.0,348.0,395.0,Elobstacle2
1513.0,347.0,395.0,Elobstacle2
1385.0,361.0,395.0,Elobstacle2
1402.0,361.0,395.0,Elobstacle2
1420.0,358.0,395.0,Elobstacle2
1438.0,356.0,395.0,Elobstacle2
1318.0,366.0,395.0,Elobstacle2
1334.0,366.0,395.0,Elobstacle2
1351.0,363.0,395.0,Elobstacle2
1368.0,362.0,395.0,Elobstacle2
1253.0,376.0,395.0,Elobstacle2
1269.0,373.0,395.0,Elobstacle2
1285.0,371.0,395.0,Elobstacle2
1301.0,370.0,395.0,Elobstacle2
1250.0,367.0,395.0,Elobstacle2
1250.0,367.0,341.0,Elobstacle2
1250.0,367.0,361.0,Elobstacle2
1250.0,368.0,381.0,Elobstacle2
1250.0,368.0,281.0,Elobstacle2
1250.0,367.0,300.0,Elobstacle2
1250.0,367.0,325.0,Elobstacle2
1508.0,666.0,395.0,Elobstacle2
1529.0,669.0,395.0,Elobstacle2
1426.0,659.0,395.0,Elobstacle2
1446.0,661.0,395.0,Elobstacle2
1466.0,663.0,395.0,Elobstacle2
1487.0,664.0,395.0,Elobstacle2
1351.0,649.0,395.0,Elobstacle2
1369.0,652.0,395.0,Elobstacle2
1388.0,654.0,395.0,Elobstacle2
1407.0,656.0,395.0,Elobstacle2
1279.0,642.0,395.0,Elobstacle2
1297.0,643.0,395.0,Elobstacle2
1315.0,644.0,395.0,Elobstacle2
1332.0,648.0,395.0,Elobstacle2
1250.0,629.0,395.0,Elobstacle2
1262.0,640.0,395.0,Elobstacle2
1250.0,629.0,374.0,Elobstacle2
1250.0,631.0,393.0,Elobstacle2
1250.0,630.0,298.0,Elobstacle2
1250.0,629.0,318.0,Elobstacle2
1250.0,630.0,336.0,Elobstacle2
1250.0,629.0,355.0,Elobstacle2
1250.0,629.0,276.0,Elobstacle2
1462.0,329.0,395.0,Elobstacle2
1481.0,325.0,395.0,Elobstacle2
1499.0,326.0,395.0,Elobstacle2
1519.0,320.0,395.0,Elobstacle2
1391.0,337.0,395.0,Elobstacle2
1408.0,336.0,395.0,Elobstacle2
1426.0,333.0,395.0,Elobstacle2
1444.0,330.0,395.0,Elobstacle2
1324.0,344.0,395.0,Elobstacle2
1340.0,343.0,395.0,Elobstacle2
1357.0,340.0,395.0,Elobstacle2
1374.0,338.0,395.0,Elobstacle2
1260.0,352.0,395.0,Elobstacle2
1275.0,352.0,395.0,Elobstacle2
1291.0,350.0,395.0,Elobstacle2
1307.0,348.0,395.0,Elobstacle2
1250.0,346.0,395.0,Elobstacle2
1250.0,347.0,352.0,Elobstacle2
1250.0,346.0,371.0,Elobstacle2
1250.0,347.0,390.0,Elobstacle2
1250.0,346.0,271.0,Elobstacle2
1250.0,346.0,292.0,Elobstacle2
1250.0,346.0,308.0,Elobstacle2
1250.0,354.0,330.0,Elobstacle2
1496.0,693.0,395.0,Elobstacle2
1517.0,696.0,395.0,Elobstacle2
1415.0,682.0,395.0,Elobstacle2
1434.0,686.0,395.0,Elobstacle2
1455.0,687.0,395.0,Elobstacle2
1475.0,691.0,395.0,Elobstacle2
1339.0,673.0,395.0,Elobstacle2
1358.0,675.0,395.0,Elobstacle2
1376.0,679.0,395.0,Elobstacle2
1395.0,681.0,395.0,Elobstacle2
1268.0,664.0,395.0,Elobstacle2
1285.0,667.0,395.0,Elobstacle2
1303.0,668.0,395.0,Elobstacle2
1321.0,671.0,395.0,Elobstacle2
1250.0,652.0,395.0,Elobstacle2
1250.0,663.0,395.0,Elobstacle2
1250.0,652.0,360.0,Elobstacle2
1250.0,653.0,380.0,Elobstacle2
1250.0,652.0,285.0,Elobstacle2
1250.0,652.0,303.0,Elobstacle2
1250.0,654.0,323.0,Elobstacle2
1250.0,652.0,342.0,Elobstacle2
1250.0,652.0,265.0,Elobstacle2
1468.0,301.0,395.0,Elobstacle2
1486.0,301.0,395.0,Elobstacle2
1505.0,297.0,395.0,Elobstacle2
1524.0,295.0,395.0,Elobstacle2
1397.0,311.0,395.0,Elobstacle2
1414.0,310.0,395.0,Elobstacle2
1432.0,306.0,395.0,Elobstacle2
1450.0,303.0,395.0,Elobstacle2
1330.0,320.0,395.0,Elobstacle2
1346.0,319.0,395.0,Elobstacle2
1363.0,315.0,395.0,Elobstacle2
1380.0,313.0,395.0,Elobstacle2
1266.0,329.0,395.0,Elobstacle2
1281.0,330.0,395.0,Elobstacle2
1297.0,327.0,395.0,Elobstacle2
1313.0,325.0,395.0,Elobstacle2
1250.0,324.0,395.0,Elobstacle2
1250.0,334.0,395.0,Elobstacle2
1250.0,328.0,357.0,Elobstacle2
1250.0,328.0,378.0,Elobstacle2
1250.0,324.0,278.0,Elobstacle2
1250.0,324.0,299.0,Elobstacle2
1250.0,324.0,318.0,Elobstacle2
1250.0,324.0,339.0,Elobstacle2
1483.0,720.0,395.0,Elobstacle2
1505.0,721.0,395.0,Elobstacle2
1526.0,726.0,395.0,Elobstacle2
1403.0,707.0,395.0,Elobstacle2
1422.0,711.0,395.0,Elobstacle2
1442.0,714.0,395.0,Elobstacle2
1463.0,716.0,395.0,Elobstacle2
1327.0,697.0,395.0,Elobstacle2
1345.0,700.0,395.0,Elobstacle2
1364.0,702.0,395.0,Elobstacle2
1383.0,705.0,395.0,Elobstacle2
1256.0,686.0,395.0,Elobstacle2
1274.0,688.0,395.0,Elobstacle2
1291.0,691.0,395.0,Elobstacle2
1309.0,694.0,395.0,Elobstacle2
1250.0,675.0,395.0,Elobstacle2
1250.0,676.0,350.0,Elobstacle2
1250.0,677.0,368.0,Elobstacle2
1250.0,675.0,387.0,Elobstacle2
1250.0,675.0,271.0,Elobstacle2
1250.0,680.0,290.0,Elobstacle2
1250.0,677.0,310.0,Elobstacle2
1250.0,676.0,329.0,Elobstacle2
1473.0,276.0,395.0,Elobstacle2
1491.0,275.0,395.0,Elobstacle2
1510.0,271.0,395.0,Elobstacle2
1529.0,268.0,395.0,Elobstacle2
1402.0,287.0,395.0,Elobstacle2
1419.0,286.0,395.0,Elobstacle2
1437.0,282.0,395.0,Elobstacle2
1455.0,278.0,395.0,Elobstacle2
1335.0,298.0,395.0,Elobstacle2
1351.0,297.0,395.0,Elobstacle2
1368.0,293.0,395.0,Elobstacle2
1385.0,290.0,395.0,Elobstacle2
1271.0,310.0,395.0,Elobstacle2
1287.0,306.0,395.0,Elobstacle2
1303.0,302.0,395.0,Elobstacle2
1319.0,300.0,395.0,Elobstacle2
1250.0,304.0,395.0,Elobstacle2
1256.0,310.0,395.0,Elobstacle2
1250.0,308.0,364.0,Elobstacle2
1250.0,305.0,384.0,Elobstacle2
1250.0,305.0,285.0,Elobstacle2
1250.0,304.0,306.0,Elobstacle2
1250.0,307.0,325.0,Elobstacle2
1250.0,304.0,347.0,Elobstacle2
1471.0,744.0,395.0,Elobstacle2
1492.0,748.0,395.0,Elobstacle2
1513.0,752.0,395.0,Elobstacle2
1390.0,732.0,395.0,Elobstacle2
1409.0,736.0,395.0,Elobstacle2
1430.0,738.0,395.0,Elobstacle2
1450.0,742.0,395.0,Elobstacle2
1315.0,719.0,395.0,Elobstacle2
1333.0,723.0,395.0,Elobstacle2
1352.0,725.0,395.0,Elobstacle2
1371.0,728.0,395.0,Elobstacle2
1250.0,699.0,395.0,Elobstacle2
1261.0,711.0,395.0,Elobstacle2
1279.0,713.0,395.0,Elobstacle2
1297.0,716.0,395.0,Elobstacle2
1250.0,700.0,337.0,Elobstacle2
1250.0,699.0,353.0,Elobstacle2
1250.0,699.0,374.0,Elobstacle2
1250.0,699.0,392.0,Elobstacle2
1250.0,700.0,278.0,Elobstacle2
1250.0,701.0,295.0,Elobstacle2
1250.0,700.0,315.0,Elobstacle2
1477.0,253.0,395.0,Elobstacle2
1496.0,247.0,395.0,Elobstacle2
1514.0,247.0,395.0,Elobstacle2
1407.0,262.0,395.0,Elobstacle2
1424.0,260.0,395.0,Elobstacle2
1442.0,255.0,395.0,Elobstacle2
1459.0,256.0,395.0,Elobstacle2
1340.0,274.0,395.0,Elobstacle2
1356.0,273.0,395.0,Elobstacle2
1373.0,268.0,395.0,Elobstacle2
1390.0,264.0,395.0,Elobstacle2
1276.0,288.0,395.0,Elobstacle2
1292.0,284.0,395.0,Elobstacle2
1308.0,280.0,395.0,Elobstacle2
1324.0,277.0,395.0,Elobstacle2
1250.0,283.0,395.0,Elobstacle2
1261.0,289.0,395.0,Elobstacle2
1250.0,287.0,371.0,Elobstacle2
1250.0,286.0,391.0,Elobstacle2
1250.0,284.0,291.0,Elobstacle2
1250.0,283.0,312.0,Elobstacle2
1250.0,288.0,332.0,Elobstacle2
1250.0,283.0,353.0,Elobstacle2
1250.0,283.0,272.0,Elobstacle2
1457.0,771.0,395.0,Elobstacle2
1478.0,775.0,395.0,Elobstacle2
1500.0,778.0,395.0,Elobstacle2
1522.0,782.0,395.0,Elobstacle2
1377.0,756.0,395.0,Elobstacle2
1397.0,759.0,395.0,Elobstacle2
1416.0,764.0,395.0,Elobstacle2
1437.0,767.0,395.0,Elobstacle2
1302.0,742.0,395.0,Elobstacle2
1320.0,746.0,395.0,Elobstacle2
1339.0,749.0,395.0,Elobstacle2
1358.0,752.0,395.0,Elobstacle2
1250.0,723.0,395.0,Elobstacle2
1250.0,730.0,395.0,Elobstacle2
1266.0,736.0,395.0,Elobstacle2
1284.0,739.0,395.0,Elobstacle2
1250.0,724.0,322.0,Elobstacle2
1250.0,723.0,339.0,Elobstacle2
1250.0,723.0,360.0,Elobstacle2
1250.0,724.0,378.0,Elobstacle2
1250.0,723.0,281.0,Elobstacle2
1250.0,723.0,303.0,Elobstacle2
1482.0,222.0,395.0,Elobstacle2
1500.0,221.0,395.0,Elobstacle2
1519.0,214.0,395.0,Elobstacle2
1411.0,239.0,395.0,Elobstacle2
1428.0,237.0,395.0,Elobstacle2
1446.0,231.0,395.0,Elobstacle2
1464.0,226.0,395.0,Elobstacle2
1345.0,249.0,395.0,Elobstacle2
1361.0,247.0,395.0,Elobstacle2
1377.0,247.0,395.0,Elobstacle2
1394.0,242.0,395.0,Elobstacle2
1281.0,265.0,395.0,Elobstacle2
1297.0,260.0,395.0,Elobstacle2
1313.0,255.0,395.0,Elobstacle2
1329.0,251.0,395.0,Elobstacle2
1250.0,262.0,395.0,Elobstacle2
1251.0,269.0,395.0,Elobstacle2
1266.0,266.0,395.0,Elobstacle2
1250.0,262.0,378.0,Elobstacle2
1250.0,263.0,297.0,Elobstacle2
1250.0,265.0,319.0,Elobstacle2
1250.0,263.0,340.0,Elobstacle2
1250.0,269.0,358.0,Elobstacle2
1250.0,265.0,276.0,Elobstacle2
1530.0,813.0,395.0,Elobstacle2
1444.0,796.0,395.0,Elobstacle2
1465.0,800.0,395.0,Elobstacle2
1486.0,805.0,395.0,Elobstacle2
1508.0,808.0,395.0,Elobstacle2
1364.0,779.0,395.0,Elobstacle2
1383.0,784.0,395.0,Elobstacle2
1403.0,788.0,395.0,Elobstacle2
1423.0,792.0,395.0,Elobstacle2
1289.0,765.0,395.0,Elobstacle2
1307.0,769.0,395.0,Elobstacle2
1325.0,773.0,395.0,Elobstacle2
1344.0,777.0,395.0,Elobstacle2
1250.0,747.0,395.0,Elobstacle2
1253.0,758.0,395.0,Elobstacle2
1271.0,761.0,395.0,Elobstacle2
1250.0,748.0,385.0,Elobstacle2
1250.0,747.0,309.0,Elobstacle2
1250.0,749.0,328.0,Elobstacle2
1250.0,747.0,347.0,Elobstacle2
1250.0,748.0,365.0,Elobstacle2
1250.0,747.0,269.0,Elobstacle2
1250.0,747.0,290.0,Elobstacle2
1485.0,201.0,395.0,Elobstacle2
1504.0,192.0,395.0,Elobstacle2
1522.0,192.0,395.0,Elobstacle2
1415.0,214.0,395.0,Elobstacle2
1432.0,212.0,395.0,Elobstacle2
1450.0,204.0,395.0,Elobstacle2
1467.0,205.0,395.0,Elobstacle2
1349.0,226.0,395.0,Elobstacle2
1365.0,224.0,395.0,Elobstacle2
1382.0,217.0,395.0,Elobstacle2
1398.0,218.0,395.0,Elobstacle2
1286.0,240.0,395.0,Elobstacle2
1301.0,239.0,395.0,Elobstacle2
1317.0,234.0,395.0,Elobstacle2
1333.0,229.0,395.0,Elobstacle2
1250.0,241.0,395.0,Elobstacle2
1255.0,249.0,395.0,Elobstacle2
1271.0,241.0,395.0,Elobstacle2
1250.0,245.0,383.0,Elobstacle2
1250.0,242.0,304.0,Elobstacle2
1250.0,241.0,325.0,Elobstacle2
1250.0,243.0,345.0,Elobstacle2
1250.0,248.0,363.0,Elobstacle2
1250.0,242.0,282.0,Elobstacle2
1516.0,839.0,395.0,Elobstacle2
1430.0,820.0,395.0,Elobstacle2
1451.0,825.0,395.0,Elobstacle2
1472.0,830.0,395.0,Elobstacle2
1494.0,834.0,395.0,Elobstacle2
1350.0,803.0,395.0,Elobstacle2
1369.0,808.0,395.0,Elobstacle2
1389.0,812.0,395.0,Elobstacle2
1409.0,817.0,395.0,Elobstacle2
1275.0,788.0,395.0,Elobstacle2
1293.0,792.0,395.0,Elobstacle2
1312.0,795.0,395.0,Elobstacle2
1331.0,799.0,395.0,Elobstacle2
1250.0,771.0,395.0,Elobstacle2
1257.0,784.0,395.0,Elobstacle2
1250.0,772.0,371.0,Elobstacle2
1250.0,771.0,388.0,Elobstacle2
1250.0,772.0,293.0,Elobstacle2
1250.0,771.0,311.0,Elobstacle2
1250.0,771.0,332.0,Elobstacle2
1250.0,771.0,353.0,Elobstacle2
1250.0,771.0,275.0,Elobstacle2
1489.0,169.0,395.0,Elobstacle2
1507.0,166.0,395.0,Elobstacle2
1525.0,166.0,395.0,Elobstacle2
1419.0,186.0,395.0,Elobstacle2
1436.0,183.0,395.0,Elobstacle2
1453.0,181.0,395.0,Elobstacle2
1471.0,174.0,395.0,Elobstacle2
1353.0,201.0,395.0,Elobstacle2
1369.0,198.0,395.0,Elobstacle2
1385.0,197.0,395.0,Elobstacle2
1402.0,191.0,395.0,Elobstacle2
1290.0,217.0,395.0,Elobstacle2
1305.0,216.0,395.0,Elobstacle2
1321.0,210.0,395.0,Elobstacle2
1337.0,205.0,395.0,Elobstacle2
1250.0,220.0,395.0,Elobstacle2
1260.0,223.0,395.0,Elobstacle2
1275.0,219.0,395.0,Elobstacle2
1250.0,224.0,388.0,Elobstacle2
1250.0,223.0,310.0,Elobstacle2
1250.0,220.0,331.0,Elobstacle2
1250.0,227.0,348.0,Elobstacle2
1250.0,223.0,369.0,Elobstacle2
1250.0,220.0,268.0,Elobstacle2
1250.0,220.0,289.0,Elobstacle2
1501.0,866.0,395.0,Elobstacle2
1523.0,872.0,395.0,Elobstacle2
1415.0,846.0,395.0,Elobstacle2
1436.0,851.0,395.0,Elobstacle2
1457.0,856.0,395.0,Elobstacle2
1479.0,860.0,395.0,Elobstacle2
1335.0,828.0,395.0,Elobstacle2
1355.0,832.0,395.0,Elobstacle2
1374.0,837.0,395.0,Elobstacle2
1395.0,841.0,395.0,Elobstacle2
1261.0,810.0,395.0,Elobstacle2
1280.0,813.0,395.0,Elobstacle2
1298.0,818.0,395.0,Elobstacle2
1317.0,822.0,395.0,Elobstacle2
1250.0,796.0,395.0,Elobstacle2
1250.0,797.0,355.0,Elobstacle2
1250.0,796.0,373.0,Elobstacle2
1250.0,796.0,393.0,Elobstacle2
1250.0,796.0,276.0,Elobstacle2
1250.0,796.0,297.0,Elobstacle2
1250.0,796.0,315.0,Elobstacle2
1250.0,796.0,338.0,Elobstacle2
1492.0,140.0,395.0,Elobstacle2
1510.0,136.0,395.0,Elobstacle2
1528.0,136.0,395.0,Elobstacle2
1422.0,161.0,395.0,Elobstacle2
1439.0,157.0,395.0,Elobstacle2
1456.0,155.0,395.0,Elobstacle2
1474.0,147.0,395.0,Elobstacle2
1356.0,179.0,395.0,Elobstacle2
1372.0,176.0,395.0,Elobstacle2
1388.0,175.0,395.0,Elobstacle2
1405.0,167.0,395.0,Elobstacle2
1293.0,198.0,395.0,Elobstacle2
1309.0,190.0,395.0,Elobstacle2
1324.0,190.0,395.0,Elobstacle2
1340.0,184.0,395.0,Elobstacle2
1250.0,199.0,395.0,Elobstacle2
1263.0,205.0,395.0,Elobstacle2
1278.0,201.0,395.0,Elobstacle2
1250.0,201.0,393.0,Elobstacle2
1250.0,203.0,315.0,Elobstacle2
1250.0,205.0,335.0,Elobstacle2
1250.0,199.0,354.0,Elobstacle2
1250.0,199.0,375.0,Elobstacle2
1250.0,199.0,273.0,Elobstacle2
1250.0,199.0,295.0,Elobstacle2
1485.0,893.0,395.0,Elobstacle2
1508.0,897.0,395.0,Elobstacle2
1400.0,871.0,395.0,Elobstacle2
1421.0,875.0,395.0,Elobstacle2
1442.0,881.0,395.0,Elobstacle2
1463.0,887.0,395.0,Elobstacle2
1321.0,850.0,395.0,Elobstacle2
1340.0,856.0,395.0,Elobstacle2
1360.0,860.0,395.0,Elobstacle2
1380.0,865.0,395.0,Elobstacle2
1250.0,827.0,395.0,Elobstacle2
1265.0,836.0,395.0,Elobstacle2
1283.0,841.0,395.0,Elobstacle2
1302.0,846.0,395.0,Elobstacle2
1250.0,821.0,395.0,Elobstacle2
1250.0,821.0,343.0,Elobstacle2
1250.0,821.0,359.0,Elobstacle2
1250.0,821.0,378.0,Elobstacle2
1250.0,821.0,282.0,Elobstacle2
1250.0,821.0,300.0,Elobstacle2
1250.0,821.0,324.0,Elobstacle2
1494.0,117.0,395.0,Elobstacle2
1512.0,112.0,395.0,Elobstacle2
1530.0,111.0,395.0,Elobstacle2
1424.0,142.0,395.0,Elobstacle2
1442.0,135.0,395.0,Elobstacle2
1459.0,132.0,395.0,Elobstacle2
1476.0,125.0,395.0,Elobstacle2
1359.0,155.0,395.0,Elobstacle2
1375.0,151.0,395.0,Elobstacle2
1391.0,149.0,395.0,Elobstacle2
1408.0,140.0,395.0,Elobstacle2
1297.0,170.0,395.0,Elobstacle2
1312.0,168.0,395.0,Elobstacle2
1327.0,167.0,395.0,Elobstacle2
1343.0,160.0,395.0,Elobstacle2
1250.0,178.0,395.0,Elobstacle2
1252.0,184.0,395.0,Elobstacle2
1267.0,178.0,395.0,Elobstacle2
1282.0,174.0,395.0,Elobstacle2
1250.0,181.0,320.0,Elobstacle2
1250.0,187.0,339.0,Elobstacle2
1250.0,185.0,359.0,Elobstacle2
1250.0,179.0,378.0,Elobstacle2
1250.0,183.0,277.0,Elobstacle2
1250.0,179.0,299.0,Elobstacle2
1470.0,917.0,395.0,Elobstacle2
1492.0,924.0,395.0,Elobstacle2
1514.0,931.0,395.0,Elobstacle2
1385.0,894.0,395.0,Elobstacle2
1405.0,901.0,395.0,Elobstacle2
1426.0,907.0,395.0,Elobstacle2
1448.0,912.0,395.0,Elobstacle2
1306.0,873.0,395.0,Elobstacle2
1325.0,879.0,395.0,Elobstacle2
1345.0,883.0,395.0,Elobstacle2
1364.0,890.0,395.0,Elobstacle2
1250.0,847.0,395.0,Elobstacle2
1250.0,858.0,395.0,Elobstacle2
1269.0,862.0,395.0,Elobstacle2
1287.0,868.0,395.0,Elobstacle2
1250.0,847.0,327.0,Elobstacle2
1250.0,847.0,344.0,Elobstacle2
1250.0,847.0,363.0,Elobstacle2
1250.0,847.0,379.0,Elobstacle2
1250.0,847.0,268.0,Elobstacle2
1250.0,847.0,287.0,Elobstacle2
1250.0,847.0,306.0,Elobstacle2
1496.0,95.0,395.0,Elobstacle2
1514.0,88.0,395.0,Elobstacle2
1427.0,116.0,395.0,Elobstacle2
1444.0,109.0,395.0,Elobstacle2
1461.0,106.0,395.0,Elobstacle2
1478.0,98.0,395.0,Elobstacle2
1362.0,134.0,395.0,Elobstacle2
1377.0,131.0,395.0,Elobstacle2
1394.0,125.0,395.0,Elobstacle2
1410.0,118.0,395.0,Elobstacle2
1300.0,145.0,395.0,Elobstacle2
1315.0,143.0,395.0,Elobstacle2
1330.0,142.0,395.0,Elobstacle2
1346.0,133.0,395.0,Elobstacle2
1250.0,165.0,395.0,Elobstacle2
1255.0,162.0,395.0,Elobstacle2
1270.0,156.0,395.0,Elobstacle2
1285.0,150.0,395.0,Elobstacle2
1250.0,163.0,323.0,Elobstacle2
1250.0,158.0,342.0,Elobstacle2
1250.0,158.0,364.0,Elobstacle2
1250.0,158.0,382.0,Elobstacle2
1250.0,159.0,282.0,Elobstacle2
1250.0,157.0,303.0,Elobstacle2
1453.0,944.0,395.0,Elobstacle2
1476.0,949.0,395.0,Elobstacle2
1498.0,957.0,395.0,Elobstacle2
1521.0,963.0,395.0,Elobstacle2
1369.0,919.0,395.0,Elobstacle2
1389.0,925.0,395.0,Elobstacle2
1410.0,931.0,395.0,Elobstacle2
1432.0,937.0,395.0,Elobstacle2
1291.0,895.0,395.0,Elobstacle2
1309.0,902.0,395.0,Elobstacle2
1329.0,907.0,395.0,Elobstacle2
1349.0,913.0,395.0,Elobstacle2
1250.0,873.0,395.0,Elobstacle2
1253.0,885.0,395.0,Elobstacle2
1271.0,891.0,395.0,Elobstacle2
1250.0,873.0,383.0,Elobstacle2
1250.0,873.0,311.0,Elobstacle2
1250.0,873.0,327.0,Elobstacle2
1250.0,873.0,347.0,Elobstacle2
1250.0,873.0,362.0,Elobstacle2
1250.0,873.0,270.0,Elobstacle2
1250.0,873.0,289.0,Elobstacle2
1497.0,68.0,395.0,Elobstacle2
1515.0,66.0,395.0,Elobstacle2
1429.0,88.0,395.0,Elobstacle2
1445.0,86.0,395.0,Elobstacle2
1462.0,81.0,395.0,Elobstacle2
1480.0,72.0,395.0,Elobstacle2
1364.0,109.0,395.0,Elobstacle2
1380.0,104.0,395.0,Elobstacle2
1396.0,99.0,395.0,Elobstacle2
1412.0,90.0,395.0,Elobstacle2
1302.0,126.0,395.0,Elobstacle2
1317.0,123.0,395.0,Elobstacle2
1332.0,121.0,395.0,Elobstacle2
1348.0,111.0,395.0,Elobstacle2
1250.0,144.0,395.0,Elobstacle2
1258.0,137.0,395.0,Elobstacle2
1272.0,138.0,395.0,Elobstacle2
1287.0,131.0,395.0,Elobstacle2
1250.0,141.0,327.0,Elobstacle2
1250.0,138.0,348.0,Elobstacle2
1250.0,138.0,367.0,Elobstacle2
1250.0,136.0,387.0,Elobstacle2
1250.0,138.0,286.0,Elobstacle2
1250.0,138.0,307.0,Elobstacle2
1528.0,996.0,395.0,Elobstacle2
1437.0,968.0,395.0,Elobstacle2
1459.0,975.0,395.0,Elobstacle2
1481.0,983.0,395.0,Elobstacle2
1504.0,990.0,395.0,Elobstacle2
1353.0,942.0,395.0,Elobstacle2
1373.0,949.0,395.0,Elobstacle2
1394.0,955.0,395.0,Elobstacle2
1415.0,962.0,395.0,Elobstacle2
1274.0,919.0,395.0,Elobstacle2
1293.0,925.0,395.0,Elobstacle2
1313.0,930.0,395.0,Elobstacle2
1332.0,937.0,395.0,Elobstacle2
1250.0,899.0,395.0,Elobstacle2
1256.0,913.0,395.0,Elobstacle2
1250.0,899.0,368.0,Elobstacle2
1250.0,899.0,388.0,Elobstacle2
1250.0,899.0,295.0,Elobstacle2
1250.0,899.0,311.0,Elobstacle2
1250.0,900.0,333.0,Elobstacle2
1250.0,899.0,347.0,Elobstacle2
1250.0,899.0,274.0,Elobstacle2
1498.0,40.0,395.0,Elobstacle2
1516.0,38.0,395.0,Elobstacle2
1430.0,63.0,395.0,Elobstacle2
1447.0,58.0,395.0,Elobstacle2
1464.0,52.0,395.0,Elobstacle2
1481.0,47.0,395.0,Elobstacle2
1365.0,87.0,395.0,Elobstacle2
1381.0,78.0,395.0,Elobstacle2
1397.0,73.0,395.0,Elobstacle2
1414.0,69.0,395.0,Elobstacle2
1304.0,103.0,395.0,Elobstacle2
1319.0,99.0,395.0,Elobstacle2
1334.0,97.0,395.0,Elobstacle2
1350.0,90.0,395.0,Elobstacle2
1250.0,123.0,395.0,Elobstacle2
1260.0,117.0,395.0,Elobstacle2
1275.0,115.0,395.0,Elobstacle2
1289.0,110.0,395.0,Elobstacle2
1250.0,121.0,330.0,Elobstacle2
1250.0,116.0,349.0,Elobstacle2
1250.0,116.0,370.0,Elobstacle2
1250.0,122.0,389.0,Elobstacle2
1250.0,123.0,265.0,Elobstacle2
1250.0,117.0,288.0,Elobstacle2
1250.0,116.0,310.0,Elobstacle2
1510.0,1023.0,395.0,Elobstacle2
1419.0,994.0,395.0,Elobstacle2
1441.0,1001.0,395.0,Elobstacle2
1464.0,1008.0,395.0,Elobstacle2
1487.0,1015.0,395.0,Elobstacle2
1336.0,966.0,395.0,Elobstacle2
1356.0,973.0,395.0,Elobstacle2
1377.0,980.0,395.0,Elobstacle2
1398.0,987.0,395.0,Elobstacle2
1258.0,941.0,395.0,Elobstacle2
1277.0,947.0,395.0,Elobstacle2
1297.0,952.0,395.0,Elobstacle2
1316.0,960.0,395.0,Elobstacle2
1250.0,926.0,395.0,Elobstacle2
1250.0,926.0,352.0,Elobstacle2
1250.0,926.0,370.0,Elobstacle2
1250.0,926.0,390.0,Elobstacle2
1250.0,926.0,277.0,Elobstacle2
1250.0,926.0,294.0,Elobstacle2
1250.0,926.0,314.0,Elobstacle2
1250.0,928.0,335.0,Elobstacle2
1499.0,18.0,395.0,Elobstacle2
1517.0,11.0,395.0,Elobstacle2
1431.0,41.0,395.0,Elobstacle2
1448.0,35.0,395.0,Elobstacle2
1464.0,26.0,395.0,Elobstacle2
1482.0,24.0,395.0,Elobstacle2
1367.0,59.0,395.0,Elobstacle2
1382.0,58.0,395.0,Elobstacle2
1398.0,51.0,395.0,Elobstacle2
1415.0,47.0,395.0,Elobstacle2
1306.0,82.0,395.0,Elobstacle2
1321.0,75.0,395.0,Elobstacle2
1336.0,70.0,395.0,Elobstacle2
1351.0,64.0,395.0,Elobstacle2
1250.0,102.0,395.0,Elobstacle2
1262.0,93.0,395.0,Elobstacle2
1276.0,94.0,395.0,Elobstacle2
1291.0,83.0,395.0,Elobstacle2
1250.0,98.0,333.0,Elobstacle2
1250.0,101.0,352.0,Elobstacle2
1250.0,101.0,372.0,Elobstacle2
1250.0,96.0,392.0,Elobstacle2
1250.0,94.0,270.0,Elobstacle2
1250.0,102.0,291.0,Elobstacle2
1250.0,95.0,313.0,Elobstacle2
1492.0,1049.0,395.0,Elobstacle2
1516.0,1057.0,395.0,Elobstacle2
1402.0,1018.0,395.0,Elobstacle2
1424.0,1026.0,395.0,Elobstacle2
1446.0,1034.0,395.0,Elobstacle2
1468.0,1042.0,395.0,Elobstacle2
1319.0,989.0,395.0,Elobstacle2
1339.0,996.0,395.0,Elobstacle2
1359.0,1004.0,395.0,Elobstacle2
1381.0,1010.0,395.0,Elobstacle2
1250.0,953.0,395.0,Elobstacle2
1261.0,968.0,395.0,Elobstacle2
1279.0,976.0,395.0,Elobstacle2
1299.0,983.0,395.0,Elobstacle2
1250.0,953.0,335.0,Elobstacle2
1250.0,953.0,355.0,Elobstacle2
1250.0,953.0,373.0,Elobstacle2
1250.0,954.0,393.0,Elobstacle2
1250.0,953.0,277.0,Elobstacle2
1250.0,953.0,300.0,Elobstacle2
1250.0,955.0,317.0,Elobstacle2
1431.0,12.0,395.0,Elobstacle2
1448.0,11.0,395.0,Elobstacle2
1465.0,0.0,395.0,Elobstacle2
1368.0,40.0,395.0,Elobstacle2
1383.0,30.0,395.0,Elobstacle2
1399.0,28.0,395.0,Elobstacle2
1415.0,22.0,395.0,Elobstacle2
1307.0,59.0,395.0,Elobstacle2
1322.0,52.0,395.0,Elobstacle2
1337.0,51.0,395.0,Elobstacle2
1352.0,43.0,395.0,Elobstacle2
1250.0,78.0,395.0,Elobstacle2
1264.0,73.0,395.0,Elobstacle2
1278.0,68.0,395.0,Elobstacle2
1292.0,66.0,395.0,Elobstacle2
1250.0,73.0,335.0,Elobstacle2
1250.0,82.0,353.0,Elobstacle2
1250.0,79.0,374.0,Elobstacle2
1250.0,80.0,393.0,Elobstacle2
1250.0,80.0,272.0,Elobstacle2
1250.0,74.0,294.0,Elobstacle2
1250.0,75.0,315.0,Elobstacle2
1473.0,1076.0,395.0,Elobstacle2
1497.0,1084.0,395.0,Elobstacle2
1521.0,1093.0,395.0,Elobstacle2
1384.0,1043.0,395.0,Elobstacle2
1405.0,1051.0,395.0,Elobstacle2
1428.0,1058.0,395.0,Elobstacle2
1450.0,1067.0,395.0,Elobstacle2
1302.0,1011.0,395.0,Elobstacle2
1321.0,1020.0,395.0,Elobstacle2
1342.0,1027.0,395.0,Elobstacle2
1363.0,1034.0,395.0,Elobstacle2
1250.0,981.0,395.0,Elobstacle2
1250.0,983.0,395.0,Elobstacle2
1262.0,998.0,395.0,Elobstacle2
1282.0,1005.0,395.0,Elobstacle2
1250.0,982.0,319.0,Elobstacle2
1250.0,981.0,337.0,Elobstacle2
1250.0,981.0,356.0,Elobstacle2
1250.0,981.0,376.0,Elobstacle2
1250.0,983.0,281.0,Elobstacle2
1250.0,981.0,296.0,Elobstacle2
1368.0,16.0,395.0,Elobstacle2
1384.0,6.0,395.0,Elobstacle2
1399.0,0.0,395.0,Elobstacle2
1308.0,39.0,395.0,Elobstacle2
1323.0,33.0,395.0,Elobstacle2
1338.0,23.0,395.0,Elobstacle2
1353.0,22.0,395.0,Elobstacle2
1251.0,56.0,395.0,Elobstacle2
1265.0,51.0,395.0,Elobstacle2
1279.0,46.0,395.0,Elobstacle2
1293.0,41.0,395.0,Elobstacle2
1250.0,57.0,395.0,Elobstacle2
1250.0,54.0,337.0,Elobstacle2
1250.0,52.0,354.0,Elobstacle2
1250.0,61.0,376.0,Elobstacle2
1250.0,61.0,273.0,Elobstacle2
1250.0,60.0,295.0,Elobstacle2
1250.0,54.0,316.0,Elobstacle2
1454.0,1101.0,395.0,Elobstacle2
1478.0,1110.0,395.0,Elobstacle2
1501.0,1120.0,395.0,Elobstacle2
1526.0,1129.0,395.0,Elobstacle2
1365.0,1067.0,395.0,Elobstacle2
1387.0,1075.0,395.0,Elobstacle2
1409.0,1083.0,395.0,Elobstacle2
1432.0,1091.0,395.0,Elobstacle2
1283.0,1035.0,395.0,Elobstacle2
1303.0,1043.0,395.0,Elobstacle2
1324.0,1050.0,395.0,Elobstacle2
1344.0,1059.0,395.0,Elobstacle2
1250.0,1009.0,395.0,Elobstacle2
1250.0,1013.0,395.0,Elobstacle2
1264.0,1027.0,395.0,Elobstacle2
1250.0,1009.0,377.0,Elobstacle2
1250.0,1010.0,301.0,Elobstacle2
1250.0,1009.0,320.0,Elobstacle2
1250.0,1009.0,341.0,Elobstacle2
1250.0,1009.0,359.0,Elobstacle2
1250.0,1009.0,283.0,Elobstacle2
1308.0,11.0,395.0,Elobstacle2
1323.0,6.0,395.0,Elobstacle2
1338.0,0.0,395.0,Elobstacle2
1251.0,38.0,395.0,Elobstacle2
1265.0,32.0,395.0,Elobstacle2
1280.0,23.0,395.0,Elobstacle2
1294.0,22.0,395.0,Elobstacle2
1250.0,35.0,395.0,Elobstacle2
1250.0,39.0,338.0,Elobstacle2
1250.0,38.0,356.0,Elobstacle2
1250.0,35.0,375.0,Elobstacle2
1250.0,39.0,274.0,Elobstacle2
1250.0,37.0,296.0,Elobstacle2
1250.0,39.0,317.0,Elobstacle2
1435.0,1126.0,395.0,Elobstacle2
1458.0,1136.0,395.0,Elobstacle2
1482.0,1145.0,395.0,Elobstacle2
1506.0,1156.0,395.0,Elobstacle2
1347.0,1090.0,395.0,Elobstacle2
1368.0,1099.0,395.0,Elobstacle2
1390.0,1108.0,395.0,Elobstacle2
1412.0,1117.0,395.0,Elobstacle2
1265.0,1057.0,395.0,Elobstacle2
1285.0,1065.0,395.0,Elobstacle2
1305.0,1074.0,395.0,Elobstacle2
1326.0,1081.0,395.0,Elobstacle2
1250.0,1038.0,395.0,Elobstacle2
1250.0,1044.0,395.0,Elobstacle2
1250.0,1038.0,359.0,Elobstacle2
1250.0,1038.0,376.0,Elobstacle2
1250.0,1038.0,285.0,Elobstacle2
1250.0,1038.0,301.0,Elobstacle2
1250.0,1038.0,322.0,Elobstacle2
1250.0,1038.0,342.0,Elobstacle2
1250.0,1038.0,265.0,Elobstacle2
1252.0,13.0,395.0,Elobstacle2
1266.0,7.0,395.0,Elobstacle2
1280.0,0.0,395.0,Elobstacle2
1250.0,14.0,395.0,Elobstacle2
1250.0,15.0,338.0,Elobstacle2
1250.0,14.0,358.0,Elobstacle2
1250.0,14.0,378.0,Elobstacle2
1250.0,17.0,275.0,Elobstacle2
1250.0,18.0,297.0,Elobstacle2
1250.0,16.0,318.0,Elobstacle2
1511.0,1191.0,395.0,Elobstacle2
1415.0,1151.0,395.0,Elobstacle2
1438.0,1161.0,395.0,Elobstacle2
1462.0,1171.0,395.0,Elobstacle2
1485.0,1182.0,395.0,Elobstacle2
1327.0,1114.0,395.0,Elobstacle2
1349.0,1122.0,395.0,Elobstacle2
1370.0,1132.0,395.0,Elobstacle2
1392.0,1142.0,395.0,Elobstacle2
1250.0,1075.0,395.0,Elobstacle2
1266.0,1088.0,395.0,Elobstacle2
1286.0,1096.0,395.0,Elobstacle2
1307.0,1104.0,395.0,Elobstacle2
1250.0,1067.0,395.0,Elobstacle2
1250.0,1067.0,342.0,Elobstacle2
1250.0,1067.0,359.0,Elobstacle2
1250.0,1067.0,379.0,Elobstacle2
1250.0,1067.0,265.0,Elobstacle2
1250.0,1067.0,279.0,Elobstacle2
1250.0,1067.0,306.0,Elobstacle2
1250.0,1067.0,323.0,Elobstacle2
1395.0,1175.0,395.0,Elobstacle2
1418.0,1185.0,395.0,Elobstacle2
1441.0,1196.0,395.0,Elobstacle2
1471.0,1200.0,395.0,Elobstacle2
1308.0,1136.0,395.0,Elobstacle2
1329.0,1146.0,395.0,Elobstacle2
1350.0,1156.0,395.0,Elobstacle2
1372.0,1166.0,395.0,Elobstacle2
1250.0,1097.0,395.0,Elobstacle2
1250.0,1106.0,395.0,Elobstacle2
1267.0,1118.0,395.0,Elobstacle2
1287.0,1128.0,395.0,Elobstacle2
1250.0,1097.0,324.0,Elobstacle2
1250.0,1097.0,342.0,Elobstacle2
1250.0,1097.0,359.0,Elobstacle2
1250.0,1097.0,379.0,Elobstacle2
1250.0,1097.0,265.0,Elobstacle2
1250.0,1097.0,282.0,Elobstacle2
1250.0,1097.0,303.0,Elobstacle2
1374.0,1200.0,395.0,Elobstacle2
1406.0,1200.0,395.0,Elobstacle2
1288.0,1159.0,395.0,Elobstacle2
1309.0,1169.0,395.0,Elobstacle2
1330.0,1179.0,395.0,Elobstacle2
1352.0,1189.0,395.0,Elobstacle2
1250.0,1127.0,395.0,Elobstacle2
1250.0,1137.0,395.0,Elobstacle2
1267.0,1150.0,395.0,Elobstacle2
1250.0,1127.0,379.0,Elobstacle2
1250.0,1127.0,303.0,Elobstacle2
1250.0,1127.0,323.0,Elobstacle2
1250.0,1127.0,341.0,Elobstacle2
1250.0,1127.0,361.0,Elobstacle2
1250.0,1127.0,267.0,Elobstacle2
1250.0,1127.0,281.0,Elobstacle2
1267.0,1182.0,395.0,Elobstacle2
1288.0,1192.0,395.0,Elobstacle2
1311.0,1200.0,395.0,Elobstacle2
1250.0,1159.0,395.0,Elobstacle2
1250.0,1169.0,395.0,Elobstacle2
1250.0,1159.0,361.0,Elobstacle2
1250.0,1159.0,379.0,Elobstacle2
1250.0,1159.0,283.0,Elobstacle2
1250.0,1159.0,301.0,Elobstacle2
1250.0,1159.0,323.0,Elobstacle2
1250.0,1159.0,341.0,Elobstacle2
1250.0,1159.0,265.0,Elobstacle2
1250.0,1200.0,395.0,Elobstacle2
1250.0,1190.0,395.0,Elobstacle2
1250.0,1190.0,341.0,Elobstacle2
1250.0,1190.0,360.0,Elobstacle2
1250.0,1190.0,379.0,Elobstacle2
1250.0,1190.0,265.0,Elobstacle2
1250.0,1190.0,284.0,Elobstacle2
1250.0,1190.0,306.0,Elobstacle2
1250.0,1190.0,322.0,Elobstacle2
1496.0,479.0,395.0,Elobstacle2
1516.0,479.0,395.0,Elobstacle2
1420.0,479.0,395.0,Elobstacle2
1438.0,481.0,395.0,Elobstacle2
1457.0,480.0,395.0,Elobstacle2
1477.0,478.0,395.0,Elobstacle2
1348.0,481.0,395.0,Elobstacle2
1365.0,482.0,395.0,Elobstacle2
1383.0,481.0,395.0,Elobstacle2
1401.0,481.0,395.0,Elobstacle2
1280.0,482.0,395.0,Elobstacle2
1297.0,481.0,395.0,Elobstacle2
1314.0,480.0,395.0,Elobstacle2
1331.0,480.0,395.0,Elobstacle2
1250.0,473.0,395.0,Elobstacle2
1250.0,476.0,395.0,Elobstacle2
1264.0,482.0,395.0,Elobstacle2
1250.0,473.0,377.0,Elobstacle2
1250.0,473.0,297.0,Elobstacle2
1250.0,474.0,319.0,Elobstacle2
1250.0,473.0,336.0,Elobstacle2
1250.0,473.0,357.0,Elobstacle2
1250.0,473.0,277.0,Elobstacle2
1478.0,532.0,395.0,Elobstacle2
1498.0,532.0,395.0,Elobstacle2
1518.0,533.0,395.0,Elobstacle2
1402.0,530.0,395.0,Elobstacle2
1421.0,529.0,395.0,Elobstacle2
1440.0,529.0,395.0,Elobstacle2
1459.0,530.0,395.0,Elobstacle2
1330.0,529.0,395.0,Elobstacle2
1348.0,528.0,395.0,Elobstacle2
1366.0,528.0,395.0,Elobstacle2
1384.0,528.0,395.0,Elobstacle2
1263.0,525.0,395.0,Elobstacle2
1279.0,527.0,395.0,Elobstacle2
1296.0,527.0,395.0,Elobstacle2
1313.0,528.0,395.0,Elobstacle2
1250.0,517.0,395.0,Elobstacle2
1250.0,518.0,356.0,Elobstacle2
1250.0,517.0,374.0,Elobstacle2
1250.0,519.0,393.0,Elobstacle2
1250.0,517.0,277.0,Elobstacle2
1250.0,517.0,298.0,Elobstacle2
1250.0,518.0,315.0,Elobstacle2
1250.0,517.0,334.0,Elobstacle2
