1431.9474808630312,454.6531522450355,-51.593634471208134,Elobstacle4
1462.3700572143557,451.94513795153705,-59.43962585061266,Elobstacle4
1484.4031984928365,452.4702383533786,-49.370349107477466,Elobstacle4
1362.0715049127323,446.96067052584806,-52.03933366921407,Elobstacle4
1381.2448649176656,457.1320220552513,-52.243125145565244,Elobstacle4
1400.542215608474,453.9466898783805,-53.25579151092987,Elobstacle4
1416.1035650073145,448.6054485783657,-50.758260103911255,Elobstacle4
1282.5615315204466,459.824783068993,-56.69606609225849,Elobstacle4
1301.773204306686,459.5430079482948,-54.26335916144501,Elobstacle4
1319.2364733354555,459.8802779500428,-53.029398646861495,Elobstacle4
1339.6731548111761,456.7150888333995,-58.25616166641319,Elobstacle4
1226.4633603357718,460.9067638929688,-56.76475380697988,Elobstacle4
1210.2712696495391,460.0236414393917,-58.75829371559968,Elobstacle4
1245.8562067983282,457.77139543508287,-56.62848907648922,Elobstacle4
1266.4363026002086,454.585497418779,-55.212023036368464,Elobstacle4
1155.8025343983552,463.3300738538523,-61.578186980934134,Elobstacle4
1179.5662949711166,457.31870920061067,-59.505412639664286,Elobstacle4
1194.3965991121015,463.67239730640114,-58.984598620285766,Elobstacle4
1162.811681130708,458.9194346276217,-66.77533800044446,Elobstacle4
1095.2460014953672,457.7579100214506,-186.29173946064486,Elobstacle4
1099.023321525201,457.9834272155005,-228.75727868076962,Elobstacle4
1116.9314810591404,463.6529384171322,-75.33263718886602,Elobstacle4
1102.7640175715887,465.4565248408411,-93.32191936900372,Elobstacle4
1094.927311948404,457.81426337016336,-157.91228498799177,Elobstacle4
1097.9539091740216,461.5177769396908,-72.011909460666,Elobstacle4
1140.3886845582847,456.25060179015605,-65.10438439908464,Elobstacle4
1096.3513215939888,458.3208390255361,-110.70179950708344,Elobstacle4
1097.8400238075396,462.73962371919924,-279.2392158261942,Elobstacle4
1093.8303294661748,457.634652793312,-300.86526147929317,Elobstacle4
1414.468651991677,499.75124426101934,-48.081921576314755,Elobstacle4
1440.501070582664,501.95381411142694,-47.776808900513004,Elobstacle4
1458.9822696739934,505.72511882569813,-42.82568901844442,Elobstacle4
1337.2615210401148,498.9761810770766,-49.26410608850438,Elobstacle4
1359.4676732865541,494.1831681474826,-49.64857367553341,Elobstacle4
1381.5097963898697,501.33755953186744,-46.803882844286846,Elobstacle4
1394.5600065842666,506.0779253660063,-46.504132159551716,Elobstacle4
1268.6635073610776,503.61787423675486,-53.33180264629905,Elobstacle4
1285.9627326079956,502.0061583554337,-53.599991143001034,Elobstacle4
1304.4700335187908,501.86382144924806,-50.34742754849282,Elobstacle4
1323.6527014883304,495.8502606029983,-51.13703725661469,Elobstacle4
1194.6332035450646,500.4357898959621,-55.08484173051059,Elobstacle4
1219.3692519394158,499.2196504912344,-55.8916759990783,Elobstacle4
1226.1990161338458,503.8717839004893,-53.897628194979774,Elobstacle4
1251.7532748344565,500.0244994522658,-56.353650056093045,Elobstacle4
1142.5021527461963,504.05994866860465,-58.14715917136712,Elobstacle4
1178.1754494505071,496.4576510310557,-56.08120515027872,Elobstacle4
1128.0788276918618,501.40943112114087,-63.37717203460576,Elobstacle4
1158.4478338469705,502.1077462453707,-59.686808010517666,Elobstacle4
1121.3651467347554,501.47995607567947,-65.83627550945505,Elobstacle4
1114.5520268918028,495.16665061754924,-317.6517645781684,Elobstacle4
1117.5959516708974,496.92569081707995,-264.3235391655831,Elobstacle4
1120.319438170142,496.7879713595655,-229.2567290055496,Elobstacle4
1116.1421715496772,495.94768337719944,-184.47505814388427,Elobstacle4
1120.6192764929528,503.3020068371039,-95.36173666820008,Elobstacle4
1115.4004670824643,496.23306907440156,-168.41934336818804,Elobstacle4
1117.7488830654268,499.261952437787,-115.5796852354275,Elobstacle4
1322.1432805600905,541.3786445409688,-46.479108618992115,Elobstacle4
1337.7211411185658,546.6816719927006,-47.95799416028831,Elobstacle4
1362.5754711291631,543.5742931689304,-47.389131857391334,Elobstacle4
1378.9567736222682,547.5115284918859,-45.75881214553905,Elobstacle4
1285.7244640562492,545.6371979329082,-47.63085349629151,Elobstacle4
1268.7418869337655,540.1179260814592,-56.798234021802216,Elobstacle4
1251.5296924606478,547.6100282149431,-58.51982542686014,Elobstacle4
1311.4103380520646,541.7237424201314,-47.22296566443708,Elobstacle4
1180.1369579983486,539.8206084508394,-52.495007692694855,Elobstacle4
1209.170001085546,542.5158190419454,-53.25891616229913,Elobstacle4
1193.3330962372788,544.5794968414482,-55.14161950653693,Elobstacle4
1231.0069717477518,546.9730232536131,-55.71267460640604,Elobstacle4
1149.3764956162856,544.6234730613361,-57.724326656435096,Elobstacle4
1160.1595719447578,544.6579330511084,-54.3529064970123,Elobstacle4
1145.0677397820093,537.0263695172575,-65.72726900390882,Elobstacle4
1141.5992754068996,536.8364269036515,-91.75584723529508,Elobstacle4
1141.3043134693262,539.1379645706123,-164.63533432505685,Elobstacle4
1139.5476008560413,539.1169254636658,-269.8796656088631,Elobstacle4
1138.3463980094107,536.5489331857025,-193.01235624780958,Elobstacle4
1139.031666628456,536.1673303501118,-118.96849774217499,Elobstacle4
1137.213224393231,535.2091071115566,-305.5760380209085,Elobstacle4
1144.9750407978147,535.4493622062957,-237.43011995770058,Elobstacle4
1409.2998902155707,307.9469017180169,-68.01158849920478,Elobstacle4
1335.7255755922745,318.8399870700821,-62.83098225309732,Elobstacle4
1352.1210827170255,318.41956672772335,-64.67819651625717,Elobstacle4
1369.4147823499163,310.47320599119877,-65.48601190129662,Elobstacle4
1384.9598302706954,309.7922602683657,-62.90843499297557,Elobstacle4
1260.617760436786,329.33031471862,-66.06193574819392,Elobstacle4
1274.6088631964294,328.0663656930426,-67.18452824271122,Elobstacle4
1292.9222002598556,322.9972911394127,-65.16460308178324,Elobstacle4
1316.129929680721,317.6527829453346,-65.73912469100608,Elobstacle4
1188.3288516862913,339.94051259846015,-70.46646296951693,Elobstacle4
1207.9081854762428,330.13162970237056,-67.71315804301014,Elobstacle4
1221.3839364535675,334.4755934007087,-67.73427932464313,Elobstacle4
1247.8823586988835,327.0179052542993,-67.69531046323982,Elobstacle4
1149.5255269304105,345.8095565693485,-84.6646727746976,Elobstacle4
1161.0579683581536,340.4197258582365,-74.80393324728604,Elobstacle4
1175.9493539177736,343.02414889872585,-189.35634085031126,Elobstacle4
1174.2119318609307,338.7708678479252,-75.89589974618931,Elobstacle4
1154.9932448925235,345.0825567882128,-113.35802242894827,Elobstacle4
1185.4354855088884,342.00500246332035,-253.65801456668027,Elobstacle4
1199.6467260784584,340.37421666842414,-322.80889199031725,Elobstacle4
1335.7080116251716,292.3611728508472,-64.6965744479902,Elobstacle4
1359.585817786875,294.2581813573437,-69.51282241731033,Elobstacle4
1381.9716700091958,291.17970319169353,-65.14255056206284,Elobstacle4
1391.818843538239,282.8974026598887,-65.0296230022175,Elobstacle4
1273.6883128812392,308.88630360398145,-77.98331424032938,Elobstacle4
1284.4049179276144,299.4610159547581,-67.62123310560074,Elobstacle4
1300.5576542055912,297.007043577019,-67.97061804361763,Elobstacle4
1327.7581846818891,295.2286036173813,-68.81102446479639,Elobstacle4
1200.9053561650417,315.1237920563825,-78.8154668963825,Elobstacle4
1214.8604662140888,312.2564173203576,-71.84909575523548,Elobstacle4
1235.8311672363488,312.2740111004311,-68.13505707975543,Elobstacle4
1249.8989405927464,306.2791174431064,-69.16676687659711,Elobstacle4
1211.428575147812,315.22014616705343,-139.89703208903555,Elobstacle4
1194.8240085988564,318.1457562738019,-76.25679980197492,Elobstacle4
1213.4228896488978,318.68923989613506,-184.0114072204865,Elobstacle4
1244.1197495015504,311.127143033835,-279.360615429556,Elobstacle4
1247.864351526012,312.84768362653904,-326.6829054046751,Elobstacle4
1271.2750042591474,288.3060944616546,-210.79658720960882,Elobstacle4
1304.5628134891751,282.6530286467439,-317.4951349338139,Elobstacle4
1347.8407293884686,272.1017103568804,-69.37995840340884,Elobstacle4
1361.1750854785987,264.98193740099623,-68.29458390241314,Elobstacle4
1276.7558089015376,284.19339386117446,-76.62874353674596,Elobstacle4
1297.4635578398916,277.9444058900074,-73.19072433268431,Elobstacle4
1311.3174892530126,279.4317000642129,-68.17861106033635,Elobstacle4
1332.6507111467756,273.4069596525395,-66.43593600785198,Elobstacle4
1260.5477707345533,288.83251187635807,-69.36262502006059,Elobstacle4
1245.0396849070848,293.3490843341197,-100.76275716508931,Elobstacle4
1266.4101644632972,288.3037532672032,-166.97868879794595,Elobstacle4
1248.2197686064887,289.65571973237945,-72.84289032144159,Elobstacle4
1352.8654831223678,242.1659504681655,-74.26202490110194,Elobstacle4
1304.928990427142,261.0369171499067,-104.86077630253294,Elobstacle4
1303.6413569184308,260.98459594695044,-72.70082475979223,Elobstacle4
1315.4667078288235,253.93848245955195,-75.35907529406205,Elobstacle4
1331.7946535183605,255.90204084992362,-76.53625567345935,Elobstacle4
1310.4906792925335,258.60297923764995,-139.85223694425906,Elobstacle4
1322.2971011332897,257.84222030822326,-194.66295710149387,Elobstacle4
1339.7289950714808,253.96859509300046,-260.66138069801866,Elobstacle4
1443.0216575355541,428.3165557299965,-54.6566984038038,Elobstacle4
1462.860386922599,427.5102487558565,-55.261557464067494,Elobstacle4
1365.7027826747562,429.8896370989113,-55.31990768340205,Elobstacle4
1382.9194778942958,428.07859004903526,-53.13793127209405,Elobstacle4
1407.7886730781092,428.0324676470613,-55.25403884683564,Elobstacle4
1429.329819693236,426.6051222584064,-55.34002301477631,Elobstacle4
1292.4389066312592,437.71607083091556,-62.35848970447279,Elobstacle4
1313.6871348966747,432.10708848611586,-55.24869451020072,Elobstacle4
1328.4609739046743,433.8947507357259,-58.57165861443244,Elobstacle4
1347.0552878930764,434.0399614856587,-56.697769407440234,Elobstacle4
1224.9777337404228,436.63103620455104,-58.707227259972285,Elobstacle4
1236.9482122961256,437.77886054468166,-58.23338632893385,Elobstacle4
1257.025239606976,436.60964375359686,-57.29489594661814,Elobstacle4
1273.501743366037,433.2158833890378,-57.426210847438966,Elobstacle4
1203.5286750489854,440.42894884477454,-63.293218780738584,Elobstacle4
1162.2243759197547,443.4954657092527,-61.408658707744195,Elobstacle4
1175.9863740946244,443.5244999280909,-60.20084393865483,Elobstacle4
1191.943122444995,437.6468224814403,-61.25765029982986,Elobstacle4
1086.1910671068183,443.9494810945215,-153.8023240673548,Elobstacle4
1086.4772472695265,440.0402306263394,-124.9365533886127,Elobstacle4
1093.208831175787,441.3116023374094,-69.40612536058424,Elobstacle4
1084.0947193762545,441.9904555639093,-100.51039730466042,Elobstacle4
1132.840972841399,442.138551041783,-63.808253009125735,Elobstacle4
1108.9371657183729,442.2982110236988,-63.64693378420938,Elobstacle4
1083.1829493502537,440.60931955875833,-185.71910566524735,Elobstacle4
1122.8420143759135,445.69600419693825,-64.43297315003409,Elobstacle4
1088.092238160367,439.9482920602176,-235.77728551175616,Elobstacle4
1084.7783540502478,443.89440701212595,-275.5583821806413,Elobstacle4
1085.335520289806,441.4230151766886,-326.3491569389112,Elobstacle4
1313.2990764063265,563.9402323892298,-45.5803914264994,Elobstacle4
1332.1594535431052,565.2966702262038,-46.09938987075165,Elobstacle4
1351.8371868590189,568.1500644725958,-49.89984628885941,Elobstacle4
1290.099480733156,573.2619761969039,-51.18489912264954,Elobstacle4
1275.4139050810634,562.2530176634992,-48.25623135325816,Elobstacle4
1238.3217790634314,562.8323490445742,-53.67771757122944,Elobstacle4
1265.3839321369107,562.0097410719494,-47.456620606790295,Elobstacle4
1217.156225239098,569.1584837050251,-49.8871980748832,Elobstacle4
1188.4624092394995,565.6412041362177,-61.74863722646009,Elobstacle4
1201.5610810335252,560.9873061466717,-52.646052452996656,Elobstacle4
1169.0011628911616,560.2280037047403,-53.685900659981144,Elobstacle4
1153.490686623883,557.6112977736678,-134.3122152840632,Elobstacle4
1158.8208866692514,558.1265196375565,-78.82790493548222,Elobstacle4
1152.7121391694695,561.8407529020294,-99.21452849192531,Elobstacle4
1159.685998759152,564.7934132339525,-57.48959811166142,Elobstacle4
1154.1581652996638,557.5581642782136,-171.0718504922721,Elobstacle4
1152.8421561086602,557.6193661064251,-237.40625927250198,Elobstacle4
1153.5930236143558,557.9980638756983,-276.7427984724252,Elobstacle4
1149.4593606350477,555.8124430205833,-191.3423430168499,Elobstacle4
1153.0505812302083,558.2611502816317,-315.7102213910164,Elobstacle4
1450.4655099916226,403.52264132284506,-53.75102953387022,Elobstacle4
1384.1005625371454,406.8538241605078,-54.17881510140708,Elobstacle4
1393.4119474431475,408.79756024081104,-55.13936408194934,Elobstacle4
1409.7624209339526,407.4670399664518,-55.13565567913261,Elobstacle4
1441.1795181778148,402.28253723897956,-52.041151263029775,Elobstacle4
1310.3751431179503,406.50071684996203,-57.453620694738675,Elobstacle4
1318.194070301825,414.16408581324424,-57.24944838998479,Elobstacle4
1338.4710058950066,408.5109718686459,-60.39506457165885,Elobstacle4
1355.9938767601845,409.8818751458835,-60.5215734840844,Elobstacle4
1235.7771808431114,411.2080644027305,-62.861893656271576,Elobstacle4
1249.2171197752784,419.0334992364507,-58.63372536541755,Elobstacle4
1269.1577598152908,415.0410780651559,-58.36661484443249,Elobstacle4
1282.7032988863496,412.22490641612706,-58.33717094851906,Elobstacle4
1178.1443029837483,421.3719469327415,-64.94137447688905,Elobstacle4
1197.281387270286,416.1421391267659,-61.146584589438646,Elobstacle4
1215.5178977413211,420.1802056763185,-60.179229992989576,Elobstacle4
1161.1787961536263,419.1050195946415,-65.77344708918642,Elobstacle4
1101.2240680183768,422.21441742657566,-66.83998435626376,Elobstacle4
1075.343154586403,422.95133640100306,-82.38226638277976,Elobstacle4
1133.399134147448,420.461134835675,-65.87127668141167,Elobstacle4
1110.56240484468,428.16122699912046,-70.81820734414924,Elobstacle4
1148.6212628162834,418.5167129525063,-70.66294926164656,Elobstacle4
1079.7616831774071,426.69970758681524,-121.25535528788299,Elobstacle4
1073.7297449115822,423.01454280174613,-148.33848113897278,Elobstacle4
1086.2413679696915,420.73151748976755,-68.05957632289068,Elobstacle4
1079.734603330207,428.9363406825361,-240.6644366779249,Elobstacle4
1078.516747346863,426.63688471696935,-280.90533498395536,Elobstacle4
1076.3748634580897,426.18641064744526,-189.0582386117029,Elobstacle4
1076.9531521511365,423.5005426648921,-326.5253234370145,Elobstacle4
1309.5488112392577,597.1041888370138,-54.74300316008407,Elobstacle4
1232.452772444432,590.7840470709647,-46.843040131524305,Elobstacle4
1243.057867995466,589.1919078358536,-51.053934675448204,Elobstacle4
1262.9014076813617,592.6101146699118,-49.227998024908345,Elobstacle4
1293.1728390058865,592.6383390538424,-50.70780487314835,Elobstacle4
1166.4822428559266,581.8095991736383,-51.71076343022693,Elobstacle4
1194.3702564158762,579.4448020198358,-53.11340456051414,Elobstacle4
1190.5451849164924,582.0274082080574,-55.55264993253857,Elobstacle4
1206.935618914529,588.8191241973524,-53.17970943585246,Elobstacle4
1168.6321994706618,587.9192003906987,-153.33332172502296,Elobstacle4
1162.9796481565243,579.2814786576677,-171.16675487748708,Elobstacle4
1164.4943130316017,577.4352158304173,-76.84241700532394,Elobstacle4
1165.268794546361,580.3982416137161,-105.60094447724073,Elobstacle4
1166.9445090363918,577.9558403773714,-281.48161013202076,Elobstacle4
1169.5099718601236,587.7996133440026,-257.3114833227129,Elobstacle4
1166.6025214606198,579.2806120679753,-208.39186315763632,Elobstacle4
1163.3699889299805,580.0992044903619,-315.94770610354067,Elobstacle4
1433.0303274020093,481.1923958117466,-54.471291859289124,Elobstacle4
1447.059198798289,470.1008305043436,-47.81785380988657,Elobstacle4
1468.4538429571674,477.56996761030484,-48.96092000500249,Elobstacle4
1487.6039668318901,477.1805516200807,-54.42338802258277,Elobstacle4
1352.1959458555543,481.1951772618727,-49.43489167672959,Elobstacle4
1372.489366843544,477.71186733414305,-48.99720645804831,Elobstacle4
1390.9411896239617,479.94264974003545,-48.372907948211406,Elobstacle4
1413.4703033336943,474.51107085179376,-51.728145727468956,Elobstacle4
1275.0146906835039,481.64249491760467,-56.27987394413486,Elobstacle4
1290.563897680734,480.56783018023174,-54.246331305342096,Elobstacle4
1309.994179495607,482.28245434792194,-51.586025985046774,Elobstacle4
1330.9511937837492,474.77038256849585,-54.466414728791676,Elobstacle4
1224.2015991086346,473.41640485775696,-56.144090752000665,Elobstacle4
1242.5047036651745,482.67064036311456,-57.25893256178469,Elobstacle4
1264.3488032261598,474.9150562696746,-53.7959774690581,Elobstacle4
1207.017588654433,479.46054278505494,-60.69876347717252,Elobstacle4
1160.4515612459659,478.8163666184844,-59.32330795313641,Elobstacle4
1184.8308643635453,482.06506012556736,-56.602678089231205,Elobstacle4
1166.3383292940978,484.6073362299485,-58.1309364302268,Elobstacle4
1137.6929318689872,478.0856651640546,-63.010260563397054,Elobstacle4
1116.1638423576378,482.7455588751889,-60.9414140668664,Elobstacle4
1109.0145933915178,478.0033903201381,-157.79873013256017,Elobstacle4
1105.993701105028,477.00569219251685,-232.40492846137536,Elobstacle4
1110.4421117736629,482.0124996482097,-79.62042819222702,Elobstacle4
1106.7419204299922,477.04865903327806,-109.69064824020798,Elobstacle4
1111.1795022728588,482.55790478145303,-278.3327570262955,Elobstacle4
1106.8167065188431,482.0917584832845,-92.60738871471845,Elobstacle4
1104.680758160166,478.4266077187476,-187.82942282358948,Elobstacle4
1107.7396181928914,476.96581493186716,-354.13151654072885,Elobstacle4
1108.279197956141,480.2252611093982,-314.44290594126653,Elobstacle4
1409.2180689009294,530.2307619156053,-49.45888679321149,Elobstacle4
1440.1793023315554,519.3431400397682,-56.70928631988599,Elobstacle4
1328.9261462435231,524.196853937112,-50.11228411878932,Elobstacle4
1356.833132392905,518.2094985449331,-46.465916335793395,Elobstacle4
1370.7854218797413,521.7922907534866,-47.61350304829895,Elobstacle4
1387.6008290682287,524.1561670495091,-48.92826063939148,Elobstacle4
1260.9826334929464,525.2485763339284,-52.012710473432804,Elobstacle4
1276.9413733506888,521.538958375201,-55.11293091985593,Elobstacle4
1293.1275458095195,525.5275705174863,-49.39289508112887,Elobstacle4
1307.6356937770881,524.4715536652151,-48.15209938187371,Elobstacle4
1203.7277673405367,519.5213535044514,-54.76769610559347,Elobstacle4
1192.0452327153669,519.8049743421183,-53.63322383788807,Elobstacle4
1220.62208739439,518.4587192525478,-54.81541886700464,Elobstacle4
1240.2935494613666,525.6221366554971,-51.64201794799527,Elobstacle4
1135.3685718083973,519.4107206561728,-60.66825687575792,Elobstacle4
1167.6737959561563,521.5498595007269,-57.31906583700231,Elobstacle4
1149.5806727791853,521.3992832432234,-58.72645861892309,Elobstacle4
1135.0740383504292,524.6116982327939,-71.39138778884376,Elobstacle4
1128.3229250414283,514.8694834613242,-161.99429275509632,Elobstacle4
1127.440493281215,515.7591162029368,-82.70774750892627,Elobstacle4
1129.9544527381806,515.2541696875211,-127.0524596053789,Elobstacle4
1129.1372816673113,515.7292191703707,-190.07623632288326,Elobstacle4
1130.6208351836428,516.9061771911867,-312.751302230437,Elobstacle4
1128.6192890737057,520.4583850189089,-271.25283789186284,Elobstacle4
1128.08114889223,518.7529230463989,-232.12471083669567,Elobstacle4
1383.8228364850636,378.74300132517317,-55.95514922807902,Elobstacle4
1399.984991384536,382.1939034853576,-56.95779864984431,Elobstacle4
1426.5470028860775,374.09517205339444,-59.41410178741481,Elobstacle4
1438.5615523702481,374.0888193233893,-55.07602136710764,Elobstacle4
1311.1454546763564,389.2870879208683,-64.35499194014687,Elobstacle4
1332.9860336869474,385.27303252741245,-62.84650924498058,Elobstacle4
1346.0965432772443,389.49331597066214,-59.86383563686303,Elobstacle4
1363.1425311874314,377.57462595842617,-57.27124731897874,Elobstacle4
1237.5599391273277,398.5078239768141,-69.1092639505836,Elobstacle4
1256.231584171436,391.2685438848547,-61.717994111439225,Elobstacle4
1270.7154670398584,391.67570855731464,-61.481460064455206,Elobstacle4
1295.9247183374787,388.58528229797145,-61.91666345432165,Elobstacle4
1169.2690222475053,400.93616763352475,-66.39682216442498,Elobstacle4
1187.3840159969816,398.1260527200542,-63.8411524703597,Elobstacle4
1198.6439016615934,401.1100195904569,-62.89089749114041,Elobstacle4
1219.0747531603872,399.8749988283945,-64.06004218324989,Elobstacle4
1063.2810337399935,404.93747739298686,-112.03681408147733,Elobstacle4
1089.9437330240328,410.17886141881087,-69.92447992398024,Elobstacle4
1069.0464758171615,404.7960688274458,-103.27697319661301,Elobstacle4
1080.1872414729578,407.8386959823766,-74.14118501630523,Elobstacle4
1115.716038611303,408.5724535623637,-65.96644941849672,Elobstacle4
1134.4158519375492,404.7285642673193,-64.74300944333217,Elobstacle4
1156.5022368989703,397.8960336877466,-64.36818903139817,Elobstacle4
1101.0710618497237,407.97287551137424,-71.24455130089723,Elobstacle4
1064.61346182537,405.49775074389066,-157.97350133875022,Elobstacle4
1070.6343226970546,404.31239793931957,-196.4739019382387,Elobstacle4
1086.8363150765392,409.21550058132095,-331.4871748004106,Elobstacle4
1072.2935904854892,410.4607841110251,-265.22395413091493,Elobstacle4
1221.095568551355,607.8592594678346,-46.44664590566359,Elobstacle4
1236.2904848572177,607.8740116553471,-53.02198642834327,Elobstacle4
1259.2454269810578,609.7692573485534,-49.408418229290106,Elobstacle4
1271.7817448718088,614.0004327481086,-49.502449896601206,Elobstacle4
1181.882373209343,608.5817697820141,-69.09438996397427,Elobstacle4
1175.6491423443879,601.096130684518,-87.63608702762079,Elobstacle4
1185.642530409783,603.6900951869184,-54.483710312551864,Elobstacle4
1210.789549002871,604.7679294810083,-47.40743963098268,Elobstacle4
1180.538376328607,600.7271632164862,-216.45146037920634,Elobstacle4
1175.4070455386297,599.9820231197651,-173.89741469432573,Elobstacle4
1177.4330136777455,603.6798630150846,-125.27146211569934,Elobstacle4
1177.0152165534118,603.9601595056379,-156.3392545205262,Elobstacle4
1179.155470427676,602.610195675978,-292.2756329278799,Elobstacle4
1178.8860367287175,606.4467903067214,-265.7877170904816,Elobstacle4
1389.2519107412288,356.9802606797291,-58.752234007465034,Elobstacle4
1417.1002357036857,352.155922707536,-57.610532379263304,Elobstacle4
1431.8194419422994,347.8046802782012,-62.093403054724064,Elobstacle4
1321.3116838903495,369.2833194420258,-64.73751642492985,Elobstacle4
1334.9749180415401,361.72293283625083,-59.79415200393399,Elobstacle4
1355.9637900180123,357.90090502210677,-66.22883914520631,Elobstacle4
1379.1057988132907,358.6214240022805,-57.488458841484004,Elobstacle4
1243.961453379561,374.4033805729182,-65.51099298530704,Elobstacle4
1266.6330355885132,372.27474911872076,-62.5803071151403,Elobstacle4
1284.3415180914342,362.9504789023938,-63.71650034354582,Elobstacle4
1299.6457755914576,365.17286684136985,-65.47621877446244,Elobstacle4
1177.6706038794748,376.71150622642267,-69.65543937697745,Elobstacle4
1189.5123569975144,380.8126499374265,-65.15968717652959,Elobstacle4
1213.825226485805,379.217116604205,-63.747870490614986,Elobstacle4
1226.5663296738044,373.00670586113216,-65.69807193963166,Elobstacle4
1121.718591572141,387.58584835054353,-76.39149918637287,Elobstacle4
1108.2998375583093,382.88861859327795,-75.8185305577959,Elobstacle4
1126.0601365465243,386.9203819579885,-71.6894872058817,Elobstacle4
1144.653898722067,384.23685242829833,-69.44920364339023,Elobstacle4
1079.1424946450525,393.37757200612896,-144.0057854396423,Elobstacle4
1157.0598346889822,379.00850936105087,-66.36037902932742,Elobstacle4
1078.0706650961429,393.77710564148305,-87.28318285119198,Elobstacle4
1073.4951007265115,389.40407895392605,-76.2652528886019,Elobstacle4
1090.9250401359805,391.14795832114754,-200.3972237357155,Elobstacle4
1101.9167273920345,390.3571046636238,-260.51968657264223,Elobstacle4
1191.541896105914,625.2831187062316,-301.09757714443566,Elobstacle4
1211.347852630438,629.310932159653,-59.09943428917822,Elobstacle4
1230.6712196087108,636.7656174292806,-68.04717854496667,Elobstacle4
1249.8346825090478,629.2534313351343,-54.136941163981874,Elobstacle4
1189.7393887957533,622.9841119508844,-74.80503474140082,Elobstacle4
1196.164958849181,623.6012704812941,-128.59694035385493,Elobstacle4
1200.309813529114,624.7881461025265,-57.33238785519882,Elobstacle4
1189.2004397480628,623.2383799384354,-91.34721115159455,Elobstacle4
1192.5182226622157,625.1265146904282,-263.59195780188327,Elobstacle4
1192.4477213956131,626.9916772028992,-190.946812617915,Elobstacle4
1198.3602240965677,624.667809706384,-169.60994143331786,Elobstacle4
1189.7934763827539,625.3840109515172,-220.6226494878333,Elobstacle4
1397.6169033012163,331.4881035852418,-62.582219534367965,Elobstacle4
1325.275143722549,340.239333793274,-63.889197302596045,Elobstacle4
1344.3777004970314,340.1234451111426,-69.70383867776226,Elobstacle4
1369.5955714234087,336.81198281895195,-63.65251785818097,Elobstacle4
1380.7454252329862,330.36207898948555,-64.0475468422762,Elobstacle4
1255.6302515758955,350.49529795651927,-64.3507273920529,Elobstacle4
1271.980753808351,348.8068685265723,-68.21830727850951,Elobstacle4
1291.5395106186738,345.97043988913913,-62.59043720521353,Elobstacle4
1311.2041325098926,340.64063594164475,-65.82199040938383,Elobstacle4
1185.477286987656,363.00782301096274,-70.69220348604136,Elobstacle4
1197.6110051895403,359.1304372337649,-67.4506294171805,Elobstacle4
1214.5232784735767,359.37572667067104,-67.89090268026959,Elobstacle4
1232.2920372214207,354.5271726046308,-66.13314178839698,Elobstacle4
1168.7784059221012,360.5453716741721,-72.57733753361595,Elobstacle4
1125.6887426618184,366.18129987853655,-143.19140148791126,Elobstacle4
1159.3394966178398,361.3992373491306,-70.87769688765383,Elobstacle4
1138.7639704783892,363.0203370820746,-72.02168099694305,Elobstacle4
1115.9531214662882,367.7341666405735,-85.54510472692675,Elobstacle4
1127.4259076898825,362.39977709712,-71.39066362461946,Elobstacle4
1121.4825037678195,370.649073931726,-167.40137022310108,Elobstacle4
1147.8985029652774,366.12090280098965,-261.523623655115,Elobstacle4
1167.7876341879924,363.65125016312896,-352.33004452983585,Elobstacle4
1212.1237307089464,650.6593842948611,-48.84426594801417,Elobstacle4
1217.510922483934,649.3412463848756,-64.8917466991831,Elobstacle4
1209.0569530497357,651.3222125448945,-172.4425986336839,Elobstacle4
1203.8866765131595,647.7823510438442,-132.4078706305047,Elobstacle4
1203.8364351161276,646.7442373327908,-119.46766291470597,Elobstacle4
1210.2214904923464,650.9438728532866,-91.07385642066488,Elobstacle4
1202.2650830158236,646.3798060492041,-321.98732625423645,Elobstacle4
1204.6393002757645,648.4951138982346,-271.8491711368835,Elobstacle4
1201.4776155825398,646.2288757959958,-230.59107153501583,Elobstacle4
1201.7621489598191,646.8486976384955,-193.853182880126,Elobstacle4
1354.732966308822,254.21478393070026,-66.78320520344292,Elobstacle4
1361.1750854785987,264.98193740099623,-68.29458390241314,Elobstacle4
1384.0152059173802,279.4700192354702,-67.21671370005751,Elobstacle4
1391.818843538239,282.8974026598887,-65.0296230022175,Elobstacle4
1333.6993941522942,248.28319863893017,-141.4840143190924,Elobstacle4
1341.455381616509,250.53737686459613,-85.47798693265707,Elobstacle4
1326.636890862448,245.45999005757403,-106.30966544452818,Elobstacle4
1339.5178025457756,250.43043424042605,-96.93002871588622,Elobstacle4
1341.893250554079,251.73676237741782,-225.29451525695828,Elobstacle4
1339.7289950714808,253.96859509300046,-260.66138069801866,Elobstacle4
1340.8144376756247,247.32863808173278,-191.3119203242413,Elobstacle4
1349.902017084738,258.7048196022631,-322.6560220726847,Elobstacle4
1412.972376796647,324.2266361395283,-73.69387931828342,Elobstacle4
1344.1939753181714,278.57127933572565,-65.33875674968033,Elobstacle4
1358.2311271828528,282.6331632020385,-68.37989338613659,Elobstacle4
1373.9697909386357,302.6083034172201,-65.10480187862848,Elobstacle4
1384.8518432833534,303.5860747307373,-62.35958110533667,Elobstacle4
1315.4667078288235,253.93848245955195,-75.35907529406205,Elobstacle4
1315.3472309393112,255.89158249182444,-111.38147404950907,Elobstacle4
1332.6507111467756,273.4069596525395,-66.43593600785198,Elobstacle4
1305.2494554474367,255.64549134010153,-87.15169195978905,Elobstacle4
1317.963972272379,265.68420055270167,-225.15384691823564,Elobstacle4
1317.256834330403,262.05398237852967,-187.51923245158787,Elobstacle4
1310.4906792925335,258.60297923764995,-139.85223694425906,Elobstacle4
1321.9512348261462,265.65225004939293,-274.0757364040156,Elobstacle4
1324.190280059655,270.03146146160185,-316.97259499264237,Elobstacle4
1399.866421301424,346.6041455255908,-58.92050107304868,Elobstacle4
1417.1002357036857,352.155922707536,-57.610532379263304,Elobstacle4
1431.313137955502,368.83207508394446,-54.880586831539176,Elobstacle4
1438.5615523702481,374.0888193233893,-55.07602136710764,Elobstacle4
1335.7080116251716,292.3611728508472,-64.6965744479902,Elobstacle4
1348.4621194864496,307.8986259871084,-63.153845171483795,Elobstacle4
1362.6369733828708,321.2626448619243,-62.185845492666886,Elobstacle4
1380.7454252329862,330.36207898948555,-64.0475468422762,Elobstacle4
1297.8258774566896,271.3465345701445,-68.44644428349534,Elobstacle4
1311.3174892530126,279.4317000642129,-68.17861106033635,Elobstacle4
1322.1914361096437,282.7153012203194,-68.23401154249814,Elobstacle4
1290.737169787991,264.3085705597375,-80.98748430150614,Elobstacle4
1297.497053587621,275.38597756739625,-224.8715014490719,Elobstacle4
1294.1723034659224,269.1874704026958,-144.92542355968013,Elobstacle4
1294.964908940029,276.00183613452236,-116.29220522318768,Elobstacle4
1292.0662501482457,273.8397419934261,-185.27754432353822,Elobstacle4
1304.5628134891751,282.6530286467439,-317.4951349338139,Elobstacle4
1305.4429446199313,275.4874149589931,-274.683082314118,Elobstacle4
1450.4655099916226,403.52264132284506,-53.75102953387022,Elobstacle4
1465.0406562877613,415.46652960095446,-51.35409425879243,Elobstacle4
1389.2519107412288,356.9802606797291,-58.752234007465034,Elobstacle4
1404.455088865762,370.1940382802381,-59.577588621999666,Elobstacle4
1422.7067749143514,391.0142806395485,-53.60720343107778,Elobstacle4
1441.1795181778148,402.28253723897956,-52.041151263029775,Elobstacle4
1335.7255755922745,318.8399870700821,-62.83098225309732,Elobstacle4
1348.058254281157,339.9980589793812,-71.22968328811024,Elobstacle4
1364.7320101140451,344.19574650806055,-67.03869610916422,Elobstacle4
1379.1057988132907,358.6214240022805,-57.488458841484004,Elobstacle4
1276.7558089015376,284.19339386117446,-76.62874353674596,Elobstacle4
1292.342633128948,298.07256238954267,-65.86509934842397,Elobstacle4
1300.5576542055912,297.007043577019,-67.97061804361763,Elobstacle4
1314.3824548166863,309.8173510411036,-64.4813557783718,Elobstacle4
1275.748887264113,278.99988453345736,-145.05191099623602,Elobstacle4
1272.4964369205861,284.9419551131515,-181.009474690179,Elobstacle4
1264.8670314365065,278.5838401992257,-78.04275757682437,Elobstacle4
1274.642426869202,284.62885952933004,-113.09238836865103,Elobstacle4
1286.405228854051,293.1054150976945,-328.9924958183083,Elobstacle4
1279.4092958225442,290.32354237748893,-276.1732095807488,Elobstacle4
1274.6668906778987,286.6255573707381,-220.72473007419526,Elobstacle4
1443.0216575355541,428.3165557299965,-54.6566984038038,Elobstacle4
1463.7071790410446,439.62162511981813,-51.0500893280018,Elobstacle4
1480.7594356216844,454.52258737631513,-51.45414570726649,Elobstacle4
1492.479449874538,460.31476272802684,-45.38659225151278,Elobstacle4
1383.9333008735248,388.1170202471947,-56.25085509139606,Elobstacle4
1395.9904347223,396.30088747784316,-57.23197638370172,Elobstacle4
1409.7624209339526,407.4670399664518,-55.13565567913261,Elobstacle4
1425.449013939466,416.8845586664501,-51.43911677282273,Elobstacle4
1325.275143722549,340.239333793274,-63.889197302596045,Elobstacle4
1341.2361548007784,355.52947192290026,-60.92088214674476,Elobstacle4
1359.1809438676623,370.241218100527,-64.85357602648384,Elobstacle4
1365.3999981442623,372.48551741861985,-57.16815880791057,Elobstacle4
1274.8753025762148,311.69287824935225,-66.25223902027167,Elobstacle4
1278.7424554000988,315.48887694847275,-67.36346824106894,Elobstacle4
1292.9222002598556,322.9972911394127,-65.16460308178324,Elobstacle4
1311.2041325098926,340.64063594164475,-65.82199040938383,Elobstacle4
1254.1410862527991,296.2268142377741,-153.75498548137324,Elobstacle4
1248.2197686064887,289.65571973237945,-72.84289032144159,Elobstacle4
1255.0278166059377,288.0671626844277,-75.27183463596282,Elobstacle4
1251.6086880547762,291.45849020864523,-105.84472293220816,Elobstacle4
1258.735233925382,298.6022655715753,-226.23405780046573,Elobstacle4
1254.5576587644223,298.74908853281073,-191.88431532326388,Elobstacle4
1262.4222171555296,301.63709924770626,-277.5985346865094,Elobstacle4
1267.5049720076859,305.1742417290476,-332.2737743798007,Elobstacle4
1431.9474808630312,454.6531522450355,-51.593634471208134,Elobstacle4
1447.059198798289,470.1008305043436,-47.81785380988657,Elobstacle4
1468.4538429571674,477.56996761030484,-48.96092000500249,Elobstacle4
1372.8995960498796,415.32766871886247,-54.16851155194547,Elobstacle4
1389.8516203290171,424.1770720800428,-55.109294803694496,Elobstacle4
1407.7886730781092,428.0324676470613,-55.25403884683564,Elobstacle4
1417.961374339481,440.52047780416905,-51.20013800848841,Elobstacle4
1320.4525369781632,372.37690539878054,-60.36809966697575,Elobstacle4
1336.807915044769,375.589358154509,-60.75042824496711,Elobstacle4
1342.7944551657408,390.83041098861713,-58.55385803321386,Elobstacle4
1359.9532701649043,393.89223593059546,-58.33582820965228,Elobstacle4
1260.617760436786,329.33031471862,-66.06193574819392,Elobstacle4
1275.2392166269199,335.4211201588365,-63.924822989692615,Elobstacle4
1291.5395106186738,345.97043988913913,-62.59043720521353,Elobstacle4
1307.1087782719123,361.9479090827658,-64.19335803473845,Elobstacle4
1230.6267997889036,304.15811710976277,-104.21126531317509,Elobstacle4
1238.056178778661,305.60939988729314,-70.53460791240724,Elobstacle4
1231.1881628837996,305.02573896120094,-82.63867966469681,Elobstacle4
1247.1056059878215,315.0551088797476,-67.59870765941076,Elobstacle4
1233.2150801703174,303.3009461720952,-143.0598707972522,Elobstacle4
1247.864351526012,312.84768362653904,-326.6829054046751,Elobstacle4
1244.1197495015504,311.127143033835,-279.360615429556,Elobstacle4
1238.5881408438124,310.334002831033,-228.17380473191176,Elobstacle4
1235.348157122151,309.43343204962713,-185.27753897857946,Elobstacle4
1426.0993964827328,486.3369781366846,-46.71015776777082,Elobstacle4
1446.391378481739,491.9473094186676,-46.587575167285735,Elobstacle4
1454.9831485752331,494.3698832160895,-46.28451472765758,Elobstacle4
1365.7027826747562,429.8896370989113,-55.31990768340205,Elobstacle4
1384.9035515657843,440.80583919196937,-55.30805076130741,Elobstacle4
1390.5847175028678,459.2110864575958,-50.25682024078495,Elobstacle4
1413.4703033336943,474.51107085179376,-51.728145727468956,Elobstacle4
1316.9511208534311,394.3882987066974,-57.82684019063748,Elobstacle4
1321.264201914681,402.2976307267505,-57.46562369112536,Elobstacle4
1338.4710058950066,408.5109718686459,-60.39506457165885,Elobstacle4
1358.7117842971404,421.8425054288568,-54.54897176940628,Elobstacle4
1255.6302515758955,350.49529795651927,-64.3507273920529,Elobstacle4
1270.0441972758936,356.10213653225446,-62.80140029819816,Elobstacle4
1280.2951337272948,360.8254262320651,-62.34673983861859,Elobstacle4
1295.1355257959399,374.0654803378731,-60.662212843078834,Elobstacle4
1214.8604662140888,312.2564173203576,-71.84909575523548,Elobstacle4
1232.2731358507158,330.22351735551325,-67.32297681918703,Elobstacle4
1212.0997131550585,312.88999549533025,-73.85235328057041,Elobstacle4
1242.6604659788125,337.52786153673907,-67.13877769033792,Elobstacle4
1211.428575147812,315.22014616705343,-139.89703208903555,Elobstacle4
1213.4228896488978,318.68923989613506,-184.0114072204865,Elobstacle4
1208.8091496671364,316.12590583636995,-106.16735583177636,Elobstacle4
1221.4302194537772,325.267804532387,-237.4202340474651,Elobstacle4
1223.294424176599,323.61529550785343,-288.0710455284621,Elobstacle4
1226.5866945289786,325.8134446133128,-331.88771256670236,Elobstacle4
1414.468651991677,499.75124426101934,-48.081921576314755,Elobstacle4
1440.1793023315554,519.3431400397682,-56.70928631988599,Elobstacle4
1354.8772168287405,459.97884272483583,-54.84827719546604,Elobstacle4
1370.7158171394665,464.9155430204022,-51.8045026219861,Elobstacle4
1390.9411896239617,479.94264974003545,-48.372907948211406,Elobstacle4
1403.5627208619173,494.1338593160551,-46.75035235431369,Elobstacle4
1309.080443052643,412.11710002179746,-62.10511704489025,Elobstacle4
1318.9872074047964,424.8927793750035,-55.359280772029535,Elobstacle4
1330.2727401831185,430.9098662367601,-57.19898005754595,Elobstacle4
1338.750922526766,447.05436086441654,-52.64039393777654,Elobstacle4
1245.2263177583955,370.38228133076643,-66.12889289942808,Elobstacle4
1261.0315521612888,382.9545438868804,-62.347132571652566,Elobstacle4
1272.5660780123596,384.22753979766503,-60.310377368621204,Elobstacle4
1288.1347624406114,399.41890513548384,-59.76626677311893,Elobstacle4
1197.2131669468215,330.943171065206,-71.6807501688968,Elobstacle4
1207.9081854762428,330.13162970237056,-67.71315804301014,Elobstacle4
1220.1785976620156,344.5499268779656,-67.95352490321602,Elobstacle4
1232.2920372214207,354.5271726046308,-66.13314178839698,Elobstacle4
1193.1242527923268,328.67622751102607,-150.88863069685848,Elobstacle4
1194.8240085988564,318.1457562738019,-76.25679980197492,Elobstacle4
1201.876737528911,332.50824674040933,-239.06323948074566,Elobstacle4
1192.136814729,325.95539378770695,-107.67515968844508,Elobstacle4
1205.618636998904,336.32797771946156,-290.6486234328677,Elobstacle4
1195.866029052543,330.7561734621751,-187.7010303512705,Elobstacle4
1209.321303964751,339.60262127290747,-344.84033219887874,Elobstacle4
1405.417179447576,531.454086329327,-48.613318799485256,Elobstacle4
1352.1959458555543,481.1951772618727,-49.43489167672959,Elobstacle4
1359.4676732865541,494.1831681474826,-49.64857367553341,Elobstacle4
1381.5097963898697,501.33755953186744,-46.803882844286846,Elobstacle4
1394.880648796555,512.2332845617525,-47.56320700681849,Elobstacle4
1306.697800955303,440.69111403316987,-56.39470211277879,Elobstacle4
1295.7925750017544,428.33239184087427,-59.06653573442267,Elobstacle4
1321.5941102054412,451.35734754571627,-54.73535735549103,Elobstacle4
1338.2973327926427,465.5684259139062,-52.650849991880335,Elobstacle4
1244.4187464917477,388.67590280534625,-64.96156156206308,Elobstacle4
1252.5714986362816,397.7359229783938,-61.51612671323383,Elobstacle4
1269.1577598152908,415.0410780651559,-58.36661484443249,Elobstacle4
1277.4485648681484,421.22865991408787,-57.439202030782496,Elobstacle4
1188.3288516862913,339.94051259846015,-70.46646296951693,Elobstacle4
1213.8218121621758,363.02094487263207,-64.44431110823953,Elobstacle4
1208.6266419588867,361.1738622731997,-66.65251108404539,Elobstacle4
1226.5663296738044,373.00670586113216,-65.69807193963166,Elobstacle4
1183.9722002515482,339.25409854554437,-70.57982457685398,Elobstacle4
1181.5048484104354,344.07059726002944,-241.66970062470455,Elobstacle4
1175.76104700316,331.3059024690876,-76.81722012152431,Elobstacle4
1177.0488804664271,333.6314415711969,-119.52077860481596,Elobstacle4
1178.2591214409717,340.33231611096517,-156.8380863763564,Elobstacle4
1181.5837378163083,339.4176723872316,-202.1008171731305,Elobstacle4
1188.2459758378611,347.99118928487746,-303.3593525488806,Elobstacle4
1337.2615210401148,498.9761810770766,-49.26410608850438,Elobstacle4
1356.833132392905,518.2094985449331,-46.465916335793395,Elobstacle4
1370.7854218797413,521.7922907534866,-47.61350304829895,Elobstacle4
1385.9372659636851,537.4757212753767,-50.062438859712984,Elobstacle4
1287.7394517432895,450.5218378744086,-56.92293935836446,Elobstacle4
1303.3053081922255,466.88370151874136,-52.745310659351304,Elobstacle4
1312.028020796983,472.01728705665715,-52.7772404674636,Elobstacle4
1324.7411441272984,490.06567328910603,-51.722978853819654,Elobstacle4
1235.7771808431114,411.2080644027305,-62.861893656271576,Elobstacle4
1247.9235778053487,416.8600147333311,-61.74024133432408,Elobstacle4
1262.4922088240533,427.9655095622722,-57.96823410921368,Elobstacle4
1273.964196249092,442.24942669577223,-59.135085203980225,Elobstacle4
1185.477286987656,363.00782301096274,-70.69220348604136,Elobstacle4
1201.2252358827984,375.1822970690603,-64.27093662325652,Elobstacle4
1204.3483698715247,388.19606363732964,-64.03218525944294,Elobstacle4
1219.0747531603872,399.8749988283945,-64.06004218324989,Elobstacle4
1154.9932448925235,345.0825567882128,-113.35802242894827,Elobstacle4
1156.6124479249793,349.1282173890322,-159.86572476668636,Elobstacle4
1158.584060852621,342.953851611022,-98.31670039939952,Elobstacle4
1161.1478905073684,349.26381380493297,-76.976476116295,Elobstacle4
1162.0423416419758,353.637602049408,-211.83937765499962,Elobstacle4
1177.1337189661767,360.40123767293835,-68.58290656031636,Elobstacle4
1169.7041008291271,360.1331698937232,-307.55678017316626,Elobstacle4
1164.3421092026692,354.05384176032584,-253.76789545753195,Elobstacle4
1328.9261462435231,524.196853937112,-50.11228411878932,Elobstacle4
1344.6335840807626,533.6340928622872,-51.26097928388364,Elobstacle4
1353.369756975014,553.5603633906794,-46.65694769199433,Elobstacle4
1280.7920522802704,474.5989571858631,-53.990257053136645,Elobstacle4
1292.0847824862099,484.09619013290063,-53.00253038187279,Elobstacle4
1307.7425196226468,497.41114102042866,-50.24625987645527,Elobstacle4
1316.8634804657368,505.81644568485973,-49.878177333446814,Elobstacle4
1239.185089192411,436.8212679340217,-58.41123266277131,Elobstacle4
1225.811533605669,426.80024936487916,-61.015587830348295,Elobstacle4
1260.7057066327795,465.9458728486587,-55.37551984017935,Elobstacle4
1250.3746419741851,449.7353568115499,-57.44130984987473,Elobstacle4
1176.664921767396,386.78020127152763,-67.46333515702435,Elobstacle4
1215.5178977413211,420.1802056763185,-60.179229992989576,Elobstacle4
1187.3840159969816,398.1260527200542,-63.8411524703597,Elobstacle4
1198.6439016615934,401.1100195904569,-62.89089749114041,Elobstacle4
1142.5226194681572,356.02795488976676,-133.15197369849483,Elobstacle4
1141.6078724762017,357.73244950566266,-68.22186196407841,Elobstacle4
1147.7323286667647,365.4026701950553,-221.88656575410442,Elobstacle4
1139.2295738122743,352.42334582168934,-85.61206425313136,Elobstacle4
1158.1417045755936,369.31186606081826,-71.9133222053533,Elobstacle4
1164.4424062705916,373.4359847445569,-68.15492191045513,Elobstacle4
1147.8985029652774,366.12090280098965,-261.523623655115,Elobstacle4
1144.2241267766108,357.5859748203428,-171.8898047825399,Elobstacle4
1153.7207175379272,368.34575865480383,-327.2475953661835,Elobstacle4
1332.1594535431052,565.2966702262038,-46.09938987075165,Elobstacle4
1322.1432805600905,541.3786445409688,-46.479108618992115,Elobstacle4
1268.6635073610776,503.61787423675486,-53.33180264629905,Elobstacle4
1277.9519682505904,509.16569145201373,-51.46167950169652,Elobstacle4
1306.5681017126776,536.3601302435308,-51.31870870003843,Elobstacle4
1293.1275458095195,525.5275705174863,-49.39289508112887,Elobstacle4
1226.4633603357718,460.9067638929688,-56.76475380697988,Elobstacle4
1220.5597036478475,447.6355290618135,-61.27672092412223,Elobstacle4
1243.19430980511,473.80292325693154,-57.75398135290487,Elobstacle4
1255.4682052454543,486.49743440121466,-55.47380661060919,Elobstacle4
1169.2690222475053,400.93616763352475,-66.39682216442498,Elobstacle4
1192.0175899458077,427.03167548846085,-63.44266670895638,Elobstacle4
1180.2575077064294,410.572949960452,-62.553885921129876,Elobstacle4
1203.5286750489854,440.42894884477454,-63.293218780738584,Elobstacle4
1156.1855045540508,390.5876887559126,-65.81601685479015,Elobstacle4
1144.653898722067,384.23685242829833,-69.44920364339023,Elobstacle4
1127.4259076898825,362.39977709712,-71.39066362461946,Elobstacle4
1122.9714418640883,367.685273113984,-102.04593155173278,Elobstacle4
1140.6173907942014,380.30069480930933,-70.08663202799258,Elobstacle4
1125.6887426618184,366.18129987853655,-143.19140148791126,Elobstacle4
1128.2148753973847,373.05268863404433,-227.21971240679673,Elobstacle4
1128.7760016073473,372.6785810857376,-186.02884850066334,Elobstacle4
1137.2211716914333,381.6810037037971,-344.04740716832885,Elobstacle4
1137.344000713428,375.865851427473,-300.52136131636314,Elobstacle4
1311.2742265574425,567.5806752316356,-48.68112537963427,Elobstacle4
1319.697575881045,587.3764231196127,-46.842103593265136,Elobstacle4
1260.9826334929464,525.2485763339284,-52.012710473432804,Elobstacle4
1285.7244640562492,545.6371979329082,-47.63085349629151,Elobstacle4
1278.5936029398044,533.8611683818933,-52.56625985111194,Elobstacle4
1300.0672533072905,553.4500278214772,-48.71926086976538,Elobstacle4
1233.303343264621,495.49444777721516,-53.82388214760908,Elobstacle4
1207.8560311514716,475.36237810471835,-61.545941687843595,Elobstacle4
1250.7417835737729,507.9046377792655,-57.97998861718736,Elobstacle4
1222.1102894820633,484.2578626787864,-59.64757632238306,Elobstacle4
1175.9863740946244,443.5244999280909,-60.20084393865483,Elobstacle4
1189.1707860526512,458.6758464374511,-59.325667670685334,Elobstacle4
1165.20771075404,431.6672754269483,-62.71084101465604,Elobstacle4
1194.2522453853132,457.88231914249513,-59.42484134198486,Elobstacle4
1148.6052342895264,416.85657251867104,-68.72017472906663,Elobstacle4
1134.4158519375492,404.7285642673193,-64.74300944333217,Elobstacle4
1111.0353331840822,374.13132552841876,-115.07630142774102,Elobstacle4
1107.1415015495313,376.4832267127448,-140.5023401519705,Elobstacle4
1105.564851135795,378.5404957416779,-84.30948556721411,Elobstacle4
1126.0601365465243,386.9203819579885,-71.6894872058817,Elobstacle4
1114.3242890701695,374.8244245106549,-79.73585603694278,Elobstacle4
1113.21715863162,380.13705172252463,-200.18364791524814,Elobstacle4
1116.9454100276141,381.28375156900165,-243.69830337960107,Elobstacle4
1114.6147932821123,386.8278807274737,-285.98956436972594,Elobstacle4
1302.1228123216629,599.04169861947,-46.63825731406945,Elobstacle4
1275.4139050810634,562.2530176634992,-48.25623135325816,Elobstacle4
1261.4160527434271,552.8034777477509,-52.08388697938949,Elobstacle4
1257.3922187051296,543.8527995224708,-55.42764952150907,Elobstacle4
1291.6499280398768,576.4371769881176,-46.75913247753695,Elobstacle4
1208.0186156881218,506.47233009284116,-53.984973415449645,Elobstacle4
1225.1333252197787,511.9884904171406,-53.608596502149226,Elobstacle4
1240.2935494613666,525.6221366554971,-51.64201794799527,Elobstacle4
1197.6022074115087,489.6552884489127,-55.55840993977739,Elobstacle4
1177.9788273499476,465.753948308339,-59.65564125902981,Elobstacle4
1152.8269074866002,445.6852871021777,-62.797190586271114,Elobstacle4
1162.555966352041,452.29770310371265,-61.442394820243834,Elobstacle4
1184.8308643635453,482.06506012556736,-56.602678089231205,Elobstacle4
1096.6861619256122,394.4832050099959,-69.66568713453822,Elobstacle4
1092.6417161734003,390.40072815690723,-163.2649502363976,Elobstacle4
1090.032236963759,382.80784215890026,-111.88660895018378,Elobstacle4
1115.716038611303,408.5724535623637,-65.96644941849672,Elobstacle4
1110.429124622659,398.1831064867996,-67.16334909308145,Elobstacle4
1092.3237256664786,387.2755286414587,-87.40074974840601,Elobstacle4
1133.399134147448,420.461134835675,-65.87127668141167,Elobstacle4
1138.5845410677525,431.93420772981864,-62.92328202159169,Elobstacle4
1101.9167273920345,390.3571046636238,-260.51968657264223,Elobstacle4
1096.2156640220428,390.47121243956997,-203.0998350032396,Elobstacle4
1105.172246257495,396.6678502425227,-321.5369111339577,Elobstacle4
1250.7633044488282,580.0570387369154,-49.10998913381661,Elobstacle4
1244.1649692664669,561.1122346188591,-48.404478663867735,Elobstacle4
1262.9014076813617,592.6101146699118,-49.227998024908345,Elobstacle4
1276.0184654732973,604.7520335571402,-43.362219080610316,Elobstacle4
1192.0452327153669,519.8049743421183,-53.63322383788807,Elobstacle4
1203.7277673405367,519.5213535044514,-54.76769610559347,Elobstacle4
1217.0203971048609,535.1527873805309,-52.50265346791127,Elobstacle4
1226.0319844910634,548.6744219879205,-50.3611114415678,Elobstacle4
1142.7034046682961,465.80566849824834,-63.73148653437332,Elobstacle4
1160.4515612459659,478.8163666184844,-59.32330795313641,Elobstacle4
1166.6930200643305,481.2189211392682,-59.17009130725867,Elobstacle4
1178.1754494505071,496.4576510310557,-56.08120515027872,Elobstacle4
1077.7075028983454,396.87435317470687,-129.49065165398727,Elobstacle4
1089.9437330240328,410.17886141881087,-69.92447992398024,Elobstacle4
1078.0706650961429,393.77710564148305,-87.28318285119198,Elobstacle4
1073.4951007265115,389.40407895392605,-76.2652528886019,Elobstacle4
1098.6462193755165,412.4773971262082,-68.56383612665758,Elobstacle4
1140.3886845582847,456.25060179015605,-65.10438439908464,Elobstacle4
1110.56240484468,428.16122699912046,-70.81820734414924,Elobstacle4
1120.6173802166588,440.10893268762305,-65.78803844399425,Elobstacle4
1080.5575826684176,399.7619614706748,-182.18250592694164,Elobstacle4
1083.5899121428429,403.48290667413283,-225.28681258252874,Elobstacle4
1086.0151869295257,402.0593266408861,-277.5614428585216,Elobstacle4
1086.8363150765392,409.21550058132095,-331.4871748004106,Elobstacle4
1230.8398281310228,579.3154103712818,-53.380887779979105,Elobstacle4
1244.3830108912136,593.705526516992,-48.8192389855314,Elobstacle4
1259.2454269810578,609.7692573485534,-49.408418229290106,Elobstacle4
1180.1369579983486,539.8206084508394,-52.495007692694855,Elobstacle4
1193.3330962372788,544.5794968414482,-55.14161950653693,Elobstacle4
1201.5610810335252,560.9873061466717,-52.646052452996656,Elobstacle4
1217.156225239098,569.1584837050251,-49.8871980748832,Elobstacle4
1167.6737959561563,521.5498595007269,-57.31906583700231,Elobstacle4
1139.7479294176192,487.3465484765735,-63.05479316716443,Elobstacle4
1160.1856777763624,507.1009485843552,-55.92585009312316,Elobstacle4
1148.744762573181,497.26527551357105,-65.5086088849718,Elobstacle4
1062.3842564623367,402.9532043296539,-97.23892218275802,Elobstacle4
1123.2036655630948,469.40175232561035,-65.84644087364478,Elobstacle4
1112.6988990469576,455.9846356140626,-61.73124748719644,Elobstacle4
1063.2810337399935,404.93747739298686,-112.03681408147733,Elobstacle4
1075.343154586403,422.95133640100306,-82.38226638277976,Elobstacle4
1101.6226312066092,444.6373550350191,-68.54673241146182,Elobstacle4
1093.208831175787,441.3116023374094,-69.40612536058424,Elobstacle4
1088.851658191981,429.3086756632763,-95.55750648856227,Elobstacle4
1073.364240183237,418.3278246859477,-217.2693970333042,Elobstacle4
1064.61346182537,405.49775074389066,-157.97350133875022,Elobstacle4
1067.6765703255828,413.5325182764595,-243.46320628984847,Elobstacle4
1072.1502200379045,417.0226784883403,-297.28199218808663,Elobstacle4
1228.1365632696516,617.3870171146309,-46.54428970941976,Elobstacle4
1221.095568551355,607.8592594678346,-46.44664590566359,Elobstacle4
1171.1119008024064,548.9391623422216,-53.79434627702605,Elobstacle4
1191.2635943092687,577.0732529426763,-49.64809019630451,Elobstacle4
1188.4624092394995,565.6412041362177,-61.74863722646009,Elobstacle4
1207.0654534112155,599.3370771991019,-47.646823543724736,Elobstacle4
1128.0788276918618,501.40943112114087,-63.37717203460576,Elobstacle4
1135.3685718083973,519.4107206561728,-60.66825687575792,Elobstacle4
1160.1595719447578,544.6579330511084,-54.3529064970123,Elobstacle4
1151.155593000103,523.7225768429474,-57.601045277488964,Elobstacle4
1110.4421117736629,482.0124996482097,-79.62042819222702,Elobstacle4
1103.933260437392,474.34948169745803,-88.59373300279891,Elobstacle4
1121.3651467347554,501.47995607567947,-65.83627550945505,Elobstacle4
1097.2223589699522,466.03097515438037,-136.55638070736615,Elobstacle4
1096.3932760337564,463.4286561980036,-202.5170876128349,Elobstacle4
1103.6376386234892,472.18626937980406,-188.78108001808133,Elobstacle4
1097.0163348974174,464.76032063306434,-98.95511152504189,Elobstacle4
1106.4025007864939,474.8435371000679,-273.2820769012179,Elobstacle4
1107.7396181928914,476.96581493186716,-354.13151654072885,Elobstacle4
1102.7894719617254,470.553375239575,-298.231023274184,Elobstacle4
1226.2903982457924,641.193666298815,-49.00118527426898,Elobstacle4
1209.1688456055012,623.8043933737024,-53.514163566480136,Elobstacle4
1166.4822428559266,581.8095991736383,-51.71076343022693,Elobstacle4
1202.5730067229497,613.1667930533896,-55.43228444876806,Elobstacle4
1182.6566740177307,597.6456060631458,-67.79946990741695,Elobstacle4
1185.642530409783,603.6900951869184,-54.483710312551864,Elobstacle4
1143.489693123499,546.1707654470281,-105.14524765778688,Elobstacle4
1144.6054749727236,547.2305071980536,-98.18394442386472,Elobstacle4
1157.6257083432051,563.7676835883691,-84.9568074402201,Elobstacle4
1159.685998759152,564.7934132339525,-57.48959811166142,Elobstacle4
1151.4318024101412,554.9984425805553,-234.7229418643459,Elobstacle4
1143.555945499199,546.2493394094336,-177.01925233549863,Elobstacle4
1148.83803615633,552.7330652401299,-155.64718155302268,Elobstacle4
1145.8349215107467,549.0400181719526,-251.88232211162162,Elobstacle4
1145.064730497157,547.7972919963017,-288.23156078499005,Elobstacle4
1206.8585324358774,652.6823504472793,-163.81566499630873,Elobstacle4
1203.420560507553,649.0460225013225,-124.31423269647188,Elobstacle4
1210.8721984294464,656.5320522394836,-180.69995540971075,Elobstacle4
1214.3940015020773,666.6971599395436,-308.34736965171055,Elobstacle4
1201.4776155825398,646.2288757959958,-230.59107153501583,Elobstacle4
1202.2650830158236,646.3798060492041,-321.98732625423645,Elobstacle4
1201.7621489598191,646.8486976384955,-193.853182880126,Elobstacle4
1357.5196668053131,238.43004509932265,-68.1876098631933,Elobstacle4
1364.9386175883349,241.64107135907398,-195.6343496835582,Elobstacle4
1355.633855596858,234.31246763394665,-146.0896928138157,Elobstacle4
1355.1681591226622,231.6362874924071,-113.8513522274159,Elobstacle4
1355.0174144498474,237.32920743085648,-95.69408125068533,Elobstacle4
1360.2559243874139,238.1186281885083,-225.10254204876466,Elobstacle4
1368.8543573277757,239.93624699991798,-294.72070900521186,Elobstacle4
