1308.0096189432334,511.1935750346352,-130.0,Elobstacle4
1327.7320508075688,511.3538290724796,-130.0,Elobstacle4
1350.88268590218,501.4519052838329,-130.0,Elobstacle4
1231.3519422934605,510.4185842870421,-130.0,Elobstacle4
1250.574374157796,509.71281292110206,-130.0,Elobstacle4
1269.430780618347,510.3730669589464,-130.0,Elobstacle4
1288.287187078898,511.03332099679085,-130.0,Elobstacle4
1197.3974596215562,489.60769515458674,-130.0,Elobstacle4
1200.3974596215562,494.80384757729337,-130.0,Elobstacle4
1213.361561236694,509.25833024919774,-130.0,Elobstacle4
1197.8974596215562,490.47372055837116,-157.0,Elobstacle4
1197.3974596215562,489.60769515458674,-266.0,Elobstacle4
1197.3974596215562,489.60769515458674,-232.0,Elobstacle4
1197.3974596215562,489.60769515458674,-195.0,Elobstacle4
1344.2557528611262,405.97372055837116,-130.0,Elobstacle4
1363.4781847254617,405.2679491924311,-130.0,Elobstacle4
1268.0,411.8948822334847,-130.0,Elobstacle4
1286.7224318643355,410.3230854637602,-130.0,Elobstacle4
1305.944863728671,409.61731409782016,-130.0,Elobstacle4
1324.6672955930064,408.0455173280957,-130.0,Elobstacle4
1196.2083487540115,417.5480947161671,-130.0,Elobstacle4
1212.198729810778,415.24424713887373,-130.0,Elobstacle4
1230.555136271329,415.0384757729337,-130.0,Elobstacle4
1249.2775681356645,413.4666790032092,-130.0,Elobstacle4
1197.074374157796,417.0480947161671,-247.0,Elobstacle4
1197.074374157796,417.0480947161671,-208.0,Elobstacle4
1196.2083487540115,417.5480947161671,-177.0,Elobstacle4
1197.074374157796,417.0480947161671,-137.0,Elobstacle4
1333.3730669589463,441.12435565298216,-130.0,Elobstacle4
1352.5954988232818,440.4185842870421,-130.0,Elobstacle4
1371.8179306876173,439.71281292110206,-130.0,Elobstacle4
1391.9063879557373,438.507041555162,-130.0,Elobstacle4
1256.9833395016046,444.8134665205268,-130.0,Elobstacle4
1275.3397459621556,444.60769515458674,-130.0,Elobstacle4
1294.562177826491,443.9019237886467,-130.0,Elobstacle4
1314.150635094611,441.8301270189222,-130.0,Elobstacle4
1182.8256628518316,448.3686027918559,-130.0,Elobstacle4
1200.6820693123827,447.29680602213136,-130.0,Elobstacle4
1219.0384757729337,447.0910346561913,-130.0,Elobstacle4
1237.7609076372692,445.51923788646684,-130.0,Elobstacle4
1165.8974596215562,435.0480947161671,-130.0,Elobstacle4
1165.8974596215562,435.0480947161671,-272.0,Elobstacle4
1168.3974596215562,439.3782217350893,-130.0,Elobstacle4
1165.8974596215562,435.0480947161671,-237.0,Elobstacle4
1165.8974596215562,435.0480947161671,-195.0,Elobstacle4
1165.8974596215562,435.0480947161671,-163.0,Elobstacle4
1234.8974596215562,554.5596004384197,-130.0,Elobstacle4
1247.8256628518316,560.951905283833,-130.0,Elobstacle4
1234.8974596215562,554.5596004384197,-137.0,Elobstacle4
1234.8974596215562,554.5596004384197,-277.0,Elobstacle4
1234.8974596215562,554.5596004384197,-240.0,Elobstacle4
1234.8974596215562,554.5596004384197,-206.0,Elobstacle4
1234.8974596215562,554.5596004384197,-171.0,Elobstacle4
1260.29422863406,380.5480947161671,-274.0,Elobstacle4
1260.29422863406,380.5480947161671,-236.0,Elobstacle4
1354.2724133595216,371.3230854637602,-130.0,Elobstacle4
1278.5166604983954,378.11027254265815,-130.0,Elobstacle4
1297.2390923627308,376.5384757729337,-130.0,Elobstacle4
1315.9615242270663,374.96667900320915,-130.0,Elobstacle4
1334.6839560914018,373.3948822334847,-130.0,Elobstacle4
1260.29422863406,380.5480947161671,-130.0,Elobstacle4
1260.29422863406,380.5480947161671,-207.0,Elobstacle4
1261.1602540378444,380.0480947161671,-167.0,Elobstacle4
1260.29422863406,380.5480947161671,-132.0,Elobstacle4
1401.1121593216774,472.4519052838329,-130.0,Elobstacle4
1321.124355652982,475.9089653438087,-130.0,Elobstacle4
1339.9807621135333,476.56921938165306,-130.0,Elobstacle4
1360.069219381653,475.363448015713,-130.0,Elobstacle4
1379.7916512459885,475.5237020535574,-130.0,Elobstacle4
1244.6006535994247,477.3660254037844,-130.0,Elobstacle4
1263.8230854637602,476.66025403784437,-130.0,Elobstacle4
1282.6794919243112,477.3205080756888,-130.0,Elobstacle4
1301.9019237886466,476.61473670974874,-130.0,Elobstacle4
1179.8974596215562,459.29680602213136,-130.0,Elobstacle4
1189.8974596215562,476.61731409782016,-130.0,Elobstacle4
1207.0218152745383,478.2775681356645,-130.0,Elobstacle4
1226.2442471388738,477.5717967697245,-130.0,Elobstacle4
1179.8974596215562,459.29680602213136,-246.0,Elobstacle4
1180.8974596215562,461.02885682970026,-210.0,Elobstacle4
1179.8974596215562,459.29680602213136,-173.0,Elobstacle4
1179.8974596215562,459.29680602213136,-139.0,Elobstacle4
1215.8974596215562,521.650635094611,-250.0,Elobstacle4
1299.787187078898,530.951905283833,-130.0,Elobstacle4
1222.3974596215562,532.9089653438086,-130.0,Elobstacle4
1236.4596374480473,543.2653718043597,-130.0,Elobstacle4
1255.3160439085982,543.9256258422041,-130.0,Elobstacle4
1275.0384757729337,544.0858798800484,-130.0,Elobstacle4
1215.8974596215562,521.650635094611,-130.0,Elobstacle4
1215.8974596215562,521.650635094611,-217.0,Elobstacle4
1215.8974596215562,521.650635094611,-180.0,Elobstacle4
1215.8974596215562,521.650635094611,-150.0,Elobstacle4
1330.4422863405994,340.0480947161671,-130.0,Elobstacle4
1330.4422863405994,340.0480947161671,-176.0,Elobstacle4
1330.4422863405994,340.0480947161671,-142.0,Elobstacle4
1330.4422863405994,340.0480947161671,-278.0,Elobstacle4
1330.4422863405994,340.0480947161671,-243.0,Elobstacle4
1330.4422863405994,340.0480947161671,-206.0,Elobstacle4
1354.2724133595216,371.3230854637602,-130.0,Elobstacle4
1368.370489570875,389.74166975080226,-130.0,Elobstacle4
1313.987803668695,349.5480947161671,-130.0,Elobstacle4
1323.2820323027552,347.6461709275204,-130.0,Elobstacle4
1342.0044641670906,346.0743741577959,-130.0,Elobstacle4
1313.987803668695,349.5480947161671,-151.0,Elobstacle4
1313.987803668695,349.5480947161671,-256.0,Elobstacle4
1313.987803668695,349.5480947161671,-221.0,Elobstacle4
1313.987803668695,349.5480947161671,-181.0,Elobstacle4
1406.0044641670906,456.92562584220406,-130.0,Elobstacle4
1346.451905283833,397.7775681356645,-130.0,Elobstacle4
1363.1121593216774,406.6339745962156,-130.0,Elobstacle4
1379.7724133595216,415.4903810567666,-130.0,Elobstacle4
1394.6025403784438,431.1769145362398,-130.0,Elobstacle4
1282.8108891324553,367.5480947161671,-130.0,Elobstacle4
1302.7294734194975,356.0480947161671,-130.0,Elobstacle4
1316.3275496308509,373.60065359942473,-130.0,Elobstacle4
1333.2198544762641,378.8589838486224,-130.0,Elobstacle4
1282.8108891324553,367.5480947161671,-237.0,Elobstacle4
1283.6769145362398,367.0480947161671,-204.0,Elobstacle4
1282.8108891324553,367.5480947161671,-167.0,Elobstacle4
1282.8108891324553,367.5480947161671,-137.0,Elobstacle4
1282.8108891324553,367.5480947161671,-275.0,Elobstacle4
1337.8993464005753,426.96410161513774,-130.0,Elobstacle4
1351.863448015713,443.15063509461095,-130.0,Elobstacle4
1366.1935750346352,457.97114317029974,-130.0,Elobstacle4
1382.487803668695,468.1935750346352,-130.0,Elobstacle4
1277.7846096908265,380.84232335022705,-130.0,Elobstacle4
1291.980762113533,393.43078061834694,-130.0,Elobstacle4
1307.0429399400243,405.51923788646684,-130.0,Elobstacle4
1320.507041555162,420.83974596215563,-130.0,Elobstacle4
1253.3660254037845,384.5480947161671,-130.0,Elobstacle4
1259.062177826491,382.4141201199515,-130.0,Elobstacle4
1253.3660254037845,384.5480947161671,-194.0,Elobstacle4
1253.3660254037845,384.5480947161671,-156.0,Elobstacle4
1254.2320508075688,384.0480947161671,-263.0,Elobstacle4
1254.2320508075688,384.0480947161671,-226.0,Elobstacle4
1324.1865334794732,467.21281292110206,-130.0,Elobstacle4
1339.2487113059642,479.30127018922195,-130.0,Elobstacle4
1353.944863728671,492.75575286112627,-130.0,Elobstacle4
1265.6698729810778,417.8589838486225,-130.0,Elobstacle4
1283.062177826491,423.9833395016046,-130.0,Elobstacle4
1295.29422863406,441.1698729810778,-130.0,Elobstacle4
1311.4544826719043,449.16025403784437,-130.0,Elobstacle4
1224.787187078898,401.0480947161671,-130.0,Elobstacle4
1235.8134665205268,398.1461709275204,-130.0,Elobstacle4
1250.375644347018,409.3686027918559,-130.0,Elobstacle4
1225.6532124826824,400.5480947161671,-147.0,Elobstacle4
1224.787187078898,401.0480947161671,-257.0,Elobstacle4
1226.5192378864667,400.0480947161671,-219.0,Elobstacle4
1224.787187078898,401.0480947161671,-186.0,Elobstacle4
1313.4019237886466,496.5333209967908,-130.0,Elobstacle4
1326.8660254037845,511.8538290724796,-130.0,Elobstacle4
1255.3852632902513,448.0455173280957,-130.0,Elobstacle4
1269.581415712958,460.6339745962156,-130.0,Elobstacle4
1283.7775681356645,473.2224318643355,-130.0,Elobstacle4
1297.6076951545867,487.1769145362398,-130.0,Elobstacle4
1196.2083487540115,417.5480947161671,-130.0,Elobstacle4
1214.8948822334846,407.9141201199515,-130.0,Elobstacle4
1227.492958444838,423.7346281956403,-130.0,Elobstacle4
1240.4570600599757,438.1891108675446,-130.0,Elobstacle4
1196.2083487540115,417.5480947161671,-250.0,Elobstacle4
1196.2083487540115,417.5480947161671,-210.0,Elobstacle4
1196.2083487540115,417.5480947161671,-176.0,Elobstacle4
1196.2083487540115,417.5480947161671,-139.0,Elobstacle4
1299.787187078898,530.951905283833,-130.0,Elobstacle4
1244.6006535994247,477.3660254037844,-130.0,Elobstacle4
1256.8327044069936,494.5525588832577,-130.0,Elobstacle4
1271.7609076372692,504.4089653438087,-130.0,Elobstacle4
1285.5910346561914,518.363448015713,-130.0,Elobstacle4
1189.6820693123827,428.24424713887373,-130.0,Elobstacle4
1203.012196331305,441.3327044069936,-130.0,Elobstacle4
1216.3423233502272,454.4211616751135,-130.0,Elobstacle4
1229.6724503691491,467.5096189432334,-130.0,Elobstacle4
1169.361561236694,433.0480947161671,-130.0,Elobstacle4
1169.361561236694,433.0480947161671,-278.0,Elobstacle4
1169.861561236694,433.9141201199516,-130.0,Elobstacle4
1169.361561236694,433.0480947161671,-242.0,Elobstacle4
1169.361561236694,433.0480947161671,-205.0,Elobstacle4
1169.361561236694,433.0480947161671,-169.0,Elobstacle4
1178.8974596215562,457.5647552145625,-280.0,Elobstacle4
1178.8974596215562,457.5647552145625,-240.0,Elobstacle4
1178.8974596215562,457.5647552145625,-206.0,Elobstacle4
1179.3974596215562,458.43078061834694,-168.0,Elobstacle4
1178.8974596215562,457.5647552145625,-133.0,Elobstacle4
1230.985916889676,511.7846096908265,-130.0,Elobstacle4
1243.5839931010294,527.6051177665154,-130.0,Elobstacle4
1256.548094716167,542.0596004384197,-130.0,Elobstacle4
1178.8974596215562,457.5647552145625,-130.0,Elobstacle4
1192.2275866404784,470.6532124826824,-130.0,Elobstacle4
1204.3256628518316,485.60769515458674,-130.0,Elobstacle4
1216.0577136594006,501.9282032302755,-130.0,Elobstacle4
