1371.8859985373686,458.04625133569493,-73.69090105181428,Elobstacle4
1295.1462309309525,458.73614573705396,-75.00861111410845,Elobstacle4
1313.9919497155738,459.6966714083419,-73.45901487461737,Elobstacle4
1332.6000841099792,455.2359728300635,-76.53243138450449,Elobstacle4
1351.3954265299506,449.7992263773474,-73.06066955866942,Elobstacle4
1225.4666560521578,461.63361897830083,-76.49424032711752,Elobstacle4
1241.291905832572,456.4749149140176,-78.1530656410267,Elobstacle4
1259.626674202062,456.289131298485,-76.31774100375821,Elobstacle4
1281.2171026517244,458.2334633544456,-75.1673985846071,Elobstacle4
1208.6375800133558,460.0910599368229,-78.634136564616,Elobstacle4
1152.4571119844761,460.389511893512,-81.79136775013373,Elobstacle4
1188.5524051386355,454.69001996961873,-79.41409791082341,Elobstacle4
1169.4297660143122,460.1872786843214,-79.1231927846768,Elobstacle4
1140.3855683643774,464.90124120633317,-80.08651679395258,Elobstacle4
1121.9357103751468,456.8969360716145,-162.68467335534427,Elobstacle4
1130.0790069908173,458.5472016913559,-88.76534691139672,Elobstacle4
1120.2164123721088,464.2013988014885,-129.3246874564438,Elobstacle4
1120.7676304938416,463.7993309257298,-95.08770477066035,Elobstacle4
1123.3635487160432,456.461806100589,-282.42927895253314,Elobstacle4
1116.0081521561046,458.0731795604338,-249.1548889781435,Elobstacle4
1116.0412632489422,457.9102482149357,-191.58951371099238,Elobstacle4
1350.0508425463813,505.2297460247427,-68.26052341852687,Elobstacle4
1372.5080290429785,495.2317085291311,-68.02221163690226,Elobstacle4
1279.46648735478,494.88605320970345,-71.68000438115268,Elobstacle4
1295.60693214482,498.7198753515662,-72.2991551877582,Elobstacle4
1315.038049644875,504.9517740059845,-70.99448683742537,Elobstacle4
1329.1012777918443,505.1214931576982,-69.01892580294992,Elobstacle4
1245.6117967553023,494.91023214698646,-75.23485870771597,Elobstacle4
1223.6493612030495,504.17020815392624,-76.73830826105757,Elobstacle4
1209.125992555513,499.01829276093974,-76.20187254858658,Elobstacle4
1256.0346686410878,504.43713009959527,-72.34679524337486,Elobstacle4
1158.5383266236797,499.8178491042044,-84.95738540899315,Elobstacle4
1190.1921475645215,502.2432138273406,-79.52845254534212,Elobstacle4
1144.4141050807734,499.56812320289043,-78.90488638896343,Elobstacle4
1173.64637330604,501.0359860408284,-75.88647650247904,Elobstacle4
1140.4405213213072,496.50954276336853,-199.4692283840086,Elobstacle4
1137.4846495546542,495.4188577553809,-131.15497827926134,Elobstacle4
1142.5764028634833,496.74679856462274,-96.8712309673151,Elobstacle4
1137.2398473884605,495.25906881559087,-236.32824846394223,Elobstacle4
1138.470216917502,496.4858341770825,-155.03752946036178,Elobstacle4
1142.9187511206678,500.2178407736591,-283.24499041094475,Elobstacle4
1139.788845810784,496.23055699013446,-309.87484177285376,Elobstacle4
1336.3727999111425,552.4284421468196,-65.56118312158165,Elobstacle4
1361.9766661622946,542.9201388321699,-76.86433969192001,Elobstacle4
1295.6763030576121,550.0252287293313,-71.22240020002954,Elobstacle4
1277.0727572003143,540.2529161203373,-69.76764785054127,Elobstacle4
1264.3956305851948,540.9931786550248,-68.74387195262273,Elobstacle4
1314.761926472183,545.2301948505722,-67.38903184695178,Elobstacle4
1201.9077356077094,543.2060915471081,-71.52312035327432,Elobstacle4
1226.9224408070875,542.6215527164031,-70.32370317833426,Elobstacle4
1242.5105442625745,539.0086361386104,-70.50175798031214,Elobstacle4
1189.691500305667,543.7992091991096,-77.47055121784857,Elobstacle4
1167.3745095404568,536.3858394973327,-106.09375770754082,Elobstacle4
1168.5152949173157,541.7248549721301,-81.66409666223153,Elobstacle4
1163.927432856001,537.0392203291591,-132.78022999097766,Elobstacle4
1174.4959502504487,539.5247134490342,-73.05240769059142,Elobstacle4
1163.0335281397986,536.3488903074197,-278.70806719152785,Elobstacle4
1161.8847151455113,536.4502329930916,-168.02930839090467,Elobstacle4
1166.5645445212667,539.8926207429278,-249.8508953669691,Elobstacle4
1162.6373759427056,537.693636280887,-317.9090920091701,Elobstacle4
1163.1405404764068,536.6631236634614,-200.18194943226686,Elobstacle4
1359.3097532422973,429.5966969213892,-73.8831890836025,Elobstacle4
1308.086257734137,427.8131137284817,-75.78766757185264,Elobstacle4
1319.044799921783,435.78047551293145,-74.41094522441529,Elobstacle4
1337.6050463991944,435.69857319500153,-73.77279608787376,Elobstacle4
1270.3626442710136,436.7805740228313,-77.62015220030817,Elobstacle4
1232.6833433040747,436.30955364548663,-78.39155294760997,Elobstacle4
1250.9115779128913,436.78333593095965,-79.39253392763979,Elobstacle4
1289.4966653492895,436.0776419783946,-76.35082075575912,Elobstacle4
1202.241762934231,436.58018298689274,-82.3968999913119,Elobstacle4
1180.6032856472875,438.7697197130777,-83.78366945844661,Elobstacle4
1217.3873070119423,438.4402181818091,-80.02451773299207,Elobstacle4
1170.999602334084,434.37296316665066,-81.47631322772415,Elobstacle4
1105.329017473735,438.5547828847971,-184.37837806004663,Elobstacle4
1108.0739416148228,437.9771229495619,-161.1336938635659,Elobstacle4
1108.6402243348489,440.10418419465,-90.39968210865952,Elobstacle4
1145.283257396571,442.42252105734826,-81.55562177445184,Elobstacle4
1106.1604991975676,440.99205803308405,-115.88860891035151,Elobstacle4
1128.2192541429622,442.8933950838349,-84.78887890920574,Elobstacle4
1117.5888517230808,441.68491822932214,-85.65006436515142,Elobstacle4
1108.41109460764,442.7602886911871,-234.05835970789312,Elobstacle4
1110.823545031552,439.75590859789827,-289.428444906398,Elobstacle4
1249.400647337983,570.9195563165742,-70.60553899124642,Elobstacle4
1265.6188392960453,572.5677879779416,-67.38593992422486,Elobstacle4
1283.5894746508718,572.3726619956285,-66.62464048931952,Elobstacle4
1303.920816649598,567.1750051318053,-66.38256690708468,Elobstacle4
1182.0723285357187,559.4336474001984,-78.77019582051568,Elobstacle4
1228.1000630962687,566.6707539398369,-71.27157832221837,Elobstacle4
1198.3625594971916,558.1731555541879,-71.09134981045167,Elobstacle4
1212.8325938686462,565.7730549686132,-70.03709733332289,Elobstacle4
1177.1104867122363,557.6772570698895,-175.28011148811842,Elobstacle4
1176.270267848677,557.1731156416843,-113.00483085634926,Elobstacle4
1179.5014846354861,557.8306736566016,-82.46999545396856,Elobstacle4
1177.3688821347703,559.1895784367463,-148.1665990422159,Elobstacle4
1175.6688469850644,560.13954498495,-210.52884575567094,Elobstacle4
1176.174693695691,557.9372794947449,-282.76198803072805,Elobstacle4
1176.7288626203058,559.3704077112653,-248.81119759355698,Elobstacle4
1174.4595944523955,559.3960704592736,-319.63025452960125,Elobstacle4
1370.1179916456338,400.6645179725217,-75.89602940570148,Elobstacle4
1314.7104859968435,408.96154054222575,-78.62008300773716,Elobstacle4
1332.7459850933208,411.65532732204247,-77.1141094897186,Elobstacle4
1349.6038582362178,412.2380367705597,-75.78759569673804,Elobstacle4
1263.8378028796533,417.4354614373286,-79.94762650790265,Elobstacle4
1239.2424527392632,414.6961744171646,-80.73255053968914,Elobstacle4
1277.3452247393127,412.9589507680512,-78.17344323593348,Elobstacle4
1293.6164492188639,408.0183299730767,-77.54376451966795,Elobstacle4
1187.2252668662338,418.09387205909627,-83.64566106650484,Elobstacle4
1209.1132911635564,416.85738265171335,-80.71495920791898,Elobstacle4
1177.139116046085,419.8819077791724,-83.27069486109396,Elobstacle4
1223.2271568819583,416.5181182943026,-79.96335494278419,Elobstacle4
1160.159007619003,418.6482924355628,-85.35988004190902,Elobstacle4
1095.6322006733226,422.40156275106375,-99.4437064656423,Elobstacle4
1093.9510332981176,420.102808873244,-107.06312957336587,Elobstacle4
1099.4435886573665,426.5138188987182,-200.5213775713665,Elobstacle4
1122.983022709359,419.6806092406401,-86.63002001656415,Elobstacle4
1117.444334058867,421.48608375351336,-87.95536459840083,Elobstacle4
1141.6784940905131,418.6507946541443,-85.47337626267714,Elobstacle4
1097.1033842711947,423.3841478795884,-161.5128254900713,Elobstacle4
1097.2542281955164,423.5675450471294,-247.63670810370945,Elobstacle4
1096.6746878984804,424.86410092752914,-276.85177211162465,Elobstacle4
1258.2283189954999,589.4750792516058,-68.965658360719,Elobstacle4
1242.0095840474712,589.8556668439287,-76.78026134983048,Elobstacle4
1281.2881412600884,589.8228771695857,-77.44562607092291,Elobstacle4
1192.123330419847,587.0276355155623,-101.08933962993032,Elobstacle4
1203.561200445607,586.1749940427098,-70.20298961695727,Elobstacle4
1220.7141659821323,586.2477857358444,-67.35274982310506,Elobstacle4
1192.127686815464,581.7104616495672,-75.21589074229095,Elobstacle4
1188.5046109406262,584.0903883116155,-184.22585975399494,Elobstacle4
1189.119232707369,584.0036246598588,-217.1134211414752,Elobstacle4
1188.615034769511,581.6872902402317,-113.74458336543248,Elobstacle4
1189.9440461408572,582.1540231516066,-149.48443873547495,Elobstacle4
1190.2095204102427,581.4785434377286,-258.6412393104493,Elobstacle4
1192.189086071712,581.033981771319,-293.9609752886639,Elobstacle4
1356.3779086162508,384.573211960141,-78.03705345647133,Elobstacle4
1320.1823106094623,391.10143569708,-78.01688156645976,Elobstacle4
1338.6120090541879,384.3993970692823,-80.30953776528287,Elobstacle4
1246.9140902461033,392.8882580273513,-82.15447473745373,Elobstacle4
1271.250348685166,386.94475150838633,-80.7826109873403,Elobstacle4
1286.2680908854195,384.58215418496576,-80.91429493420425,Elobstacle4
1301.9251539079294,390.01059848872313,-80.86877541767049,Elobstacle4
1182.1519727427492,402.0686434505203,-83.17383331624362,Elobstacle4
1198.1528858533543,398.3535062616967,-84.84608307364395,Elobstacle4
1218.2855071488075,395.5829813238237,-85.68849854435666,Elobstacle4
1230.1815343557907,390.05309882686504,-82.27243264856679,Elobstacle4
1144.7786363023242,406.05947769298035,-86.90948749421685,Elobstacle4
1170.4169272851325,401.1085076650391,-83.9621714527067,Elobstacle4
1091.8667190374076,407.65936711888514,-126.50742015991611,Elobstacle4
1101.0564166476142,409.0621577673633,-152.89957580824444,Elobstacle4
1104.0908073426285,408.011236607838,-98.79452542166699,Elobstacle4
1127.226577628168,401.6533023546588,-86.58233980539475,Elobstacle4
1113.533162879849,404.1200643833184,-85.90807988829393,Elobstacle4
1105.3152622919808,406.2854198380809,-203.902014217918,Elobstacle4
1105.8079980560701,409.5071787447927,-242.11437866701397,Elobstacle4
1230.8955361218007,604.4452321065244,-70.19157438164038,Elobstacle4
1218.3485066710252,605.2053328391587,-70.12918453316226,Elobstacle4
1200.591463217668,605.1391182278521,-135.35289284123192,Elobstacle4
1202.0800075149,603.0709391886742,-97.95293574676103,Elobstacle4
1207.9176832893143,605.8602499692324,-75.11102523614994,Elobstacle4
1204.209153878213,604.1487184076434,-225.79061444621786,Elobstacle4
1205.7486565309737,607.3470265511295,-198.42548914546487,Elobstacle4
1200.8293598504383,603.6706325217926,-161.65780675017638,Elobstacle4
1204.0328399795346,602.1541036421562,-269.23642579323416,Elobstacle4
1200.7808465133885,604.4498094134483,-299.3092492545995,Elobstacle4
1329.150199537395,358.8700115903437,-80.35131159203944,Elobstacle4
1364.93491053054,360.20262268919146,-79.07078852468524,Elobstacle4
1343.8035377867427,367.1514295659727,-79.37341094946363,Elobstacle4
1273.5504202754312,373.40419278566077,-82.72286003097639,Elobstacle4
1256.2289156644342,372.64535060337084,-82.58050075061921,Elobstacle4
1290.0597549808274,368.82647872608385,-81.33893590161321,Elobstacle4
1307.918916365267,369.4951340093308,-81.06037793935285,Elobstacle4
1201.3147242637642,379.7091943823887,-86.72044026948097,Elobstacle4
1185.075731816587,379.9794170619638,-87.11679872824222,Elobstacle4
1219.6859852436426,375.4870198552348,-84.98134595411163,Elobstacle4
1238.3675810008403,374.41033961724366,-87.09588647227679,Elobstacle4
1149.7356107090516,379.9070689467843,-97.55127328174214,Elobstacle4
1157.8807692416585,384.3064057345862,-89.46236090024989,Elobstacle4
1168.1587727093784,382.93371667333395,-321.5420245073699,Elobstacle4
1175.0175700435652,376.80308500358984,-88.45854881653476,Elobstacle4
1133.8769504108823,384.8887133128959,-102.95093219866597,Elobstacle4
1138.5464161646225,385.71131524894935,-176.90198717526894,Elobstacle4
1142.1752286593355,387.1418574152452,-223.5028816689609,Elobstacle4
1123.666691144806,387.5819056527796,-118.7912326744601,Elobstacle4
1217.5789851524137,627.996692184707,-92.75344566116534,Elobstacle4
1215.4890504729788,628.2282712668263,-174.04865958020702,Elobstacle4
1217.8079972244818,625.3392589009032,-147.30735500810343,Elobstacle4
1223.5640454038903,627.3225219655949,-134.7782983918659,Elobstacle4
1215.8451224539172,624.9946193997426,-300.51090927151745,Elobstacle4
1217.7961332725497,626.1502612526156,-283.79228193883284,Elobstacle4
1220.5987526453835,633.5205986951505,-248.63053902171134,Elobstacle4
1212.929851443161,624.6597465087211,-210.61565479390924,Elobstacle4
1338.000352611479,343.0731430197727,-83.68610596706154,Elobstacle4
1355.4730746973369,339.30290887314527,-86.29724557609832,Elobstacle4
1375.866405757542,339.8820624610587,-82.51257447968158,Elobstacle4
1299.268524287619,344.9714731183143,-84.08199635036492,Elobstacle4
1269.136559116233,350.439775700117,-84.96942721675697,Elobstacle4
1281.10351980755,343.90723563997403,-84.24875668512136,Elobstacle4
1320.6018873638343,342.76474531357616,-89.559180164517,Elobstacle4
1196.7369460060813,361.12552620781634,-87.38845851470269,Elobstacle4
1211.4140333240566,352.3004727462223,-86.80444845651101,Elobstacle4
1230.1341265025574,352.7766202199863,-89.09432046618056,Elobstacle4
1255.1987339670432,346.34431747332144,-85.65506035596734,Elobstacle4
1175.9567907982732,363.84548875168935,-170.55373024875962,Elobstacle4
1190.7194697523857,360.142928136912,-90.3326381223404,Elobstacle4
1160.948059271716,364.47238019606743,-109.70556471874039,Elobstacle4
1163.3624050306437,360.69565587381754,-88.69581014476698,Elobstacle4
1182.3085775927893,363.48253883051825,-221.2469670204499,Elobstacle4
1199.9638924978428,360.22707904058177,-292.6054578893518,Elobstacle4
1363.7674879636559,318.8833645899599,-81.5283233316813,Elobstacle4
1379.6309081026675,311.40374089193017,-81.43092666388686,Elobstacle4
1345.2285708493137,315.89315341892177,-83.3912826028756,Elobstacle4
1271.0960512067343,327.58682705101535,-86.96249594450697,Elobstacle4
1289.425740075923,325.64923740780887,-85.5426658781184,Elobstacle4
1304.514591768365,324.05240789495684,-85.13235758454212,Elobstacle4
1323.2264152572327,318.0714818978319,-86.10953419917523,Elobstacle4
1219.9017028947105,330.45233208499394,-92.03247434043833,Elobstacle4
1201.9270776842666,340.71735800290566,-93.76374237728854,Elobstacle4
1242.4382943926905,334.2496208973472,-90.42025054767304,Elobstacle4
1258.4061741072146,333.23685844039426,-88.90130055598756,Elobstacle4
1207.3199149537074,338.69436033245825,-119.83236653474411,Elobstacle4
1222.3292794453012,336.91365173085467,-188.79830775160644,Elobstacle4
1238.2136184330589,334.5386733317282,-241.34520770045773,Elobstacle4
1267.0180288619065,330.8837114228279,-336.52817723888836,Elobstacle4
1348.08501699911,297.838691691064,-84.58497493735238,Elobstacle4
1332.4995560411028,293.1994104571988,-89.28784837305338,Elobstacle4
1281.1061394431808,303.5666133583748,-89.01977886700209,Elobstacle4
1299.3265556907852,304.92250812651423,-89.4780093599286,Elobstacle4
1317.9976906872487,301.29039212191987,-92.77105555178288,Elobstacle4
1267.5106834903233,307.82506516860934,-144.7985717919465,Elobstacle4
1247.1221096763556,313.9080309840981,-100.37949739789991,Elobstacle4
1263.3298989634711,311.2289510997072,-88.92003499317111,Elobstacle4
1269.0302658045143,309.411609332262,-184.04522825899423,Elobstacle4
1287.8382649513405,305.78041772354686,-250.40461352515342,Elobstacle4
1352.8589776981594,274.5027920921724,-88.94995776614543,Elobstacle4
1327.166164401784,276.72038050069295,-87.27540320175456,Elobstacle4
1313.8462536628938,280.8588800705428,-107.45043266041121,Elobstacle4
1345.7617442854216,270.69334004353516,-88.96315182815316,Elobstacle4
1304.1009308991638,282.5378808150632,-113.00256615458274,Elobstacle4
1333.1007997242693,277.6618484330685,-229.19434489860612,Elobstacle4
1321.1684598112163,277.6578842498524,-168.63038040083296,Elobstacle4
1350.8334247939024,260.1553665871311,-132.14485758858723,Elobstacle4
1359.0522877154328,262.6834019459318,-197.3705008092347,Elobstacle4
1351.472759422796,258.6562283421953,-151.89131358723105,Elobstacle4
1349.7163462589792,258.32121351483846,-93.48485726548378,Elobstacle4
1332.7719735157389,271.35128195421805,-151.13432457837257,Elobstacle4
1330.7765540338062,268.4585320508709,-98.47205581383452,Elobstacle4
1339.3610057272026,278.38310928866645,-87.96046270102735,Elobstacle4
1327.2941153059398,270.845794590185,-122.181172141471,Elobstacle4
1345.0332981500962,276.57315459821115,-243.3835185565284,Elobstacle4
1346.9827636633158,279.23311109799704,-323.6197647366617,Elobstacle4
1344.6991533926844,280.501316489566,-293.12431310340907,Elobstacle4
1333.5202015863206,276.15909551659274,-200.87048842155855,Elobstacle4
1367.2047011459065,481.2920619197062,-69.35790059363757,Elobstacle4
1385.3863564497215,474.52820686681906,-68.81907325273244,Elobstacle4
1289.5385675336179,477.33362658998016,-75.19149495001759,Elobstacle4
1303.785377746409,481.3937559613733,-71.73288172304015,Elobstacle4
1330.3733982683893,478.6866008678258,-75.40366322943396,Elobstacle4
1343.8711899140203,478.01983783452596,-75.3343096344754,Elobstacle4
1215.8710331843097,474.79866553005684,-76.17828730443827,Elobstacle4
1232.7216581589191,482.1471061233784,-74.92085886557018,Elobstacle4
1251.3030221088861,483.0652635926951,-73.93616209302738,Elobstacle4
1271.4655029100984,482.72258352577154,-74.23439826931198,Elobstacle4
1166.7047919377515,484.3814255257503,-77.56869430432754,Elobstacle4
1149.3485931625337,484.9572095820629,-78.52019085375746,Elobstacle4
1179.7289718494626,478.8901257797095,-78.09001562807087,Elobstacle4
1195.2922522126673,482.968489330746,-76.43804509364082,Elobstacle4
1130.501212923702,480.02778980936256,-170.94840656507117,Elobstacle4
1129.1154538640924,481.1582548270448,-94.51586144423509,Elobstacle4
1137.2844230257904,477.85232210984987,-79.99035915360045,Elobstacle4
1128.4061208248886,479.43631625501854,-234.52475556238807,Elobstacle4
1130.3673814961223,478.7320069342217,-128.17323413931717,Elobstacle4
1127.0087468106622,475.835001562597,-270.85028597605174,Elobstacle4
1315.4754681836375,289.94148357316544,-92.06215931960509,Elobstacle4
1128.595714547838,478.3187020942702,-194.21162679295782,Elobstacle4
1332.4995560411028,293.1994104571988,-89.28784837305338,Elobstacle4
1314.7862431133476,289.40324813487325,-96.3656851994543,Elobstacle4
1304.1009308991638,282.5378808150632,-113.00256615458274,Elobstacle4
1317.9632817376032,291.8167668360819,-273.5196809792115,Elobstacle4
1312.9566364733805,288.5801080282089,-228.96614695102767,Elobstacle4
1314.2024489790745,288.939564725006,-195.71406719974505,Elobstacle4
1307.9467063244347,282.75128935395566,-143.28416593793102,Elobstacle4
1330.2132913126497,298.93917790283723,-342.1640855597831,Elobstacle4
1344.5448489551961,528.6234496298509,-66.37172430539104,Elobstacle4
1359.8687612310296,527.8628827447966,-67.54022690415579,Elobstacle4
1384.0276733859143,525.4891663485919,-65.6919889877561,Elobstacle4
1304.6006695342714,526.5454651870741,-70.2310992139081,Elobstacle4
1266.3041000059306,525.5751557755591,-71.20776532615372,Elobstacle4
1284.3091022830502,525.5578484881121,-70.31888611315037,Elobstacle4
1323.2198733415253,528.6745460696233,-72.70948332467924,Elobstacle4
1203.451433615076,519.3183094968557,-73.58978812004332,Elobstacle4
1288.7333749556155,298.4923725375817,-91.32782309426926,Elobstacle4
1234.1789716447136,526.1752521721087,-77.48688394397432,Elobstacle4
1323.2264152572327,318.0714818978319,-86.10953419917523,Elobstacle4
1211.491410441874,526.3165170896947,-74.32078109286235,Elobstacle4
1299.3265556907852,304.92250812651423,-89.4780093599286,Elobstacle4
1252.902712246832,524.1167779733097,-71.93111743712228,Elobstacle4
1315.6468319133148,314.02540156312796,-84.21046957869719,Elobstacle4
1180.3256112892052,521.9238374879563,-77.61325755257192,Elobstacle4
1287.880429292876,292.82508245574866,-112.83966538845571,Elobstacle4
1153.074179574687,517.2399427182966,-106.92752939179127,Elobstacle4
1287.3637801641164,296.89633790837235,-161.57663607429092,Elobstacle4
1167.5209171601202,519.3741766013447,-75.13646751155565,Elobstacle4
1290.8580213863963,296.98570676656595,-183.51027028278716,Elobstacle4
1154.4577022430221,517.2164142703456,-77.8541654697949,Elobstacle4
1296.797991880856,300.18372730558804,-229.04690537158646,Elobstacle4
1149.3532805256,515.4342560355402,-133.15012760797802,Elobstacle4
1150.1349660701605,515.563136697833,-241.64927413966137,Elobstacle4
1152.8556933286395,517.0028409635833,-205.17882789785742,Elobstacle4
1151.319733597537,515.8496589907052,-164.7718910668835,Elobstacle4
1153.2380502476453,517.2793761704564,-275.9648538661843,Elobstacle4
1302.5585606756786,305.8053877348804,-321.72122568529994,Elobstacle4
1296.7069632393207,303.2199748592143,-266.5597811814515,Elobstacle4
1332.9203155221212,355.62352003869785,-84.37853807519686,Elobstacle4
1286.009007617143,315.1221344980386,-85.40341963253543,Elobstacle4
1287.949388425697,315.0257350986584,-84.84197711355945,Elobstacle4
1304.514591768365,324.05240789495684,-85.13235758454212,Elobstacle4
1319.6485804255283,335.1338898765515,-86.95774530167148,Elobstacle4
1264.7833731813125,303.9194263224099,-98.28386307938995,Elobstacle4
1269.0302658045143,309.411609332262,-184.04522825899423,Elobstacle4
1267.5106834903233,307.82506516860934,-144.7985717919465,Elobstacle4
1266.0143258844828,303.69086113246857,-104.52624379350375,Elobstacle4
1277.5628410175966,312.21373256292566,-237.9342173984562,Elobstacle4
1325.908786374744,372.46599282669047,-80.71030785206486,Elobstacle4
1281.10351980755,343.90723563997403,-84.24875668512136,Elobstacle4
1299.365325186788,359.7411822141471,-81.29996111821363,Elobstacle4
1317.1660813450753,367.1775091598022,-80.51903802441178,Elobstacle4
1271.0960512067343,327.58682705101535,-86.96249594450697,Elobstacle4
1246.099843106439,318.93774419125447,-143.4227699130804,Elobstacle4
1246.018831722317,319.31520253464055,-111.9817344522128,Elobstacle4
1246.339168005343,314.67246877785726,-97.30690103077086,Elobstacle4
1255.3905938040718,313.82603171737014,-87.40537615580861,Elobstacle4
1249.853138684634,322.2361258364385,-192.08422703920795,Elobstacle4
1267.0180288619065,330.8837114228279,-336.52817723888836,Elobstacle4
1254.332143284984,323.2901886858326,-237.0898448767142,Elobstacle4
1260.3651381893408,326.0852853117559,-280.7956993099739,Elobstacle4
1320.1823106094623,391.10143569708,-78.01688156645976,Elobstacle4
1332.7459850933208,411.65532732204247,-77.1141094897186,Elobstacle4
1290.0597549808274,368.82647872608385,-81.33893590161321,Elobstacle4
1269.136559116233,350.439775700117,-84.96942721675697,Elobstacle4
1277.0957584205014,360.0227665390288,-82.93549681559442,Elobstacle4
1306.2915275523485,386.11232058627775,-81.51365736383569,Elobstacle4
1239.2022106133745,329.34055631814726,-91.93156620963613,Elobstacle4
1251.568415161891,339.1324036580141,-86.88981321649054,Elobstacle4
1229.8961625203856,325.6162129936297,-90.8436821046164,Elobstacle4
1226.885151496642,326.47650193641385,-111.60659746741653,Elobstacle4
1231.6908417741442,333.90837604110396,-191.40527661153808,Elobstacle4
1238.2136184330589,334.5386733317282,-241.34520770045773,Elobstacle4
1231.5530927181553,333.89239779651234,-153.9425669374038,Elobstacle4
1239.4385299733642,338.168598922447,-285.8270841230677,Elobstacle4
1247.2985654081688,338.44221798649465,-342.53010311831815,Elobstacle4
1337.6050463991944,435.69857319500153,-73.77279608787376,Elobstacle4
1310.7720000096003,419.52003349268534,-77.26195223787177,Elobstacle4
1325.7178865507071,425.0147953039663,-75.68610938927472,Elobstacle4
1293.6164492188639,408.0183299730767,-77.54376451966795,Elobstacle4
1271.250348685166,386.94475150838633,-80.7826109873403,Elobstacle4
1256.2289156644342,372.64535060337084,-82.58050075061921,Elobstacle4
1284.8954291356667,399.4290824753723,-79.89935717423008,Elobstacle4
1244.8898563197247,360.12261839233395,-83.90570869464084,Elobstacle4
1230.1341265025574,352.7766202199863,-89.09432046618056,Elobstacle4
1219.6627976703262,339.799661051205,-86.32641538948688,Elobstacle4
1211.284495733709,336.4558956674977,-96.64749152890944,Elobstacle4
1219.662639646143,350.4404598543207,-288.6922928765886,Elobstacle4
1207.3199149537074,338.69436033245825,-119.83236653474411,Elobstacle4
1218.560765384767,342.04955819237165,-203.80476619483034,Elobstacle4
1212.8955499212752,341.51774783606834,-157.19262748879157,Elobstacle4
1214.1683923901796,346.32680304832775,-235.05257317449392,Elobstacle4
1332.2766768120266,461.2581100164173,-76.18736602348187,Elobstacle4
1299.0390387233235,443.78847007030487,-75.1282077008618,Elobstacle4
1315.2745510593218,453.13094166271037,-74.51367080389713,Elobstacle4
1246.9140902461033,392.8882580273513,-82.15447473745373,Elobstacle4
1291.254185367978,423.80527034363575,-77.3852595151263,Elobstacle4
1277.3452247393127,412.9589507680512,-78.17344323593348,Elobstacle4
1261.8193041052823,400.8035483551602,-81.51613370220429,Elobstacle4
1201.356634030119,353.75605811423566,-89.18571457517977,Elobstacle4
1205.7009439851608,362.4103266928829,-85.39748142802323,Elobstacle4
1219.6859852436426,375.4870198552348,-84.98134595411163,Elobstacle4
1235.0752135821936,389.10980765326303,-85.40646204881274,Elobstacle4
1195.194804297908,344.3398430719359,-89.87107034245926,Elobstacle4
1199.9638924978428,360.22707904058177,-292.6054578893518,Elobstacle4
1192.8255260570695,354.28598565787416,-161.66154071541166,Elobstacle4
1202.4465415526545,357.525139892287,-255.79703710802116,Elobstacle4
1196.0460471559184,356.00430168803285,-202.78212201435153,Elobstacle4
1189.078645970637,350.5626420250843,-120.41273093465024,Elobstacle4
1295.1462309309525,458.73614573705396,-75.00861111410845,Elobstacle4
1307.984439551826,475.438586067403,-74.49519482608528,Elobstacle4
1319.682971412619,488.2303455352044,-71.69984577520572,Elobstacle4
1281.9302989797723,449.1598699698667,-75.805764262389,Elobstacle4
1270.3626442710136,436.7805740228313,-77.62015220030817,Elobstacle4
1239.2424527392632,414.6961744171646,-80.73255053968914,Elobstacle4
1259.838999013803,428.2570258089014,-79.08902553070237,Elobstacle4
1215.011850289578,388.48705235220916,-83.63364360066355,Elobstacle4
1201.3147242637642,379.7091943823887,-86.72044026948097,Elobstacle4
1191.010343973518,369.82584907936734,-86.15348017449038,Elobstacle4
1226.3964383560458,405.08246469111657,-81.56187015758468,Elobstacle4
1185.72170170157,372.3161812808627,-309.8367504391939,Elobstacle4
1175.9567907982732,363.84548875168935,-170.55373024875962,Elobstacle4
1176.3793123039961,365.0868091642621,-205.93142863621293,Elobstacle4
1175.2314109461447,361.07292715986375,-127.79438186196566,Elobstacle4
1171.7001648834607,360.7012087117653,-104.44507005867396,Elobstacle4
1184.77628394917,363.84653372614633,-89.22509848527876,Elobstacle4
1181.2356489853184,368.7168603774041,-262.9108328830821,Elobstacle4
1295.60693214482,498.7198753515662,-72.2991551877582,Elobstacle4
1310.6271291504868,506.7982642381564,-69.55753414152733,Elobstacle4
1282.916153471935,486.04079892423664,-73.125405865436,Elobstacle4
1247.4456827131087,448.77090863336883,-80.249902049732,Elobstacle4
1259.626674202062,456.289131298485,-76.31774100375821,Elobstacle4
1232.6833433040747,436.30955364548663,-78.39155294760997,Elobstacle4
1270.1882744566192,471.6397212415943,-74.82350017888848,Elobstacle4
1209.1132911635564,416.85738265171335,-80.71495920791898,Elobstacle4
1182.1228370823885,389.0652482903347,-84.68570896075607,Elobstacle4
1194.80516814935,406.7553082948661,-83.04880815267408,Elobstacle4
1217.746086019383,427.5370505388444,-82.12046108664138,Elobstacle4
1154.137203735054,368.5465438304913,-93.72737262428547,Elobstacle4
1166.5201362832238,382.146010425721,-287.49958052499727,Elobstacle4
1164.1014755126369,375.1961472000525,-227.98643416470807,Elobstacle4
1168.1587727093784,382.93371667333395,-321.5420245073699,Elobstacle4
1164.9400917908677,373.75750650431223,-186.01194544696418,Elobstacle4
1157.4465310606925,368.91806391563637,-134.15317830249361,Elobstacle4
1172.5062269157934,385.14276626542085,-87.1302849935181,Elobstacle4
1153.6736895091326,367.3522434234882,-86.96194722920796,Elobstacle4
1314.761926472183,545.2301948505722,-67.38903184695178,Elobstacle4
1304.6006695342714,526.5454651870741,-70.2310992139081,Elobstacle4
1273.4633360460978,508.6803420069008,-74.03156529831705,Elobstacle4
1295.5328167113335,517.1105655869303,-73.34633260208554,Elobstacle4
1225.4666560521578,461.63361897830083,-76.49424032711752,Elobstacle4
1251.3030221088861,483.0652635926951,-73.93616209302738,Elobstacle4
1239.183842639976,466.2395407566491,-75.95015431995418,Elobstacle4
1262.174082849406,492.00389028422643,-73.21049506005255,Elobstacle4
1202.241762934231,436.58018298689274,-82.3968999913119,Elobstacle4
1187.2252668662338,418.09387205909627,-83.64566106650484,Elobstacle4
1177.139116046085,419.8819077791724,-83.27069486109396,Elobstacle4
1212.0306923928883,443.93827692206395,-81.84332380577517,Elobstacle4
1147.7822534119996,391.6712279573549,-284.7192063702838,Elobstacle4
1170.4169272851325,401.1085076650391,-83.9621714527067,Elobstacle4
1142.1752286593355,387.1418574152452,-223.5028816689609,Elobstacle4
1153.682037733571,394.75850744547677,-85.0372470576081,Elobstacle4
1140.3179811960508,382.1963020710979,-143.55219060911335,Elobstacle4
1142.4322744848373,384.5312544961846,-188.76634340101774,Elobstacle4
1133.8522366646812,378.43747006841795,-95.57904268714054,Elobstacle4
1146.6954761630413,387.2460999405022,-96.48607186998677,Elobstacle4
1295.6763030576121,550.0252287293313,-71.22240020002954,Elobstacle4
1277.0727572003143,540.2529161203373,-69.76764785054127,Elobstacle4
1303.920816649598,567.1750051318053,-66.38256690708468,Elobstacle4
1266.3041000059306,525.5751557755591,-71.20776532615372,Elobstacle4
1215.8710331843097,474.79866553005684,-76.17828730443827,Elobstacle4
1230.7542187518588,489.84842790044127,-75.19384696768168,Elobstacle4
1239.2335582433382,505.7347901626973,-74.2476269681971,Elobstacle4
1253.7316830788268,513.0046938210297,-71.6241202002123,Elobstacle4
1188.5524051386355,454.69001996961873,-79.41409791082341,Elobstacle4
1201.290612338019,468.86002772996284,-77.07940939105097,Elobstacle4
1180.6032856472875,438.7697197130777,-83.78366945844661,Elobstacle4
1170.999602334084,434.37296316665066,-81.47631322772415,Elobstacle4
1144.7786363023242,406.05947769298035,-86.90948749421685,Elobstacle4
1125.563985254802,395.89572250530216,-158.49718920408006,Elobstacle4
1123.666691144806,387.5819056527796,-118.7912326744601,Elobstacle4
1160.159007619003,418.6482924355628,-85.35988004190902,Elobstacle4
1130.3315220668665,391.63497782392636,-95.00243774834695,Elobstacle4
1131.586832000703,397.52782254608474,-92.76834378441363,Elobstacle4
1126.1426967522432,398.9890545364505,-237.28613128187163,Elobstacle4
1124.1773279267911,394.28955613323785,-189.67493118204885,Elobstacle4
1132.953896652358,400.66595240549617,-299.3949854967626,Elobstacle4
1262.6112437983707,549.8155107203664,-70.7917895602607,Elobstacle4
1283.5894746508718,572.3726619956285,-66.62464048931952,Elobstacle4
1268.3748028004222,559.5033103907141,-69.66328039561913,Elobstacle4
1242.5105442625745,539.0086361386104,-70.50175798031214,Elobstacle4
1234.1789716447136,526.1752521721087,-77.48688394397432,Elobstacle4
1209.125992555513,499.01829276093974,-76.20187254858658,Elobstacle4
1219.734064048461,507.4789921301258,-75.87688238486086,Elobstacle4
1179.7289718494626,478.8901257797095,-78.09001562807087,Elobstacle4
1169.4297660143122,460.1872786843214,-79.1231927846768,Elobstacle4
1195.2922522126673,482.968489330746,-76.43804509364082,Elobstacle4
1159.4116014207907,450.5949019747714,-80.42376016077719,Elobstacle4
1107.1689629558618,405.73843657442694,-204.31179361401394,Elobstacle4
1108.8952883041563,408.23136335978734,-168.99206016901726,Elobstacle4
1109.6330437410593,399.8509196916316,-125.87180050718047,Elobstacle4
1145.283257396571,442.42252105734826,-81.55562177445184,Elobstacle4
1122.983022709359,419.6806092406401,-86.63002001656415,Elobstacle4
1113.533162879849,404.1200643833184,-85.90807988829393,Elobstacle4
1107.0972586368812,404.44869321441735,-95.8687198788375,Elobstacle4
1138.324476217206,426.74574131093533,-83.06193185548966,Elobstacle4
1113.3932139706985,410.35596047978515,-258.52291051273954,Elobstacle4
1249.400647337983,570.9195563165742,-70.60553899124642,Elobstacle4
1260.268799726974,581.192935251576,-69.8157002399509,Elobstacle4
1226.4768326049477,545.3461341863506,-72.62422174524508,Elobstacle4
1203.451433615076,519.3183094968557,-73.58978812004332,Elobstacle4
1206.4040902475122,534.1045134077689,-72.41487345588419,Elobstacle4
1234.3419322821862,559.5351496368542,-69.92350754797607,Elobstacle4
1149.4581329536647,470.64866068379945,-80.85787620523094,Elobstacle4
1166.7047919377515,484.3814255257503,-77.56869430432754,Elobstacle4
1175.6796668316313,492.749942469519,-77.4990477837401,Elobstacle4
1186.7444939826578,510.7119178291999,-82.09743187102525,Elobstacle4
1140.3855683643774,464.90124120633317,-80.08651679395258,Elobstacle4
1128.2192541429622,442.8933950838349,-84.78887890920574,Elobstacle4
1117.5888517230808,441.68491822932214,-85.65006436515142,Elobstacle4
1092.2356455924792,415.2705292161083,-110.76118299932591,Elobstacle4
1103.268399830754,419.92743859547187,-94.43128296179614,Elobstacle4
1113.813566358463,427.5309956120248,-92.98862847725903,Elobstacle4
1095.891417002373,413.4312915566501,-181.4696276663662,Elobstacle4
1096.3047999513076,415.16446112819335,-145.3228099766965,Elobstacle4
1100.577967738653,415.4102180648776,-248.03007057979775,Elobstacle4
1101.0400352159731,418.18934646288113,-279.7818434581941,Elobstacle4
1249.9182462395622,600.7985756485853,-69.75674517472982,Elobstacle4
1240.5417996643057,597.5404501541527,-75.60965810330336,Elobstacle4
1189.691500305667,543.7992091991096,-77.47055121784857,Elobstacle4
1198.3625594971916,558.1731555541879,-71.09134981045167,Elobstacle4
1212.8325938686462,565.7730549686132,-70.03709733332289,Elobstacle4
1227.1164553770298,583.0443347681655,-70.08212351060283,Elobstacle4
1146.826519362352,490.7373184036146,-79.72282594360699,Elobstacle4
1163.1085800525314,514.1431275418186,-77.04359223002949,Elobstacle4
1157.099919205218,504.03555290269696,-87.79389359844515,Elobstacle4
1175.7299344370126,527.1550043486674,-76.36703359512885,Elobstacle4
1119.3813741855702,462.6797203655528,-164.28937846072068,Elobstacle4
1138.6306796396404,485.9577232526351,-86.25553306904854,Elobstacle4
1120.2164123721088,464.2013988014885,-129.3246874564438,Elobstacle4
1120.7676304938416,463.7993309257298,-95.08770477066035,Elobstacle4
1116.0081521561046,458.0731795604338,-249.1548889781435,Elobstacle4
1116.0412632489422,457.9102482149357,-191.58951371099238,Elobstacle4
1124.4562198191913,469.2029362437678,-81.76490152734748,Elobstacle4
1123.079965492238,465.0853846307979,-291.2268674899771,Elobstacle4
1215.1559540345252,596.9641937302017,-71.19586119990254,Elobstacle4
1189.8922571885344,572.5070872195213,-70.6723772593761,Elobstacle4
1203.561200445607,586.1749940427098,-70.20298961695727,Elobstacle4
1182.0723285357187,559.4336474001984,-78.77019582051568,Elobstacle4
1159.0097263042073,533.029058712395,-109.95103058739683,Elobstacle4
1169.7410756176423,546.6296248363199,-77.68867797778597,Elobstacle4
1164.0827674685668,537.9245190419097,-98.1476766282034,Elobstacle4
1160.748531021613,536.0945696744125,-138.72095145938175,Elobstacle4
1159.1439593425494,533.1636197281047,-206.5289980184328,Elobstacle4
1158.3594938304873,531.8875322405864,-252.6808821786998,Elobstacle4
1160.0682949081788,534.7588362309109,-156.7627827461239,Elobstacle4
1162.6373759427056,537.693636280887,-317.9090920091701,Elobstacle4
1159.0059242102145,532.8062267956217,-264.73239113105944,Elobstacle4
1211.1266818962838,622.8127645437432,-171.79240186142135,Elobstacle4
1220.5987526453835,633.5205986951505,-248.63053902171134,Elobstacle4
1219.0338596424126,636.6249330238225,-290.18270633963425,Elobstacle4
1215.2254923126889,627.6605513126343,-220.78199880790123,Elobstacle4
