1995.933301364598,-147.60104678555484,-119.25340847971509,E2obstacle2
2027.2644806482647,-143.04191517365257,-120.78664054438474,E2obstacle2
2048.0410370708514,-154.74011639416153,-119.14896940569788,E2obstacle2
2076.3533966671143,-142.23565079437716,-118.84780563275197,E2obstacle2
1913.2755913239303,-163.49205607331425,-118.04235635546266,E2obstacle2
1923.9240808677685,-160.27896968567507,-115.72175751763206,E2obstacle2
1953.7584442471486,-158.49193203750838,-116.63773415865575,E2obstacle2
1968.39006101063,-164.4275066590636,-119.04425068049619,E2obstacle2
1903.7938990541365,-164.5330673120655,-192.57503384492225,E2obstacle2
1901.6052596207392,-164.81349134019123,-220.40160571133654,E2obstacle2
1906.2560960202609,-164.41797347076442,-183.01908393229246,E2obstacle2
1913.4668949807538,-164.93766352929813,-146.61069018649175,E2obstacle2
1909.4025709696537,-163.21622691166368,-291.28315442546705,E2obstacle2
1900.8607984104958,-164.75023338374854,-260.6553185400955,E2obstacle2
1905.558583775998,-164.26151419205357,-319.98311256402013,E2obstacle2
1997.6220182527882,-115.70854634501906,-118.05142203771783,E2obstacle2
2022.4597789447298,-115.11344458518204,-116.2337887450831,E2obstacle2
2051.559018669513,-115.6677949180459,-117.09680153352646,E2obstacle2
2076.624616888365,-103.89996156846485,-117.48210027229774,E2obstacle2
1890.670442429633,-147.20111351292093,-115.17737537231103,E2obstacle2
1919.3230989347994,-137.59490589869762,-117.64201128153528,E2obstacle2
1942.100103829277,-133.0411354940195,-115.57783810271583,E2obstacle2
1970.5442107908918,-123.39280104691726,-116.0517441237854,E2obstacle2
1801.4200960003132,-152.65419586124472,-118.37399270277785,E2obstacle2
1824.6636066889887,-149.76855448725837,-114.88578376528568,E2obstacle2
1846.1999317176455,-142.72603954664498,-119.71691842047044,E2obstacle2
1872.3972394760767,-150.23551701942208,-118.97791592314655,E2obstacle2
1775.2506160168837,-163.84054025961163,-117.7374859182963,E2obstacle2
1753.9395086796062,-164.29313421047462,-166.92076990215352,E2obstacle2
1759.665306227453,-162.67248386136836,-124.66240944350326,E2obstacle2
1752.7800789182618,-164.24880825293855,-128.6821675686194,E2obstacle2
1749.5694226621508,-164.544161549291,-185.83571778701685,E2obstacle2
1741.587768428201,-164.5894424952231,-227.50984356570595,E2obstacle2
1737.8716433604543,-164.61325514815246,-266.84099630045944,E2obstacle2
1741.4704889531777,-164.36444078652218,-194.4742998079444,E2obstacle2
1744.9520451863127,-164.84809034172187,-292.6646397126565,E2obstacle2
1751.4382676088862,-164.18987644339865,-330.01596550431947,E2obstacle2
1996.4706665246008,-83.5140401624691,-117.52775563579154,E2obstacle2
2022.4072479934669,-75.97652125016353,-116.65841407776009,E2obstacle2
2052.4036555806224,-67.08910958953317,-119.90791501710565,E2obstacle2
2081.239715921375,-76.99537118015623,-117.17649318266152,E2obstacle2
1895.9396695039707,-113.99940742441487,-115.89581331572072,E2obstacle2
1923.7834240835493,-107.7809083602078,-116.5999137690274,E2obstacle2
1945.4230704798067,-90.76297848229997,-115.7357789991708,E2obstacle2
1969.6113125868599,-101.01293055207324,-115.71190760993603,E2obstacle2
1796.7936120094419,-129.46869184025329,-115.42683079524147,E2obstacle2
1818.6005514454694,-131.82797788202285,-114.71355560263973,E2obstacle2
1844.8066836470327,-119.56858837875843,-116.19435666524582,E2obstacle2
1867.9800517496192,-114.12690115819774,-115.88322697026412,E2obstacle2
1731.2346308199506,-145.27026125786566,-115.68768045465667,E2obstacle2
1713.144397117509,-146.25699085415852,-116.84640375891905,E2obstacle2
1751.4915632276839,-131.44741207346001,-114.44467041832733,E2obstacle2
1772.0581297347478,-133.6425032426219,-114.41487077501462,E2obstacle2
1698.2760271525538,-151.58587750133773,-114.5887113064942,E2obstacle2
1695.050802540848,-144.24439153331681,-195.12190297483562,E2obstacle2
1688.3281880936502,-154.53536991164722,-131.94555752887192,E2obstacle2
1692.7458958359662,-154.12186514717519,-158.19701676122403,E2obstacle2
1686.0492045151736,-156.1336488146924,-207.7935620089051,E2obstacle2
1685.9428096897745,-145.71311788522678,-278.6312396207422,E2obstacle2
1684.4185031747631,-158.55172683662056,-305.05552062924846,E2obstacle2
1685.5648285130214,-154.64689498651182,-242.87926017056597,E2obstacle2
1999.5454277974204,-47.087650950379405,-115.96515087396352,E2obstacle2
2025.7183713791828,-49.676200878211,-117.48490035582664,E2obstacle2
2049.8329954676933,-31.657505598765724,-116.4443662664648,E2obstacle2
2086.8146909566517,-26.468303878553222,-121.83642603585902,E2obstacle2
1898.9904300127034,-80.65918520382246,-118.7455941739347,E2obstacle2
1920.815913906657,-73.32725652315906,-117.26351205566375,E2obstacle2
1946.671189921118,-61.320674088980226,-116.6881897560436,E2obstacle2
1975.1057023579801,-60.712239212316945,-116.31645551610825,E2obstacle2
1801.7887897806227,-102.25351668897807,-115.81681140497632,E2obstacle2
1824.2519994785075,-98.04062098919508,-116.35723515449295,E2obstacle2
1847.6382761208563,-93.51176601948404,-114.98497830944154,E2obstacle2
1872.8870228857322,-84.7687452857774,-117.97001899998807,E2obstacle2
1753.0072729333438,-112.0003832863809,-114.0136073082882,E2obstacle2
1739.2254734393973,-116.62802242425839,-114.52759739129479,E2obstacle2
1711.1381260804371,-123.48215559582412,-114.04626356043889,E2obstacle2
1779.8888525010238,-102.64734115182395,-114.10010701172664,E2obstacle2
1689.0073794912978,-123.8511343491435,-119.3009514862135,E2obstacle2
1689.0385854125477,-120.8165914600701,-125.63543321914196,E2obstacle2
1685.504255058969,-124.67715022548104,-174.6484742120202,E2obstacle2
1687.8620404537257,-127.17879505204186,-152.28626230346433,E2obstacle2
1686.5473863994232,-122.2246758806696,-212.02596943180927,E2obstacle2
1686.1048447614426,-124.36274785585442,-296.75117125284726,E2obstacle2
1687.2868675350321,-125.395471894696,-236.77300110143048,E2obstacle2
1686.577963568342,-129.20858038570785,-267.1419203581299,E2obstacle2
2000.124483452068,-19.353934641400826,-116.66528792909848,E2obstacle2
2025.3227253575706,-5.605835918335089,-117.18898529278633,E2obstacle2
2055.33805293856,-10.450900340811074,-121.06717253723842,E2obstacle2
2080.992270063508,6.106948818756919,-118.87474852178536,E2obstacle2
1894.3773773735297,-51.1813671479124,-115.80753840966692,E2obstacle2
1922.75359853957,-43.24089942160205,-117.93489635888103,E2obstacle2
1946.4724993147656,-35.066641008926,-116.57580859914843,E2obstacle2
1971.7476237486856,-23.22637724760834,-117.12043634409876,E2obstacle2
1801.6676020268628,-72.00612655638717,-116.84511784905654,E2obstacle2
1826.6939307888767,-66.40378734798108,-117.41193259792047,E2obstacle2
1847.846897271523,-60.060237287138236,-116.29560955424103,E2obstacle2
1871.6883309234659,-41.240971606379084,-115.3003777507483,E2obstacle2
1735.9266484691993,-86.80294954174686,-113.6764188841055,E2obstacle2
1756.740540355539,-83.85259563148067,-119.98636013777356,E2obstacle2
1713.2279626772147,-84.58170058251847,-120.02019676002557,E2obstacle2
1780.9826284842375,-78.47813105062198,-116.0007397873027,E2obstacle2
1686.5991894445867,-96.40461738937583,-175.75321287756014,E2obstacle2
1691.1813446064466,-100.7321599552777,-120.17035790998058,E2obstacle2
1686.9966491643008,-97.65684028694363,-124.77784700586017,E2obstacle2
1686.554934762003,-95.46384607925185,-145.64770335891217,E2obstacle2
1685.1526819082774,-99.98693226832827,-267.01092975616956,E2obstacle2
1684.7420502667387,-90.96061084494019,-295.29132558926943,E2obstacle2
1687.3128826658603,-90.6057763083974,-207.52171818690215,E2obstacle2
1686.7096903519475,-88.01432991269748,-235.35752388272027,E2obstacle2
1685.286486456766,-93.5683990319573,-325.99027181368166,E2obstacle2
1998.7663436353391,26.212619732348116,-116.28045033020139,E2obstacle2
2024.591842575543,16.17042065827907,-117.62115160669175,E2obstacle2
2056.2361632861516,41.0962995751223,-116.7719466481467,E2obstacle2
2083.5175971065414,33.48480321742314,-117.39974122526097,E2obstacle2
1897.433566293368,-14.184483875884112,-115.9846021456432,E2obstacle2
1922.6971068202913,-8.944665349138713,-116.41962905032068,E2obstacle2
1946.3529465311794,6.046031765946644,-116.73000682653966,E2obstacle2
1971.4856691960304,2.503564470545726,-115.86671310550726,E2obstacle2
1799.2012582808397,-34.9621117953921,-114.2111470030705,E2obstacle2
1824.0578046696276,-34.05073510801877,-114.9840193710854,E2obstacle2
1848.186634233762,-25.56433595517614,-114.75696901635986,E2obstacle2
1870.6781606015372,-23.48003027979685,-115.10853285816094,E2obstacle2
1753.5943220722697,-48.69199434475627,-114.00819877448058,E2obstacle2
1733.5939175438593,-47.15748631590506,-114.26415442549965,E2obstacle2
1777.759387593469,-36.05721686629816,-114.44363690827683,E2obstacle2
1710.0803749030567,-66.6800590957863,-114.23794044891069,E2obstacle2
1690.1201716281967,-70.69271831756521,-185.18569615112534,E2obstacle2
1687.3733230133148,-70.69534799020732,-124.52655562213648,E2obstacle2
1686.87321982935,-71.57787344031374,-145.79088118610002,E2obstacle2
1701.6103013261595,-63.49650597968843,-114.2964284270583,E2obstacle2
1686.8310333650084,-66.6384278614903,-263.9259532768051,E2obstacle2
1687.6322580905514,-71.16675296220843,-202.73543356840213,E2obstacle2
1686.8433683606008,-70.79659100977403,-231.73393236799419,E2obstacle2
1686.3520022053817,-72.50659255520651,-295.3745263434048,E2obstacle2
2004.464057521661,48.56366314472692,-116.38396762796454,E2obstacle2
2025.6992438527882,53.11546057652505,-116.36396586476845,E2obstacle2
2056.417499213196,71.27013259112483,-119.8264899636846,E2obstacle2
2080.5967922969357,82.81998029146393,-120.08432897828594,E2obstacle2
1899.1220793009616,23.788363934368604,-115.68892019560414,E2obstacle2
1921.050854763198,34.500511455844695,-115.3362948377445,E2obstacle2
1944.9326256884349,35.193781503748795,-116.00704055493291,E2obstacle2
1970.6877697802536,37.018779993020544,-116.55065243537094,E2obstacle2
1803.9737449929341,-5.121821225426139,-115.93157943072629,E2obstacle2
1824.1470549891126,10.27225018973672,-115.65022820050764,E2obstacle2
1850.196399526561,13.283628053442726,-114.8597430957717,E2obstacle2
1872.783259150495,10.57147518981531,-117.84003098383982,E2obstacle2
1711.3145262668536,-22.416180753823667,-114.17613045849893,E2obstacle2
1778.4811502881528,-8.711533416739769,-116.78145479237264,E2obstacle2
1758.9964279644412,-15.435809151335462,-113.87778006846861,E2obstacle2
1735.738785165996,-28.990018526017643,-115.38383155947086,E2obstacle2
1696.5724843887524,-30.93416384532839,-115.33234648155405,E2obstacle2
1686.7726055351288,-37.7370169554678,-174.22739076479246,E2obstacle2
1689.6760753292392,-36.35726407082606,-121.13158219834165,E2obstacle2
1689.0034030440415,-37.30560038296652,-147.74750094304233,E2obstacle2
1686.098452273647,-43.895257563886496,-201.6704954494494,E2obstacle2
1685.5585277578264,-35.17708056255053,-292.88322276812823,E2obstacle2
1687.3291231520789,-42.559236401749885,-264.06887159891835,E2obstacle2
1687.041623283922,-30.695374493154603,-229.8135228078847,E2obstacle2
1686.1259724833326,-40.176303941339555,-325.598873567848,E2obstacle2
1998.516735053887,80.25307194313902,-116.8108516371418,E2obstacle2
2024.7630306018773,90.02638277985383,-119.37492829681678,E2obstacle2
2050.106238509888,95.94515684231122,-116.57420783886472,E2obstacle2
2081.544092874228,112.91172973183458,-119.89830845898305,E2obstacle2
1894.9292969592236,53.18411093807938,-115.19889441674331,E2obstacle2
1919.729574577788,60.728398787834365,-115.58811181002791,E2obstacle2
1944.1636640414347,72.06068046274464,-115.82648074896167,E2obstacle2
1971.4289560874604,80.63876905568323,-115.98848177192868,E2obstacle2
1800.827850512246,22.34554492169866,-115.16960883061665,E2obstacle2
1824.0935696110398,26.89189296879485,-115.57562970437276,E2obstacle2
1851.4286899685103,41.2645489078217,-115.49199690586552,E2obstacle2
1870.90901825757,47.319936808558275,-116.13651467565393,E2obstacle2
1714.6568441656805,-4.562740225141837,-115.69785706654817,E2obstacle2
1732.2790125431566,11.58414983540942,-115.20456915301625,E2obstacle2
1780.150718233823,21.670748673248298,-115.22348335153364,E2obstacle2
1756.5370465299088,7.911719868972014,-114.70542866979974,E2obstacle2
1688.6968182813318,-13.80408295411965,-129.27266564857672,E2obstacle2
1686.721924528644,-14.468430771894784,-169.5094962500513,E2obstacle2
1687.3708714094087,-9.562900642701003,-150.77230984661685,E2obstacle2
1690.2213319438683,-7.428969540731657,-113.45023380371488,E2obstacle2
1685.3542445170103,-8.606707469315811,-259.09534599506617,E2obstacle2
1684.6073483325772,-7.934213634477629,-291.72062156580046,E2obstacle2
1686.268862196637,-7.051242656447954,-201.05624531498623,E2obstacle2
1687.1248209097746,-14.016014472202045,-229.1295960073339,E2obstacle2
1684.599258133055,-9.100379069459716,-323.52489777038363,E2obstacle2
1997.9151358829438,121.20715289025478,-118.37600968523998,E2obstacle2
2026.087923528673,124.02385374318082,-117.30102514975528,E2obstacle2
2049.1792231435998,138.11345200821353,-118.38523537387313,E2obstacle2
2084.4563721016866,159.39179976273357,-125.80532529081451,E2obstacle2
1894.1517764982311,92.0005534911157,-116.40734595084261,E2obstacle2
1917.9877401045314,105.02780607059563,-116.14360245088744,E2obstacle2
1945.363379271267,109.82668183294197,-119.60709883641336,E2obstacle2
1974.1453278254974,113.70398470318672,-118.03859477899749,E2obstacle2
1801.878940991858,51.800832685217955,-116.10458999938311,E2obstacle2
1824.584547421171,61.38655197877642,-114.8496356255592,E2obstacle2
1848.7109802828768,81.71317149342676,-114.65180125397293,E2obstacle2
1872.458379781763,79.8395544201842,-115.22653641815761,E2obstacle2
1761.7916107682556,46.91619229711419,-115.21958263292811,E2obstacle2
1779.0602295335084,47.86643390333175,-114.5142630953872,E2obstacle2
1711.1016189608083,25.702968895158023,-113.92671644210996,E2obstacle2
1733.2797917756047,43.295256807858784,-114.44577872304562,E2obstacle2
1695.0391929437478,24.039546037482005,-114.20648811273959,E2obstacle2
1685.832059965474,18.80096836140134,-176.21011015990436,E2obstacle2
1686.8427351929995,25.71250031691713,-123.81517794816611,E2obstacle2
1687.3296853792897,19.52983243857349,-141.91069987111538,E2obstacle2
1685.1487197519305,17.081691949862353,-295.62924799038257,E2obstacle2
1685.4733977838341,27.6911190040896,-198.85925138942423,E2obstacle2
1685.4336819652683,16.19859417756135,-227.69858093118413,E2obstacle2
1686.490357573912,20.908523433473547,-264.1472773407444,E2obstacle2
1688.824389474529,15.729780871964849,-327.41544547177034,E2obstacle2
1995.8931774259229,159.21579945996837,-118.37048813821202,E2obstacle2
2040.1887031868953,164.93332597758356,-130.84594606641076,E2obstacle2
1894.0851761625163,116.09387017714866,-118.3387702829673,E2obstacle2
1916.431257301594,124.41405443173039,-115.79166473214549,E2obstacle2
1944.9254555626212,135.69536493149897,-115.90393320518709,E2obstacle2
1969.4113083061352,155.53964704334987,-118.03380559524246,E2obstacle2
1801.0498492010279,85.84462564800882,-115.51200990045878,E2obstacle2
1826.3785397542763,98.29191174352823,-117.39552360462199,E2obstacle2
1847.2901737079649,100.81218227657149,-118.39335283881603,E2obstacle2
1868.0484796467854,111.74316853104536,-115.87959071680922,E2obstacle2
1754.583784711352,71.03454794960771,-116.56392550892254,E2obstacle2
1778.8140675819527,79.83489643413861,-114.82484379273288,E2obstacle2
1707.9991159720328,63.599087639045095,-113.7605461071261,E2obstacle2
1734.2019852980418,65.13656749589727,-115.61733579148978,E2obstacle2
1691.016112774629,51.51398580350629,-120.64546168921864,E2obstacle2
1696.5630840931942,51.042094984455915,-116.5936674942266,E2obstacle2
1685.8235993569328,44.50164004386937,-173.73229690539293,E2obstacle2
1687.2966925556818,54.938245085663645,-143.58399154281983,E2obstacle2
1687.8146140569297,48.074617702708,-204.2359498621481,E2obstacle2
1687.5648467409267,47.82621325513654,-295.15625539465833,E2obstacle2
1686.2357881574055,54.14337168220125,-260.873773631066,E2obstacle2
1687.6773064200288,45.76519156320827,-231.57040521454465,E2obstacle2
1685.0110928543413,56.251906182218185,-332.22047424883766,E2obstacle2
1892.7444419211497,149.8894164904911,-116.74180679935111,E2obstacle2
1934.5983816983844,164.01671551188207,-136.0502557306853,E2obstacle2
1796.4289925177993,119.13880365316486,-115.30042328849133,E2obstacle2
1820.807861645148,126.44543893970788,-114.94081624521104,E2obstacle2
1848.9238078332426,135.28317110913721,-116.05002858423306,E2obstacle2
1867.3467146439805,151.54760508658012,-118.83618415774642,E2obstacle2
1752.2195988583455,107.35016658591681,-115.30467760921067,E2obstacle2
1774.3140400949428,109.23678903519745,-114.0588296011319,E2obstacle2
1713.2135915543295,92.11751994637211,-115.20741571299327,E2obstacle2
1732.429398895516,95.90114230019404,-115.27131789468656,E2obstacle2
1688.020750355542,77.54042868967568,-130.4607234716006,E2obstacle2
1694.7860215598039,79.72641298216658,-118.60187464135443,E2obstacle2
1685.8120285616687,81.25306760909993,-179.3487822311152,E2obstacle2
1686.7797064223253,75.09874454821747,-145.30753449459948,E2obstacle2
1685.4042913968433,76.876570197186,-230.15624693235213,E2obstacle2
1685.806108658237,76.70611250434821,-208.11449720573015,E2obstacle2
1684.7021165332362,73.71652861021175,-268.2679751651438,E2obstacle2
1687.5826527605102,82.76478842543713,-295.956661555692,E2obstacle2
1818.2521696307208,158.78040411458383,-115.03580002799364,E2obstacle2
1796.1622361243712,148.018733982724,-116.19327222930676,E2obstacle2
1845.4856172367388,164.62659090547947,-119.39530504366527,E2obstacle2
1710.6627865159664,120.39421390571552,-120.88707490839934,E2obstacle2
1772.1219499994158,145.58740734661734,-115.56983127692796,E2obstacle2
1753.1803444483494,131.35476261220455,-118.41175675697593,E2obstacle2
1735.0184291406142,130.23059553243772,-113.76967184711849,E2obstacle2
1687.4271912802556,113.49691622141482,-119.44960295597447,E2obstacle2
1688.284362362635,116.96661813239177,-118.93823185229728,E2obstacle2
1687.1820491198796,111.28901541076611,-177.10815165399836,E2obstacle2
1689.5940902290165,107.5812547972268,-149.1784007569139,E2obstacle2
1685.7459483261418,105.85900886223783,-274.46413140598764,E2obstacle2
1687.2833523068202,107.83213861228421,-211.36672308810165,E2obstacle2
1685.0832499466405,116.84277653207816,-234.96051579552375,E2obstacle2
1684.8921568488022,108.91145141030869,-295.2783046161637,E2obstacle2
1712.7420388060762,145.67951287752277,-119.41173023026687,E2obstacle2
1732.9671794938004,159.83857984695044,-123.57631587308981,E2obstacle2
1694.0729981979152,140.02981608446188,-131.30136995066545,E2obstacle2
1703.9517300835896,146.15204713914216,-117.73718114175396,E2obstacle2
1687.3458074219877,135.24988461909868,-179.7489400915274,E2obstacle2
1686.228080071612,146.72498177818807,-156.91036381330193,E2obstacle2
1685.7747782265067,148.60135378745377,-267.4221659715119,E2obstacle2
1692.205604673787,138.56946505882775,-216.4471077842155,E2obstacle2
1688.1508973988348,145.5572699940034,-302.04933351220376,E2obstacle2
1687.567204694169,135.7903993549893,-243.30236867606118,E2obstacle2
1994.9081793898483,148.63500086830152,-117.89456486603956,E2obstacle2
2019.8810540262061,143.34968384557175,-118.12921398861623,E2obstacle2
2047.1352625602055,143.66641271931633,-118.28077401963448,E2obstacle2
2076.1106215561954,137.3517345695317,-118.40319752989113,E2obstacle2
1941.9039066969285,164.13762823874077,-124.81982243271382,E2obstacle2
1940.6428980942976,159.2817744464608,-118.24203101605484,E2obstacle2
1969.4113083061352,155.53964704334987,-118.03380559524246,E2obstacle2
1911.8551270026344,163.43613796887743,-123.68824468687583,E2obstacle2
1901.0694929962594,164.87996275957008,-190.97180501758476,E2obstacle2
1903.5444430090156,164.82384151624842,-186.27237631254636,E2obstacle2
1899.311136724196,164.9963220014376,-137.13605414064477,E2obstacle2
1901.9325872223492,164.389103219971,-219.736973738986,E2obstacle2
1902.3514003044959,164.12964884702885,-257.01691046912987,E2obstacle2
1900.4360946227835,164.4526629805319,-273.1214929980456,E2obstacle2
1909.5756676305402,163.18985081693862,-322.39726489721266,E2obstacle2
1997.9151358829438,121.20715289025478,-118.37600968523998,E2obstacle2
2026.087923528673,124.02385374318082,-117.30102514975528,E2obstacle2
2051.0409017722145,113.51650368704777,-119.70661443441433,E2obstacle2
2081.544092874228,112.91172973183458,-119.89830845898305,E2obstacle2
1893.446382942175,134.41432333557088,-118.32476048460902,E2obstacle2
1916.0398874292875,135.35316558583142,-116.06941117925626,E2obstacle2
1944.9254555626212,135.69536493149897,-115.90393320518709,E2obstacle2
1967.6518627040011,133.7322865044006,-116.82821265222216,E2obstacle2
1799.8817192690083,160.15684963171304,-114.88199347675642,E2obstacle2
1818.2521696307208,158.78040411458383,-115.03580002799364,E2obstacle2
1842.8241200707364,149.03609407297978,-114.71241094362297,E2obstacle2
1867.3467146439805,151.54760508658012,-118.83618415774642,E2obstacle2
1767.3946190199035,158.45574036860012,-116.35015434401221,E2obstacle2
1742.659384755299,164.8994855379073,-142.04928967642746,E2obstacle2
1776.5146983176112,161.09509234359993,-115.2827456972761,E2obstacle2
1744.0880267229363,164.94761096011408,-126.42545055905815,E2obstacle2
1749.2293802374277,164.98613314600507,-180.94917108309576,E2obstacle2
1740.1159708881496,164.44643983274963,-197.7224380669117,E2obstacle2
1738.5896280313912,164.05213771506956,-268.58184061523065,E2obstacle2
1739.6079214157996,164.82332007495742,-232.19973434966144,E2obstacle2
1738.3587729151398,164.9309061139463,-296.73704763884615,E2obstacle2
1735.1028872013615,164.83532169873257,-316.8457861562339,E2obstacle2
1998.516735053887,80.25307194313902,-116.8108516371418,E2obstacle2
2027.0167450703257,86.17222186576436,-119.52452871146754,E2obstacle2
2055.3006033834477,82.98516115090464,-117.1672520173785,E2obstacle2
2083.8299816395784,73.83513463841686,-119.18537206818559,E2obstacle2
1894.3867548555386,107.34447571525108,-115.96242846650328,E2obstacle2
1919.8421305913812,111.29574530671172,-115.4629608462739,E2obstacle2
1948.7864698885671,95.80434250033395,-116.94517717327129,E2obstacle2
1972.9017281808394,90.03402266510106,-116.0206845564731,E2obstacle2
1796.5044857930297,129.69828619740164,-114.60065360579901,E2obstacle2
1820.807861645148,126.44543893970788,-114.94081624521104,E2obstacle2
1845.3452015746384,126.54126997625448,-115.47614584504731,E2obstacle2
1868.0484796467854,111.74316853104536,-115.87959071680922,E2obstacle2
1781.8741740430428,138.36255755785032,-116.12593485597645,E2obstacle2
1710.423995093926,148.64370935009873,-119.81995147463475,E2obstacle2
1753.1803444483494,131.35476261220455,-118.41175675697593,E2obstacle2
1732.2758315512428,144.3961064856845,-115.3424961990353,E2obstacle2
1693.4394068361262,147.11376745524132,-187.0789898622631,E2obstacle2
1703.9517300835896,146.15204713914216,-117.73718114175396,E2obstacle2
1692.3191748343663,153.37463136350596,-129.0602526848769,E2obstacle2
1686.228080071612,146.72498177818807,-156.91036381330193,E2obstacle2
1685.7747782265067,148.60135378745377,-267.4221659715119,E2obstacle2
1688.1508973988348,145.5572699940034,-302.04933351220376,E2obstacle2
1688.9552150928405,152.93997960814195,-212.40770525898375,E2obstacle2
1688.1318800125011,150.16410700726368,-244.33666117883618,E2obstacle2
2000.5742578360616,57.607345601494394,-120.52009420841925,E2obstacle2
2025.6992438527882,53.11546057652505,-116.36396586476845,E2obstacle2
2051.490532090466,47.83352495702891,-116.46511020519938,E2obstacle2
2083.5175971065414,33.48480321742314,-117.39974122526097,E2obstacle2
1896.9826107340127,74.5193732100512,-116.25919528914591,E2obstacle2
1919.7949434282646,77.18836832895883,-117.03235656123586,E2obstacle2
1944.1636640414347,72.06068046274464,-115.82648074896167,E2obstacle2
1972.940058361669,63.454148846252366,-118.01481355388076,E2obstacle2
1806.569297170817,100.72292643719551,-115.10987338719501,E2obstacle2
1826.3785397542763,98.29191174352823,-117.39552360462199,E2obstacle2
1848.3852878587659,92.1779720119309,-114.75580802494873,E2obstacle2
1872.458379781763,79.8395544201842,-115.22653641815761,E2obstacle2
1774.3140400949428,109.23678903519745,-114.0588296011319,E2obstacle2
1710.6627865159664,120.39421390571552,-120.88707490839934,E2obstacle2
1731.6788863739048,111.19817428968175,-116.26469978372324,E2obstacle2
1752.2195988583455,107.35016658591681,-115.30467760921067,E2obstacle2
1686.3220298832252,131.03365888007647,-180.07523797682475,E2obstacle2
1689.207876855441,126.72167525574862,-150.22159421311937,E2obstacle2
1688.284362362635,116.96661813239177,-118.93823185229728,E2obstacle2
1687.736892035536,121.99097724094707,-125.80044104699796,E2obstacle2
1687.4977335861727,120.24412163334488,-272.55428907094864,E2obstacle2
1685.7669028579592,120.36299584216829,-204.97083588184478,E2obstacle2
1686.1304732326857,120.75627365412267,-236.61654613422587,E2obstacle2
1690.6101391682796,120.89856527959884,-305.69495358791255,E2obstacle2
2002.9430295250088,13.52110356837153,-120.31220596594505,E2obstacle2
2024.591842575543,16.17042065827907,-117.62115160669175,E2obstacle2
2056.208463015771,8.66981226443578,-119.67676675070575,E2obstacle2
2083.5274592137916,-0.4642352021071332,-120.58819764926248,E2obstacle2
1895.804968644947,46.68120503238282,-115.75692282638958,E2obstacle2
1921.050854763198,34.500511455844695,-115.3362948377445,E2obstacle2
1944.9326256884349,35.193781503748795,-116.00704055493291,E2obstacle2
1974.399408022056,25.956920336275246,-115.90292622054294,E2obstacle2
1802.1780742380488,68.48980701707266,-114.59127734851828,E2obstacle2
1824.1380987151279,63.022064618662974,-116.66797247462375,E2obstacle2
1847.5106256348975,60.51872155893376,-115.99336201612337,E2obstacle2
1870.90901825757,47.319936808558275,-116.13651467565393,E2obstacle2
1754.583784711352,71.03454794960771,-116.56392550892254,E2obstacle2
1713.2135915543295,92.11751994637211,-115.20741571299327,E2obstacle2
1776.8284190745974,73.5380657039462,-114.5876755893813,E2obstacle2
1731.9891838359567,88.01492581453405,-116.90213345802928,E2obstacle2
1690.3969471444893,90.17146038119289,-123.20141776840511,E2obstacle2
1686.2072646715812,101.13136892620503,-172.7708076206048,E2obstacle2
1687.3620287329552,94.50131290548674,-146.84009776748115,E2obstacle2
1695.3049410420067,86.41489101023704,-119.33297004794431,E2obstacle2
1684.820398118654,98.93436226415133,-262.1340834481643,E2obstacle2
1685.2618498016313,99.03137146725352,-216.14769175439926,E2obstacle2
1684.4912052365105,99.93638407763076,-291.88424082767955,E2obstacle2
1685.2120447255538,88.15768569750713,-236.76297584622918,E2obstacle2
2000.124483452068,-19.353934641400826,-116.66528792909848,E2obstacle2
2030.2492044740486,-25.70968311039222,-116.60619057961576,E2obstacle2
2049.8329954676933,-31.657505598765724,-116.4443662664648,E2obstacle2
2088.1969623303303,-41.60117276170249,-118.74936091698316,E2obstacle2
1899.3041595793597,15.547445751063172,-115.5879933253727,E2obstacle2
1926.7138210079386,9.684811553241857,-115.98745190378138,E2obstacle2
1946.2162820369917,-4.946105033115021,-115.65974336362882,E2obstacle2
1971.794051929237,-4.317131487741193,-115.95222007402772,E2obstacle2
1802.3959755526785,42.4106684580362,-114.54093453949176,E2obstacle2
1825.4776773430199,35.88809121392073,-114.73858003238917,E2obstacle2
1846.47808915386,28.593760467598862,-114.65771718931289,E2obstacle2
1873.6555891888543,17.453306354042397,-116.98768521424624,E2obstacle2
1707.9991159720328,63.599087639045095,-113.7605461071261,E2obstacle2
1761.7916107682556,46.91619229711419,-115.21958263292811,E2obstacle2
1734.5361230005642,59.56171370944545,-114.70900472564841,E2obstacle2
1779.0602295335084,47.86643390333175,-114.5142630953872,E2obstacle2
1687.1359486447914,67.4208599272036,-178.20801437006233,E2obstacle2
1688.625234471408,70.58481105725923,-122.24080477492922,E2obstacle2
1692.8912970299168,65.63406952180488,-117.31723770731074,E2obstacle2
1688.1920630065056,68.11375960721654,-148.6630748639327,E2obstacle2
1687.1863831852475,66.50047458298494,-202.643801503906,E2obstacle2
1684.9311385809622,58.928560607555625,-291.9836989782639,E2obstacle2
1685.97514702822,68.39302696056683,-262.12696648516004,E2obstacle2
1685.0648500562236,59.49036140201328,-228.80655464877483,E2obstacle2
1685.8372881423174,60.64231667164185,-324.00449706782376,E2obstacle2
1999.5454277974204,-47.087650950379405,-115.96515087396352,E2obstacle2
2026.20588887081,-55.10623513913413,-118.06512379408345,E2obstacle2
2052.4036555806224,-67.08910958953317,-119.90791501710565,E2obstacle2
2079.5441175212823,-72.15332647934456,-117.27473855555223,E2obstacle2
1899.3847941398703,-17.450642906154258,-117.62943529033997,E2obstacle2
1922.1300998193722,-31.909779992055775,-115.91731977333366,E2obstacle2
1946.4678385278933,-31.411332276896225,-115.97907391933188,E2obstacle2
1974.9482329351688,-41.01356188103245,-117.12704682502405,E2obstacle2
1802.659018479012,7.2058395765883745,-117.75963228985582,E2obstacle2
1823.4905758750263,-10.301046104938706,-114.45081159131637,E2obstacle2
1850.1708915279355,-3.4379797867091355,-117.27573753449296,E2obstacle2
1870.6781606015372,-23.48003027979685,-115.10853285816094,E2obstacle2
1756.758416859312,23.04685529722842,-114.9220600564472,E2obstacle2
1734.9531701501537,28.842189969881424,-115.67421387417737,E2obstacle2
1778.4585626667513,6.6732804412885685,-114.16319930509526,E2obstacle2
1712.1873235741764,34.865207512116825,-114.79125310051175,E2obstacle2
1685.838016125104,38.32126716389088,-171.21022259679012,E2obstacle2
1698.1279539384916,39.94332667605913,-114.04410095461604,E2obstacle2
1689.686813302041,32.552695617833145,-117.92663316359983,E2obstacle2
1685.8897448902674,35.96081125609035,-146.0545811118693,E2obstacle2
1685.906288372858,42.98215490657032,-200.5591103150672,E2obstacle2
1689.2649480801297,41.20329227569871,-267.73913254002554,E2obstacle2
1685.9256021674964,37.80121755279118,-295.8092542652979,E2obstacle2
1685.1066583124339,37.686927649537125,-227.31068105233646,E2obstacle2
1685.309288740548,41.377805183177585,-323.229814746887,E2obstacle2
1996.4706665246008,-83.5140401624691,-117.52775563579154,E2obstacle2
2029.3944436566708,-91.45707549101854,-122.72352550432454,E2obstacle2
2054.1115503025817,-98.299332051952,-118.66030721431711,E2obstacle2
2076.624616888365,-103.89996156846485,-117.48210027229774,E2obstacle2
1894.3773773735297,-51.1813671479124,-115.80753840966692,E2obstacle2
1919.569887176168,-63.1895351900115,-116.6079713972822,E2obstacle2
1952.3660352151826,-78.77292941522207,-115.92515450291444,E2obstacle2
1970.518287022922,-77.71318711546327,-117.52679922891681,E2obstacle2
1799.7372412362133,-28.86105134285924,-115.06595726932785,E2obstacle2
1824.0578046696276,-34.05073510801877,-114.9840193710854,E2obstacle2
1848.975180739675,-35.559825445767046,-116.46653713732405,E2obstacle2
1871.6883309234659,-41.240971606379084,-115.3003777507483,E2obstacle2
1758.9964279644412,-15.435809151335462,-113.87778006846861,E2obstacle2
1714.6568441656805,-4.562740225141837,-115.69785706654817,E2obstacle2
1733.0763998809075,-13.04135039696044,-114.49916459327362,E2obstacle2
1782.089177529897,-27.440086881847783,-114.4212726363217,E2obstacle2
1685.8182593648316,13.574613286509873,-174.36271352919863,E2obstacle2
1686.360688299294,4.88631302806823,-117.77043581863333,E2obstacle2
1686.7903214235025,13.989291446776793,-145.0094067661806,E2obstacle2
1696.707766475349,11.318657611038617,-114.3737028352217,E2obstacle2
1684.6335587919716,12.9885561760183,-288.7891165930331,E2obstacle2
1687.8399507201646,12.40146923902737,-205.11553728920003,E2obstacle2
1684.8767051192747,9.01040124369759,-263.31726026933444,E2obstacle2
1684.9994993482933,9.265398358179901,-234.14869126921892,E2obstacle2
1685.8226162246265,8.552546646308812,-322.26489236117726,E2obstacle2
1997.6220182527882,-115.70854634501906,-118.05142203771783,E2obstacle2
2023.0998491443836,-139.9860310162708,-116.40732241848853,E2obstacle2
2055.221379493134,-142.38622998577404,-120.18189256160582,E2obstacle2
2076.3533966671143,-142.23565079437716,-118.84780563275197,E2obstacle2
1895.121661622661,-95.98205735255104,-116.45013922339352,E2obstacle2
1924.3701194273442,-95.81258568535391,-115.7697526703665,E2obstacle2
1944.18523504057,-112.4199179737356,-116.14410286924985,E2obstacle2
1967.2334534467834,-115.33507834577327,-116.09265789516502,E2obstacle2
1801.005433798054,-53.24930161627803,-114.49915726748418,E2obstacle2
1825.0301499378334,-62.35888213183887,-117.19550286701741,E2obstacle2
1845.993318611851,-66.12955236091216,-114.91293346122137,E2obstacle2
1874.287177909988,-77.94695250879133,-117.1572646067071,E2obstacle2
1712.4013059144368,-23.46536320337694,-115.68911216241092,E2obstacle2
1778.8923710973827,-51.41665195306966,-114.31165516134783,E2obstacle2
1732.5694333883266,-32.85848640013339,-113.94671406650122,E2obstacle2
1755.7704257082132,-40.150405754932805,-115.80184400773135,E2obstacle2
1691.9321479756984,-19.20756884925619,-117.46304571571099,E2obstacle2
1687.0108314114377,-18.626095598750148,-171.0545059863673,E2obstacle2
1689.238332125976,-25.61054744538456,-118.69241317221703,E2obstacle2
1687.1776792331464,-26.27197009746739,-142.84418956403454,E2obstacle2
1685.3292488265515,-16.415345989781585,-203.71316621561857,E2obstacle2
1684.9814056401642,-20.555381724050385,-228.86913662652867,E2obstacle2
1685.0708898998191,-17.623244794632395,-293.49516819231854,E2obstacle2
1685.3031909041358,-20.681126320534133,-257.43010682976416,E2obstacle2
1685.5012582622844,-27.795860406023955,-321.61776519655615,E2obstacle2
2001.337404944884,-152.70465307869176,-117.81938351274951,E2obstacle2
2025.3395395021057,-159.84215124437728,-122.00926015567515,E2obstacle2
1892.9543891807434,-119.09098218961864,-115.48810991107987,E2obstacle2
1921.7970183776583,-125.66275208497811,-119.47033727600603,E2obstacle2
1942.100103829277,-133.0411354940195,-115.57783810271583,E2obstacle2
1965.6606041841849,-147.95483770528097,-116.00527645707125,E2obstacle2
1801.931637534048,-88.27746714256969,-114.49763535613654,E2obstacle2
1823.6307830465796,-92.35919889713026,-117.89187311408537,E2obstacle2
1850.5014800183271,-100.8967103367377,-115.3659242729087,E2obstacle2
1867.9800517496192,-114.12690115819774,-115.88322697026412,E2obstacle2
1763.4901801504254,-75.53020748499358,-114.72551001650754,E2obstacle2
1734.598314085592,-62.466267084277824,-115.26097741777771,E2obstacle2
1710.0803749030567,-66.6800590957863,-114.23794044891069,E2obstacle2
1776.9233342864245,-83.88538085592955,-114.29855469845754,E2obstacle2
1687.1936654054248,-47.75089611348874,-172.4957287333618,E2obstacle2
1688.3644613815725,-54.294312125629745,-115.5126604035994,E2obstacle2
1691.162165262987,-46.37240541192274,-121.63960334727935,E2obstacle2
1687.0503591982242,-51.01400737379344,-146.67368266700637,E2obstacle2
1686.7523776426247,-47.8079115494057,-294.8248273784284,E2obstacle2
1686.3129972102536,-48.288188755840366,-201.9519630383088,E2obstacle2
1685.9115626633802,-58.14993943709747,-259.54156933396285,E2obstacle2
1686.0990377222,-51.98957447300612,-233.80792460255307,E2obstacle2
1684.6389884780215,-48.29890443059881,-328.9180672285017,E2obstacle2
1892.8416110218473,-155.27919378820272,-117.8261341779527,E2obstacle2
1923.9240808677685,-160.27896968567507,-115.72175751763206,E2obstacle2
1796.7297263637367,-126.63587327217121,-114.35295609037084,E2obstacle2
1818.6005514454694,-131.82797788202285,-114.71355560263973,E2obstacle2
1848.302339671828,-133.21035045095235,-117.98738231398326,E2obstacle2
1872.3972394760767,-150.23551701942208,-118.97791592314655,E2obstacle2
1753.0072729333438,-112.0003832863809,-114.0136073082882,E2obstacle2
1775.1935749788197,-118.62392919920971,-117.06930519020123,E2obstacle2
1741.4705339863272,-101.94961460684851,-113.80828759555027,E2obstacle2
1713.2279626772147,-84.58170058251847,-120.02019676002557,E2obstacle2
1686.3065431884156,-81.55073510820647,-125.25042224071781,E2obstacle2
1686.1803913282224,-75.99313412712236,-175.51982625554507,E2obstacle2
1698.5955776626697,-80.16575867729104,-113.91459424314434,E2obstacle2
1687.704880412004,-87.8812140968286,-145.8172563590643,E2obstacle2
1685.8259827406262,-80.17299370225543,-297.0785522152059,E2obstacle2
1685.9669576459141,-78.44602635687527,-268.6069936931155,E2obstacle2
1685.2335476908056,-74.32115645098185,-205.15392995719193,E2obstacle2
1687.1501616965425,-76.17956774881488,-232.36336796119105,E2obstacle2
1801.4200960003132,-152.65419586124472,-118.37399270277785,E2obstacle2
1830.3177905313805,-159.3023103787766,-122.2618558217761,E2obstacle2
1728.6465477130369,-132.90085742110483,-116.21427556833204,E2obstacle2
1751.4915632276839,-131.44741207346001,-114.44467041832733,E2obstacle2
1711.1381260804371,-123.48215559582412,-114.04626356043889,E2obstacle2
1774.4744998455878,-143.0539095611353,-118.47227199924768,E2obstacle2
1686.9462899440186,-110.32902733719195,-125.7358847573128,E2obstacle2
1687.831595029027,-118.47213813405502,-179.81825239674288,E2obstacle2
1697.7481015527687,-109.0561687599363,-121.19164697926583,E2obstacle2
1687.105806539871,-111.26242955102256,-152.87967901244042,E2obstacle2
1686.0544902374875,-111.962601362896,-203.02930219724442,E2obstacle2
1686.9318979909876,-110.48914692114181,-236.9889966736226,E2obstacle2
1685.7842211852208,-108.62230014202632,-297.8737947876135,E2obstacle2
1684.7239427259399,-106.73912084569183,-268.58923947606473,E2obstacle2
1713.144397117509,-146.25699085415852,-116.84640375891905,E2obstacle2
1734.9708973428549,-161.29196932452547,-125.7629678682727,E2obstacle2
1689.4331531298126,-141.05066655120976,-113.87738300606252,E2obstacle2
1688.0273655246099,-139.58982366719619,-128.94809344707954,E2obstacle2
1687.5920301739188,-140.35211499431574,-180.32054129362254,E2obstacle2
1686.826542931093,-143.37994127763682,-160.1086625637398,E2obstacle2
1689.5125578797436,-137.98390284064442,-273.94660660809916,E2obstacle2
1685.6162681115381,-148.29390396328313,-212.5623266450723,E2obstacle2
1684.7537313572216,-141.25306780740124,-307.4296420547215,E2obstacle2
1689.7760779939172,-144.77680354078478,-245.3235526325256,E2obstacle2
