1854.0,514.0,395.0,Elobstacle2
1881.0,516.0,395.0,Elobstacle2
1911.0,509.0,395.0,Elobstacle2
1750.0,514.0,395.0,Elobstacle2
1775.0,515.0,395.0,Elobstacle2
1801.0,514.0,395.0,Elobstacle2
1827.0,514.0,395.0,Elobstacle2
1655.0,513.0,395.0,Elobstacle2
1678.0,513.0,395.0,Elobstacle2
1702.0,512.0,395.0,Elobstacle2
1725.0,515.0,395.0,Elobstacle2
1650.0,486.0,350.0,Elobstacle2
1650.0,486.0,363.0,Elobstacle2
1650.0,486.0,387.0,Elobstacle2
1650.0,510.0,395.0,Elobstacle2
1650.0,486.0,268.0,Elobstacle2
1650.0,486.0,291.0,Elobstacle2
1650.0,486.0,309.0,Elobstacle2
1650.0,486.0,326.0,Elobstacle2
1308.0096189432334,511.1935750346352,-130.0,Elobstacle4
1327.7320508075688,511.3538290724796,-130.0,Elobstacle4
1350.88268590218,501.4519052838329,-130.0,Elobstacle4
1231.3519422934605,510.4185842870421,-130.0,Elobstacle4
1250.574374157796,509.71281292110206,-130.0,Elobstacle4
1269.430780618347,510.3730669589464,-130.0,Elobstacle4
1288.287187078898,511.03332099679085,-130.0,Elobstacle4
1197.8974596215562,490.47372055837116,-157.0,Elobstacle4
1197.3974596215562,489.60769515458674,-130.0,Elobstacle4
1200.3974596215562,494.80384757729337,-130.0,Elobstacle4
1213.361561236694,509.25833024919774,-130.0,Elobstacle4
1197.3974596215562,489.60769515458674,-266.0,Elobstacle4
1197.3974596215562,489.60769515458674,-232.0,Elobstacle4
1197.3974596215562,489.60769515458674,-195.0,Elobstacle4
1878.0,418.0,395.0,Elobstacle2
1906.0,414.0,395.0,Elobstacle2
1775.0,420.0,395.0,Elobstacle2
1800.0,419.0,395.0,Elobstacle2
1825.0,420.0,395.0,Elobstacle2
1852.0,415.0,395.0,Elobstacle2
1679.0,427.0,395.0,Elobstacle2
1703.0,423.0,395.0,Elobstacle2
1726.0,424.0,395.0,Elobstacle2
1750.0,423.0,395.0,Elobstacle2
1650.0,400.0,369.0,Elobstacle2
1650.0,409.0,385.0,Elobstacle2
1650.0,409.0,395.0,Elobstacle2
1657.0,426.0,395.0,Elobstacle2
1650.0,408.0,291.0,Elobstacle2
1650.0,400.0,312.0,Elobstacle2
1650.0,404.0,331.0,Elobstacle2
1650.0,401.0,350.0,Elobstacle2
1650.0,409.0,269.0,Elobstacle2
1333.3730669589463,441.12435565298216,-130.0,Elobstacle4
1352.5954988232818,440.4185842870421,-130.0,Elobstacle4
1371.8179306876173,439.71281292110206,-130.0,Elobstacle4
1391.9063879557373,438.507041555162,-130.0,Elobstacle4
1256.9833395016046,444.8134665205268,-130.0,Elobstacle4
1275.3397459621556,444.60769515458674,-130.0,Elobstacle4
1294.562177826491,443.9019237886467,-130.0,Elobstacle4
1314.150635094611,441.8301270189222,-130.0,Elobstacle4
1182.8256628518316,448.3686027918559,-130.0,Elobstacle4
1200.6820693123827,447.29680602213136,-130.0,Elobstacle4
1219.0384757729337,447.0910346561913,-130.0,Elobstacle4
1237.7609076372692,445.51923788646684,-130.0,Elobstacle4
1165.8974596215562,435.0480947161671,-272.0,Elobstacle4
1165.8974596215562,435.0480947161671,-237.0,Elobstacle4
1165.8974596215562,435.0480947161671,-195.0,Elobstacle4
1165.8974596215562,435.0480947161671,-163.0,Elobstacle4
1165.8974596215562,435.0480947161671,-130.0,Elobstacle4
1168.3974596215562,439.3782217350893,-130.0,Elobstacle4
1824.0,612.0,395.0,Elobstacle2
1852.0,612.0,395.0,Elobstacle2
1880.0,614.0,395.0,Elobstacle2
1909.0,615.0,395.0,Elobstacle2
1721.0,604.0,395.0,Elobstacle2
1746.0,606.0,395.0,Elobstacle2
1771.0,609.0,395.0,Elobstacle2
1798.0,610.0,395.0,Elobstacle2
1650.0,573.0,395.0,Elobstacle2
1650.0,597.0,395.0,Elobstacle2
1672.0,603.0,395.0,Elobstacle2
1696.0,604.0,395.0,Elobstacle2
1650.0,573.0,325.0,Elobstacle2
1650.0,575.0,343.0,Elobstacle2
1650.0,573.0,363.0,Elobstacle2
1650.0,573.0,382.0,Elobstacle2
1650.0,574.0,267.0,Elobstacle2
1650.0,574.0,286.0,Elobstacle2
1650.0,573.0,305.0,Elobstacle2
1234.8974596215562,554.5596004384197,-137.0,Elobstacle4
1234.8974596215562,554.5596004384197,-130.0,Elobstacle4
1247.8256628518316,560.951905283833,-130.0,Elobstacle4
1234.8974596215562,554.5596004384197,-277.0,Elobstacle4
1234.8974596215562,554.5596004384197,-240.0,Elobstacle4
1234.8974596215562,554.5596004384197,-206.0,Elobstacle4
1234.8974596215562,554.5596004384197,-171.0,Elobstacle4
1916.0,365.0,395.0,Elobstacle2
1889.0,365.0,395.0,Elobstacle2
1785.0,375.0,395.0,Elobstacle2
1810.0,373.0,395.0,Elobstacle2
1836.0,369.0,395.0,Elobstacle2
1862.0,368.0,395.0,Elobstacle2
1690.0,382.0,395.0,Elobstacle2
1713.0,380.0,395.0,Elobstacle2
1737.0,376.0,395.0,Elobstacle2
1761.0,374.0,395.0,Elobstacle2
1650.0,360.0,377.0,Elobstacle2
1650.0,360.0,395.0,Elobstacle2
1650.0,364.0,395.0,Elobstacle2
1668.0,381.0,395.0,Elobstacle2
1650.0,360.0,298.0,Elobstacle2
1650.0,358.0,320.0,Elobstacle2
1650.0,360.0,337.0,Elobstacle2
1650.0,363.0,358.0,Elobstacle2
1650.0,358.0,282.0,Elobstacle2
1732.0377851638814,-510.9063879557373,80.0,Elobstacle1
1344.2557528611262,405.97372055837116,-130.0,Elobstacle4
1363.4781847254617,405.2679491924311,-130.0,Elobstacle4
1709.4852262806237,-505.9685657822283,80.0,Elobstacle1
1268.0,411.8948822334847,-130.0,Elobstacle4
1666.7820323027552,-485.93266739736606,80.0,Elobstacle1
1286.7224318643355,410.3230854637602,-130.0,Elobstacle4
1669.3801085141083,-487.43266739736606,80.0,Elobstacle1
1305.944863728671,409.61731409782016,-130.0,Elobstacle4
1690.1647182049348,-499.43266739736606,80.0,Elobstacle1
1324.6672955930064,408.0455173280957,-130.0,Elobstacle4
1666.7820323027552,-485.93266739736606,34.0,Elobstacle1
1196.2083487540115,417.5480947161671,-130.0,Elobstacle4
1666.7820323027552,-485.93266739736606,-22.0,Elobstacle1
1212.198729810778,415.24424713887373,-130.0,Elobstacle4
1666.7820323027552,-485.93266739736606,3.0,Elobstacle1
1230.555136271329,415.0384757729337,-130.0,Elobstacle4
1249.2775681356645,413.4666790032092,-130.0,Elobstacle4
1197.074374157796,417.0480947161671,-247.0,Elobstacle4
1666.7820323027552,-485.93266739736606,53.0,Elobstacle1
1197.074374157796,417.0480947161671,-208.0,Elobstacle4
1666.7820323027552,-485.93266739736606,-98.0,Elobstacle1
1196.2083487540115,417.5480947161671,-177.0,Elobstacle4
1666.7820323027552,-485.93266739736606,-67.0,Elobstacle1
1197.074374157796,417.0480947161671,-137.0,Elobstacle4
1666.7820323027552,-485.93266739736606,-125.0,Elobstacle1
1666.7820323027552,-485.93266739736606,-42.0,Elobstacle1
1666.7820323027552,-485.93266739736606,-208.0,Elobstacle1
1666.7820323027552,-485.93266739736606,-183.0,Elobstacle1
1666.7820323027552,-485.93266739736606,-152.0,Elobstacle1
1666.7820323027552,-485.93266739736606,-237.0,Elobstacle1
1666.7820323027552,-485.93266739736606,-267.0,Elobstacle1
1287.0,-488.8291723621255,-81.70175468532099,El球体
1281.0,-490.18540818712506,-90.16677408883369,El球体
1255.0,-489.34494631739153,-125.82179017134206,El球体
1263.0,-489.05662083251053,-113.31279643593628,El球体
1275.0,-489.42106184614624,-97.26720014315038,El球体
1239.0,-489.86129229187173,-162.58162351682392,El球体
1238.0,-489.4484796521002,-194.76173004806094,El球体
1246.0,-489.75285983585525,-142.91174653991465,El球体
1921.0,669.0,395.0,Elobstacle2
1808.0,658.0,395.0,Elobstacle2
1835.0,661.0,395.0,Elobstacle2
1863.0,664.0,395.0,Elobstacle2
1892.0,665.0,395.0,Elobstacle2
1705.0,648.0,395.0,Elobstacle2
1729.0,653.0,395.0,Elobstacle2
1755.0,654.0,395.0,Elobstacle2
1781.0,657.0,395.0,Elobstacle2
1650.0,618.0,384.0,Elobstacle2
1650.0,618.0,395.0,Elobstacle2
1656.0,645.0,395.0,Elobstacle2
1680.0,647.0,395.0,Elobstacle2
1650.0,618.0,310.0,Elobstacle2
1650.0,618.0,332.0,Elobstacle2
1650.0,618.0,350.0,Elobstacle2
1650.0,618.0,369.0,Elobstacle2
1650.0,619.0,273.0,Elobstacle2
1650.0,618.0,293.0,Elobstacle2
1755.2531754730549,-422.69615242270663,80.0,Elobstacle1
1779.5736835487437,-420.57179676972453,80.0,Elobstacle1
1663.7031939778685,-425.2653718043597,80.0,Elobstacle1
1709.1121593216774,-422.61473670974874,80.0,Elobstacle1
1686.1576766497728,-424.3730669589464,80.0,Elobstacle1
1731.932667397366,-423.0884572681199,80.0,Elobstacle1
1620.79422863406,-423.5858798800485,80.0,Elobstacle1
1641.1147367097487,-428.38972745734185,80.0,Elobstacle1
1578.11731409782,-425.50446416709053,80.0,Elobstacle1
1598.0717967697244,-428.9422863405995,80.0,Elobstacle1
1540.842323350227,-412.06664199358164,80.0,Elobstacle1
1558.6628314259158,-421.20061658979716,80.0,Elobstacle1
1898.0,315.0,395.0,Elobstacle2
1531.6820693123827,-407.93266739736606,68.0,Elobstacle1
1925.0,314.0,395.0,Elobstacle2
1530.8160439085982,-407.43266739736606,80.0,Elobstacle1
1531.6820693123827,-407.93266739736606,-8.0,Elobstacle1
1819.0,326.0,395.0,Elobstacle2
1530.8160439085982,-407.43266739736606,13.0,Elobstacle1
1794.0,329.0,395.0,Elobstacle2
1530.8160439085982,-407.43266739736606,42.0,Elobstacle1
1845.0,321.0,395.0,Elobstacle2
1871.0,319.0,395.0,Elobstacle2
1530.8160439085982,-407.43266739736606,-38.0,Elobstacle1
1746.0,332.0,395.0,Elobstacle2
1530.8160439085982,-407.43266739736606,-62.0,Elobstacle1
1770.0,329.0,395.0,Elobstacle2
1530.8160439085982,-407.43266739736606,-145.0,Elobstacle1
1700.0,334.0,395.0,Elobstacle2
1723.0,332.0,395.0,Elobstacle2
1650.0,338.0,395.0,Elobstacle2
1655.0,341.0,395.0,Elobstacle2
1650.0,316.0,385.0,Elobstacle2
1677.0,339.0,395.0,Elobstacle2
1650.0,316.0,328.0,Elobstacle2
1530.8160439085982,-407.43266739736606,-119.0,Elobstacle1
1650.0,316.0,346.0,Elobstacle2
1530.8160439085982,-407.43266739736606,-88.0,Elobstacle1
1650.0,317.0,365.0,Elobstacle2
1530.8160439085982,-407.43266739736606,-174.0,Elobstacle1
1650.0,316.0,308.0,Elobstacle2
1530.8160439085982,-407.43266739736606,-268.0,Elobstacle1
1530.8160439085982,-407.43266739736606,-234.0,Elobstacle1
1530.8160439085982,-407.43266739736606,-203.0,Elobstacle1
1650.0,338.0,265.0,Elobstacle2
1339.0,-441.6355061494825,-109.23344805873538,El球体
1650.0,316.0,287.0,Elobstacle2
1402.0,-423.76222157658236,-169.663381171355,El球体
1290.0,-439.2414391999484,-58.51433410679806,El球体
1248.0,-425.65027437327416,-99.19731192895424,El球体
1263.0,-425.0242517993226,-84.13156466356091,El球体
1277.0,-423.8389446372751,-70.06700902789946,El球体
1282.0,-424.0134421207876,-65.07005489280398,El球体
1215.0,-426.68030884608316,-132.46713270040462,El球体
1233.0,-425.75227902134543,-114.25114992594479,El球体
1238.0,-426.18805773508376,-109.27017643548606,El球体
1206.0,-427.44155081968523,-141.7165398455411,El球体
1192.0,-428.13920386142894,-156.36203561001707,El球体
1177.0,-429.2718385456679,-176.25393406584087,El球体
1185.0,-428.450488130146,-164.10694332853933,El球体
1354.2724133595216,371.3230854637602,-130.0,Elobstacle4
1278.5166604983954,378.11027254265815,-130.0,Elobstacle4
1297.2390923627308,376.5384757729337,-130.0,Elobstacle4
1315.9615242270663,374.96667900320915,-130.0,Elobstacle4
1334.6839560914018,373.3948822334847,-130.0,Elobstacle4
1260.29422863406,380.5480947161671,-207.0,Elobstacle4
1261.1602540378444,380.0480947161671,-167.0,Elobstacle4
1260.29422863406,380.5480947161671,-132.0,Elobstacle4
1260.29422863406,380.5480947161671,-130.0,Elobstacle4
1260.29422863406,380.5480947161671,-274.0,Elobstacle4
1260.29422863406,380.5480947161671,-236.0,Elobstacle4
1903.0,719.0,395.0,Elobstacle2
1790.0,705.0,395.0,Elobstacle2
1817.0,709.0,395.0,Elobstacle2
1845.0,712.0,395.0,Elobstacle2
1874.0,715.0,395.0,Elobstacle2
1687.0,694.0,395.0,Elobstacle2
1712.0,696.0,395.0,Elobstacle2
1737.0,700.0,395.0,Elobstacle2
1763.0,703.0,395.0,Elobstacle2
1650.0,662.0,372.0,Elobstacle2
1650.0,662.0,390.0,Elobstacle2
1650.0,662.0,395.0,Elobstacle2
1662.0,692.0,395.0,Elobstacle2
1650.0,662.0,296.0,Elobstacle2
1650.0,663.0,316.0,Elobstacle2
1650.0,662.0,335.0,Elobstacle2
1650.0,662.0,357.0,Elobstacle2
1650.0,662.0,277.0,Elobstacle2
1905.0,269.0,395.0,Elobstacle2
1853.0,271.0,395.0,Elobstacle2
1802.0,282.0,395.0,Elobstacle2
1827.0,278.0,395.0,Elobstacle2
1879.0,268.0,395.0,Elobstacle2
1731.0,287.0,395.0,Elobstacle2
1778.0,282.0,395.0,Elobstacle2
1765.6288198200727,-376.7250092524069,80.0,Elobstacle1
1708.0,290.0,395.0,Elobstacle2
1790.083302491977,-372.3686027918559,80.0,Elobstacle1
1754.0,286.0,395.0,Elobstacle2
1814.403810567666,-370.24424713887373,80.0,Elobstacle1
1663.0,299.0,395.0,Elobstacle2
1685.0,296.0,395.0,Elobstacle2
1696.8993464005753,-379.7679491924311,80.0,Elobstacle1
1650.0,274.0,390.0,Elobstacle2
1719.987803668695,-375.7775681356645,80.0,Elobstacle1
1650.0,292.0,395.0,Elobstacle2
1673.8108891324553,-383.7583302491977,80.0,Elobstacle1
1650.0,299.0,351.0,Elobstacle2
1743.4422863405994,-373.1532124826824,80.0,Elobstacle1
1650.0,274.0,316.0,Elobstacle2
1609.8134665205268,-382.6051177665153,80.0,Elobstacle1
1650.0,287.0,334.0,Elobstacle2
1587.4570600599757,-389.32754963085074,80.0,Elobstacle1
1650.0,289.0,371.0,Elobstacle2
1630.2679491924312,-385.1769145362398,80.0,Elobstacle1
1650.0,274.0,295.0,Elobstacle2
1652.9903810567666,-379.8205080756888,80.0,Elobstacle1
1506.2013071988495,-392.0666419935816,80.0,Elobstacle1
1525.7897644669695,-394.1384387633061,80.0,Elobstacle1
1650.0,274.0,276.0,Elobstacle2
1566.7346281956402,-391.219854476264,80.0,Elobstacle1
1547.2801455237359,-386.91600689897064,80.0,Elobstacle1
1472.7923418550408,-373.93266739736606,80.0,Elobstacle1
1472.7923418550408,-373.93266739736606,54.0,Elobstacle1
1471.9263164512563,-373.43266739736606,80.0,Elobstacle1
1489.8807991231606,-380.33459118601274,80.0,Elobstacle1
1471.9263164512563,-373.43266739736606,3.0,Elobstacle1
1471.9263164512563,-373.43266739736606,-49.0,Elobstacle1
1471.9263164512563,-373.43266739736606,-24.0,Elobstacle1
1471.9263164512563,-373.43266739736606,29.0,Elobstacle1
1471.9263164512563,-373.43266739736606,-166.0,Elobstacle1
1471.9263164512563,-373.43266739736606,-141.0,Elobstacle1
1471.9263164512563,-373.43266739736606,-110.0,Elobstacle1
1471.9263164512563,-373.43266739736606,-80.0,Elobstacle1
1471.9263164512563,-373.43266739736606,-196.0,Elobstacle1
1368.0,-405.34943304942794,-137.45166409803073,El球体
1471.9263164512563,-373.43266739736606,-231.0,Elobstacle1
1314.0,-407.93493500289037,-81.73793098750912,El球体
1282.0,-409.9770895840193,-65.43760971944926,El球体
1257.0,-412.15598315271075,-90.3424771717429,El球体
1272.0,-410.84864701149587,-75.39955670036672,El球体
1285.0,-407.6656413344169,-62.646416346543745,El球体
1233.0,-413.10112142433485,-114.36155490569396,El球体
1247.0,-413.02754058018735,-100.30442415266036,El球体
1209.0,-415.6098045427586,-138.23008039453254,El球体
1225.0,-413.9373491304761,-122.31773006864015,El球体
1330.4422863405994,340.0480947161671,-176.0,Elobstacle4
1173.0,-417.947879140046,-174.36184427528454,El球体
1330.4422863405994,340.0480947161671,-142.0,Elobstacle4
1184.0,-417.3406140943161,-163.20929820988266,El球体
1330.4422863405994,340.0480947161671,-130.0,Elobstacle4
1330.4422863405994,340.0480947161671,-278.0,Elobstacle4
1330.4422863405994,340.0480947161671,-243.0,Elobstacle4
1330.4422863405994,340.0480947161671,-206.0,Elobstacle4
1197.0,-414.7905546699921,-150.45576740963375,El球体
1884.0,767.0,395.0,Elobstacle2
1914.0,771.0,395.0,Elobstacle2
1771.0,752.0,395.0,Elobstacle2
1798.0,756.0,395.0,Elobstacle2
1827.0,757.0,395.0,Elobstacle2
1854.0,765.0,395.0,Elobstacle2
1668.0,738.0,395.0,Elobstacle2
1693.0,741.0,395.0,Elobstacle2
1718.0,746.0,395.0,Elobstacle2
1744.0,749.0,395.0,Elobstacle2
1650.0,707.0,358.0,Elobstacle2
1650.0,707.0,377.0,Elobstacle2
1650.0,707.0,395.0,Elobstacle2
1650.0,720.0,395.0,Elobstacle2
1650.0,707.0,283.0,Elobstacle2
1650.0,707.0,303.0,Elobstacle2
1650.0,708.0,320.0,Elobstacle2
1650.0,707.0,339.0,Elobstacle2
1912.0,213.0,395.0,Elobstacle2
1885.0,223.0,395.0,Elobstacle2
1809.0,232.0,395.0,Elobstacle2
1834.0,227.0,395.0,Elobstacle2
1859.0,226.0,395.0,Elobstacle2
1738.0,241.0,395.0,Elobstacle2
1715.0,246.0,395.0,Elobstacle2
1761.0,239.0,395.0,Elobstacle2
1785.0,234.0,395.0,Elobstacle2
1693.0,246.0,395.0,Elobstacle2
1799.0929214352104,-326.7634850253406,80.0,Elobstacle1
1650.0,245.0,395.0,Elobstacle2
1650.0,250.0,395.0,Elobstacle2
1775.138438763306,-330.25386608210715,80.0,Elobstacle1
1671.0,250.0,395.0,Elobstacle2
1752.451905283833,-327.5480947161671,80.0,Elobstacle1
1650.0,257.0,356.0,Elobstacle2
1706.2749907475932,-335.52885682970026,80.0,Elobstacle1
1650.0,257.0,375.0,Elobstacle2
1729.4974226119286,-329.3064249653648,80.0,Elobstacle1
1650.0,231.0,342.0,Elobstacle2
1683.6865334794732,-338.6532124826824,80.0,Elobstacle1
1650.0,231.0,322.0,Elobstacle2
1618.287187078898,-345.9282032302755,80.0,Elobstacle1
1662.2320508075688,-337.8134665205268,80.0,Elobstacle1
1650.0,240.0,282.0,Elobstacle2
1598.3327044069936,-342.4903810567666,80.0,Elobstacle1
1650.0,232.0,303.0,Elobstacle2
1641.2775681356645,-336.10769515458674,80.0,Elobstacle1
1536.0314342177717,-350.39934640057527,80.0,Elobstacle1
1555.6198914858917,-352.47114317029974,80.0,Elobstacle1
1576.4762979464426,-348.3467875173176,80.0,Elobstacle1
1515.6750277572207,-353.65767664977295,80.0,Elobstacle1
1477.096189432334,-354.4781847254617,80.0,Elobstacle1
1495.8186212966696,-356.0499814951862,80.0,Elobstacle1
1474.096189432334,-359.6743371481683,54.0,Elobstacle1
1474.096189432334,-359.6743371481683,80.0,Elobstacle1
1474.096189432334,-359.6743371481683,29.0,Elobstacle1
1474.096189432334,-359.6743371481683,-49.0,Elobstacle1
1474.096189432334,-359.6743371481683,-22.0,Elobstacle1
1476.096189432334,-356.2102355330306,5.0,Elobstacle1
1474.096189432334,-359.6743371481683,-108.0,Elobstacle1
1474.096189432334,-359.6743371481683,-78.0,Elobstacle1
1474.096189432334,-359.6743371481683,-164.0,Elobstacle1
1474.096189432334,-359.6743371481683,-137.0,Elobstacle1
1474.596189432334,-358.8083117443839,-258.0,Elobstacle1
1474.096189432334,-359.6743371481683,-225.0,Elobstacle1
1474.096189432334,-359.6743371481683,-197.0,Elobstacle1
1282.0,-378.78768580229047,-72.6382509528218,El球体
1305.0,-376.0724425478136,-81.3370905745991,El球体
1260.0,-380.6965016581149,-95.71337580559155,El球体
1271.0,-377.6993891201168,-84.99127240516951,El球体
1224.0,-384.12873771015927,-135.70268019695266,El球体
1246.0,-381.7000400005394,-110.90504313598774,El球体
1232.0,-382.717531637182,-126.75511712121553,El球体
1256.0,-379.5948455231803,-100.70041934723527,El球体
1213.0,-384.761955616527,-150.4317699544192,El球体
1203.0,-386.39110464610076,-167.0987538163692,El球体
1893.0,822.0,395.0,Elobstacle2
1923.0,828.0,395.0,Elobstacle2
1863.0,817.0,395.0,Elobstacle2
1751.0,797.0,395.0,Elobstacle2
1777.0,804.0,395.0,Elobstacle2
1805.0,808.0,395.0,Elobstacle2
1834.0,812.0,395.0,Elobstacle2
1650.0,778.0,395.0,Elobstacle2
1673.0,785.0,395.0,Elobstacle2
1698.0,790.0,395.0,Elobstacle2
1724.0,794.0,395.0,Elobstacle2
1650.0,753.0,341.0,Elobstacle2
1650.0,753.0,364.0,Elobstacle2
1650.0,753.0,382.0,Elobstacle2
1650.0,753.0,395.0,Elobstacle2
1650.0,753.0,265.0,Elobstacle2
1650.0,753.0,284.0,Elobstacle2
1650.0,753.0,307.0,Elobstacle2
1650.0,753.0,325.0,Elobstacle2
1917.0,162.0,395.0,Elobstacle2
1890.0,174.0,395.0,Elobstacle2
1815.0,180.0,395.0,Elobstacle2
1839.0,182.0,395.0,Elobstacle2
1865.0,170.0,395.0,Elobstacle2
1790.0,192.0,395.0,Elobstacle2
1721.0,199.0,395.0,Elobstacle2
1744.0,193.0,395.0,Elobstacle2
1767.0,190.0,395.0,Elobstacle2
1677.0,206.0,395.0,Elobstacle2
1699.0,201.0,395.0,Elobstacle2
1650.0,212.0,395.0,Elobstacle2
1655.0,215.0,395.0,Elobstacle2
1650.0,212.0,344.0,Elobstacle2
1650.0,194.0,364.0,Elobstacle2
1650.0,209.0,325.0,Elobstacle2
1650.0,216.0,381.0,Elobstacle2
1714.918584287042,-288.5577136594005,80.0,Elobstacle1
1691.6961524227067,-294.780145523736,80.0,Elobstacle1
1650.0,190.0,289.0,Elobstacle2
1737.507041555162,-285.43335800641836,80.0,Elobstacle1
1650.0,210.0,305.0,Elobstacle2
1606.074374157796,-303.0814157129579,80.0,Elobstacle1
1650.0,212.0,265.0,Elobstacle2
1627.2968060221315,-300.3230854637602,80.0,Elobstacle1
1670.7416697508022,-293.07437415779594,80.0,Elobstacle1
1648.519237886467,-297.5647552145625,80.0,Elobstacle1
1524.916697508023,-311.65063509461095,80.0,Elobstacle1
1544.505154776143,-313.7224318643355,80.0,Elobstacle1
1564.361561236694,-311.33012701892216,80.0,Elobstacle1
1585.8519422934605,-304.10769515458674,80.0,Elobstacle1
1504.9263164512563,-316.2749907475931,80.0,Elobstacle1
1497.596189432334,-318.97114317029974,38.0,Elobstacle1
1497.096189432334,-319.83716857408416,61.0,Elobstacle1
1497.096189432334,-319.83716857408416,80.0,Elobstacle1
1497.096189432334,-319.83716857408416,-14.0,Elobstacle1
1497.096189432334,-319.83716857408416,9.0,Elobstacle1
1498.096189432334,-318.10511776651526,-68.0,Elobstacle1
1497.096189432334,-319.83716857408416,-42.0,Elobstacle1
1497.096189432334,-319.83716857408416,-123.0,Elobstacle1
1497.096189432334,-319.83716857408416,-99.0,Elobstacle1
1497.096189432334,-319.83716857408416,-159.0,Elobstacle1
1497.096189432334,-319.83716857408416,-189.0,Elobstacle1
1497.096189432334,-319.83716857408416,-219.0,Elobstacle1
1497.596189432334,-318.97114317029974,-250.0,Elobstacle1
1279.0,-346.5213887530632,-95.47252701504954,El球体
1285.0,-345.74019385611916,-88.29677654807743,El球体
1259.0,-348.5025715459587,-122.10252402341496,El球体
1270.0,-347.1680015377856,-107.16800153778561,El球体
1242.0,-350.962135991067,-150.69516536330445,El球体
1251.0,-349.5516722925844,-134.2503210587377,El球体
1236.0,-351.1680805320721,-175.18680331165535,El球体
1841.0,865.0,395.0,Elobstacle2
1871.0,871.0,395.0,Elobstacle2
1901.0,877.0,395.0,Elobstacle2
1812.0,860.0,395.0,Elobstacle2
1729.0,844.0,395.0,Elobstacle2
1756.0,849.0,395.0,Elobstacle2
1784.0,854.0,395.0,Elobstacle2
1650.0,799.0,395.0,Elobstacle2
1652.0,829.0,395.0,Elobstacle2
1677.0,834.0,395.0,Elobstacle2
1702.0,840.0,395.0,Elobstacle2
1650.0,799.0,326.0,Elobstacle2
1650.0,800.0,349.0,Elobstacle2
1650.0,799.0,365.0,Elobstacle2
1650.0,800.0,385.0,Elobstacle2
1650.0,799.0,270.0,Elobstacle2
1650.0,800.0,290.0,Elobstacle2
1650.0,799.0,310.0,Elobstacle2
1921.0,115.0,395.0,Elobstacle2
1819.0,133.0,395.0,Elobstacle2
1844.0,131.0,395.0,Elobstacle2
1869.0,127.0,395.0,Elobstacle2
1894.0,124.0,395.0,Elobstacle2
1748.0,152.0,395.0,Elobstacle2
1771.0,148.0,395.0,Elobstacle2
1726.0,150.0,395.0,Elobstacle2
1795.0,138.0,395.0,Elobstacle2
1650.0,173.0,395.0,Elobstacle2
1660.0,172.0,395.0,Elobstacle2
1682.0,160.0,395.0,Elobstacle2
1703.0,163.0,395.0,Elobstacle2
1650.0,173.0,366.0,Elobstacle2
1650.0,174.0,384.0,Elobstacle2
1650.0,174.0,346.0,Elobstacle2
1650.0,168.0,328.0,Elobstacle2
1650.0,174.0,290.0,Elobstacle2
1650.0,173.0,308.0,Elobstacle2
1650.0,172.0,271.0,Elobstacle2
1634.9403995615803,-255.08399310102934,80.0,Elobstacle1
1655.3948822334846,-257.65578987075384,80.0,Elobstacle1
1677.2512886940358,-251.7993834102028,80.0,Elobstacle1
1613.450018504814,-262.3064249653648,80.0,Elobstacle1
1551.8807991231606,-272.9474411167423,80.0,Elobstacle1
1592.7275866404784,-264.19872981077805,80.0,Elobstacle1
1532.6583672588254,-272.2416697508023,80.0,Elobstacle1
1572.3711801799273,-267.4570600599758,80.0,Elobstacle1
1521.596189432334,-277.4019237886467,16.0,Elobstacle1
1521.596189432334,-277.4019237886467,42.0,Elobstacle1
1521.596189432334,-277.4019237886467,67.0,Elobstacle1
1521.596189432334,-277.4019237886467,80.0,Elobstacle1
1521.596189432334,-277.4019237886467,-10.0,Elobstacle1
1521.596189432334,-277.4019237886467,-92.0,Elobstacle1
1521.596189432334,-277.4019237886467,-64.0,Elobstacle1
1521.596189432334,-277.4019237886467,-34.0,Elobstacle1
1521.596189432334,-277.4019237886467,-121.0,Elobstacle1
1521.596189432334,-277.4019237886467,-210.0,Elobstacle1
1522.596189432334,-275.6698729810778,-178.0,Elobstacle1
1521.596189432334,-277.4019237886467,-151.0,Elobstacle1
1521.596189432334,-277.4019237886467,-240.0,Elobstacle1
1274.0,-314.96589137109993,-159.5834374947097,El球体
1281.0,-313.571831379319,-139.14605375183578,El球体
1272.0,-315.3995567003667,-189.15135298850413,El球体
1290.0,-312.4217760218543,-120.36841670970054,El球体
1818.0,913.0,395.0,Elobstacle2
1847.0,920.0,395.0,Elobstacle2
1877.0,928.0,395.0,Elobstacle2
1908.0,935.0,395.0,Elobstacle2
1733.0,895.0,395.0,Elobstacle2
1760.0,902.0,395.0,Elobstacle2
1789.0,907.0,395.0,Elobstacle2
1706.0,890.0,395.0,Elobstacle2
1650.0,846.0,385.0,Elobstacle2
1650.0,846.0,395.0,Elobstacle2
1655.0,877.0,395.0,Elobstacle2
1680.0,884.0,395.0,Elobstacle2
1650.0,846.0,308.0,Elobstacle2
1650.0,846.0,332.0,Elobstacle2
1650.0,846.0,345.0,Elobstacle2
1650.0,847.0,369.0,Elobstacle2
1650.0,846.0,269.0,Elobstacle2
1650.0,846.0,293.0,Elobstacle2
1923.0,64.0,395.0,Elobstacle2
1871.0,79.0,395.0,Elobstacle2
1822.0,92.0,395.0,Elobstacle2
1846.0,85.0,395.0,Elobstacle2
1897.0,74.0,395.0,Elobstacle2
1775.0,97.0,395.0,Elobstacle2
1729.0,113.0,395.0,Elobstacle2
1752.0,105.0,395.0,Elobstacle2
1798.0,91.0,395.0,Elobstacle2
1664.0,127.0,395.0,Elobstacle2
1707.0,114.0,395.0,Elobstacle2
1650.0,128.0,395.0,Elobstacle2
1686.0,120.0,395.0,Elobstacle2
1650.0,128.0,352.0,Elobstacle2
1650.0,128.0,369.0,Elobstacle2
1650.0,132.0,388.0,Elobstacle2
1650.0,118.0,334.0,Elobstacle2
1650.0,126.0,294.0,Elobstacle2
1650.0,128.0,314.0,Elobstacle2
1941.0,55.0,-60.0,Elobstacle3
1650.0,128.0,271.0,Elobstacle2
1892.0,54.0,-60.0,Elobstacle3
1620.2275866404784,-216.56733260263394,80.0,Elobstacle1
1917.0,48.0,-60.0,Elobstacle3
1868.0,50.0,-60.0,Elobstacle3
1847.0,55.0,-60.0,Elobstacle3
1578.8807991231606,-226.18206931238262,80.0,Elobstacle1
1847.0,55.0,-91.0,Elobstacle3
1599.3711801799273,-220.69168825561604,80.0,Elobstacle1
1847.0,55.0,-65.0,Elobstacle3
1546.096189432334,-234.96667900320918,80.0,Elobstacle1
1847.0,55.0,-149.0,Elobstacle3
1559.0243926626097,-228.57437415779592,80.0,Elobstacle1
1847.0,55.0,-121.0,Elobstacle3
1546.096189432334,-234.96667900320918,19.0,Elobstacle1
1847.0,55.0,-174.0,Elobstacle3
1546.096189432334,-234.96667900320918,44.0,Elobstacle1
1847.0,55.0,-262.0,Elobstacle3
1546.096189432334,-234.96667900320918,70.0,Elobstacle1
1847.0,55.0,-233.0,Elobstacle3
1546.096189432334,-234.96667900320918,-7.0,Elobstacle1
1847.0,55.0,-207.0,Elobstacle3
1546.096189432334,-234.96667900320918,-58.0,Elobstacle1
1546.096189432334,-234.96667900320918,-34.0,Elobstacle1
1546.096189432334,-234.96667900320918,-115.0,Elobstacle1
1546.096189432334,-234.96667900320918,-86.0,Elobstacle1
1547.096189432334,-233.2346281956403,-204.0,Elobstacle1
1546.096189432334,-234.96667900320918,-236.0,Elobstacle1
1546.096189432334,-234.96667900320918,-174.0,Elobstacle1
1546.596189432334,-234.10065359942473,-144.0,Elobstacle1
1546.096189432334,-234.96667900320918,-268.0,Elobstacle1
1915.0,992.0,395.0,Elobstacle2
1883.0,984.0,395.0,Elobstacle2
1793.0,961.0,395.0,Elobstacle2
1822.0,969.0,395.0,Elobstacle2
1853.0,975.0,395.0,Elobstacle2
1682.0,934.0,395.0,Elobstacle2
1709.0,940.0,395.0,Elobstacle2
1738.0,944.0,395.0,Elobstacle2
1764.0,954.0,395.0,Elobstacle2
1650.0,895.0,395.0,Elobstacle2
1656.0,928.0,395.0,Elobstacle2
1650.0,895.0,369.0,Elobstacle2
1650.0,895.0,391.0,Elobstacle2
1650.0,895.0,291.0,Elobstacle2
1650.0,896.0,314.0,Elobstacle2
1650.0,895.0,331.0,Elobstacle2
1650.0,895.0,352.0,Elobstacle2
1650.0,895.0,273.0,Elobstacle2
1924.0,15.0,395.0,Elobstacle2
1848.0,38.0,395.0,Elobstacle2
1824.0,37.0,395.0,Elobstacle2
1873.0,31.0,395.0,Elobstacle2
1898.0,25.0,395.0,Elobstacle2
1754.0,59.0,395.0,Elobstacle2
1800.0,44.0,395.0,Elobstacle2
1732.0,62.0,395.0,Elobstacle2
1777.0,50.0,395.0,Elobstacle2
1710.0,67.0,395.0,Elobstacle2
1650.0,84.0,395.0,Elobstacle2
1667.0,78.0,395.0,Elobstacle2
1688.0,73.0,395.0,Elobstacle2
1650.0,84.0,335.0,Elobstacle2
1572.0961894323343,-189.93335800641836,69.0,Elobstacle1
1650.0,84.0,372.0,Elobstacle2
1650.0,84.0,353.0,Elobstacle2
1572.0961894323343,-189.93335800641836,80.0,Elobstacle1
1650.0,84.0,390.0,Elobstacle2
1650.0,87.0,277.0,Elobstacle2
1572.0961894323343,-189.93335800641836,-8.0,Elobstacle1
1650.0,85.0,296.0,Elobstacle2
1572.0961894323343,-189.93335800641836,19.0,Elobstacle1
1650.0,84.0,314.0,Elobstacle2
1572.0961894323343,-189.93335800641836,44.0,Elobstacle1
1942.0,12.0,-60.0,Elobstacle3
1572.0961894323343,-189.93335800641836,-34.0,Elobstacle1
1868.0,30.0,-60.0,Elobstacle3
1572.0961894323343,-189.93335800641836,-114.0,Elobstacle1
1893.0,25.0,-60.0,Elobstacle3
1572.0961894323343,-189.93335800641836,-86.0,Elobstacle1
1917.0,19.0,-60.0,Elobstacle3
1572.0961894323343,-189.93335800641836,-58.0,Elobstacle1
1844.0,36.0,-60.0,Elobstacle3
1572.0961894323343,-189.93335800641836,-144.0,Elobstacle1
1798.0,43.0,-60.0,Elobstacle3
1572.5961894323343,-189.06733260263394,-172.0,Elobstacle1
1821.0,45.0,-60.0,Elobstacle3
1572.0961894323343,-189.93335800641836,-233.0,Elobstacle1
1775.0,53.0,-60.0,Elobstacle3
1572.0961894323343,-189.93335800641836,-266.0,Elobstacle1
1753.0,43.0,-60.0,Elobstacle3
1572.0961894323343,-189.93335800641836,-205.0,Elobstacle1
1740.0,45.0,-126.0,Elobstacle3
1740.0,49.0,-99.0,Elobstacle3
1740.0,47.0,-60.0,Elobstacle3
1740.0,53.0,-72.0,Elobstacle3
1740.0,49.0,-183.0,Elobstacle3
1740.0,48.0,-154.0,Elobstacle3
1740.0,52.0,-242.0,Elobstacle3
1740.0,54.0,-213.0,Elobstacle3
1740.0,46.0,-272.0,Elobstacle3
1888.0,1042.0,395.0,Elobstacle2
1921.0,1050.0,395.0,Elobstacle2
1767.0,1008.0,395.0,Elobstacle2
1796.0,1016.0,395.0,Elobstacle2
1828.0,1021.0,395.0,Elobstacle2
1857.0,1033.0,395.0,Elobstacle2
1657.0,978.0,395.0,Elobstacle2
1684.0,984.0,395.0,Elobstacle2
1711.0,992.0,395.0,Elobstacle2
1739.0,999.0,395.0,Elobstacle2
1650.0,944.0,391.0,Elobstacle2
1650.0,944.0,395.0,Elobstacle2
1650.0,944.0,351.0,Elobstacle2
1650.0,944.0,372.0,Elobstacle2
1650.0,944.0,293.0,Elobstacle2
1650.0,944.0,313.0,Elobstacle2
1650.0,944.0,334.0,Elobstacle2
1650.0,945.0,274.0,Elobstacle2
1941.0,-55.0,-60.0,Elobstacle3
1993.0,-53.0,-60.0,Elobstacle3
2019.0,-47.0,-60.0,Elobstacle3
1967.0,-55.0,-60.0,Elobstacle3
1892.0,-55.0,-60.0,Elobstacle3
1917.0,-55.0,-60.0,Elobstacle3
1847.0,-55.0,-60.0,Elobstacle3
1868.0,-55.0,-60.0,Elobstacle3
1847.0,-55.0,-91.0,Elobstacle3
1847.0,-55.0,-149.0,Elobstacle3
1733.0,23.0,395.0,Elobstacle2
1847.0,-55.0,-121.0,Elobstacle3
1755.0,15.0,395.0,Elobstacle2
1847.0,-55.0,-65.0,Elobstacle3
1778.0,8.0,395.0,Elobstacle2
1847.0,-55.0,-233.0,Elobstacle3
1801.0,0.0,395.0,Elobstacle2
1847.0,-55.0,-207.0,Elobstacle3
1669.0,36.0,395.0,Elobstacle2
1847.0,-55.0,-174.0,Elobstacle3
1650.0,40.0,395.0,Elobstacle2
1847.0,-55.0,-262.0,Elobstacle3
1690.0,30.0,395.0,Elobstacle2
1711.0,23.0,395.0,Elobstacle2
1650.0,40.0,373.0,Elobstacle2
1650.0,46.0,393.0,Elobstacle2
1650.0,46.0,336.0,Elobstacle2
1650.0,40.0,354.0,Elobstacle2
1942.0,-45.0,-60.0,Elobstacle3
1650.0,47.0,299.0,Elobstacle2
1650.0,40.0,278.0,Elobstacle2
1650.0,40.0,318.0,Elobstacle2
1917.0,-32.0,-60.0,Elobstacle3
1845.0,-15.0,-60.0,Elobstacle3
1868.0,-25.0,-60.0,Elobstacle3
1893.0,-26.0,-60.0,Elobstacle3
1798.0,-4.0,-60.0,Elobstacle3
1821.0,-10.0,-60.0,Elobstacle3
1753.0,10.0,-60.0,Elobstacle3
1776.0,3.0,-60.0,Elobstacle3
1740.0,14.0,-60.0,Elobstacle3
1740.0,9.0,-127.0,Elobstacle3
1740.0,20.0,-98.0,Elobstacle3
1740.0,17.0,-72.0,Elobstacle3
1740.0,17.0,-184.0,Elobstacle3
1740.0,19.0,-155.0,Elobstacle3
1740.0,18.0,-212.0,Elobstacle3
1740.0,9.0,-241.0,Elobstacle3
1740.0,17.0,-272.0,Elobstacle3
1926.0,1110.0,395.0,Elobstacle2
1861.0,1090.0,395.0,Elobstacle2
1893.0,1100.0,395.0,Elobstacle2
1740.0,1054.0,395.0,Elobstacle2
1769.0,1063.0,395.0,Elobstacle2
1799.0,1071.0,395.0,Elobstacle2
1829.0,1081.0,395.0,Elobstacle2
1657.0,1029.0,395.0,Elobstacle2
1684.0,1037.0,395.0,Elobstacle2
1650.0,994.0,395.0,Elobstacle2
1712.0,1045.0,395.0,Elobstacle2
1650.0,994.0,332.0,Elobstacle2
1650.0,995.0,352.0,Elobstacle2
1650.0,995.0,373.0,Elobstacle2
1650.0,994.0,388.0,Elobstacle2
1650.0,994.0,275.0,Elobstacle2
1650.0,994.0,292.0,Elobstacle2
1650.0,994.0,314.0,Elobstacle2
1924.0,0.0,395.0,Elobstacle2
1871.0,0.0,395.0,Elobstacle2
1650.0,0.0,395.0,Elobstacle2
1650.0,1.0,356.0,Elobstacle2
1650.0,0.0,374.0,Elobstacle2
1650.0,0.0,391.0,Elobstacle2
1650.0,2.0,337.0,Elobstacle2
1650.0,0.0,299.0,Elobstacle2
1650.0,0.0,319.0,Elobstacle2
1650.0,0.0,277.0,Elobstacle2
1798.0,-51.0,-60.0,Elobstacle3
1775.0,-40.0,-60.0,Elobstacle3
1821.0,-55.0,-60.0,Elobstacle3
1753.0,-32.0,-60.0,Elobstacle3
1740.0,-31.0,-60.0,Elobstacle3
1740.0,-31.0,-72.0,Elobstacle3
1740.0,-25.0,-128.0,Elobstacle3
1740.0,-25.0,-99.0,Elobstacle3
1740.0,-27.0,-212.0,Elobstacle3
1740.0,-34.0,-183.0,Elobstacle3
1740.0,-31.0,-154.0,Elobstacle3
1740.0,-28.0,-241.0,Elobstacle3
1740.0,-27.0,-272.0,Elobstacle3
1871.0,0.0,370.0,Elobstacle2
1873.0,0.0,395.0,Elobstacle2
1898.0,0.0,395.0,Elobstacle2
1871.0,0.0,314.0,Elobstacle2
1871.0,0.0,339.0,Elobstacle2
1871.0,0.0,297.0,Elobstacle2
1871.0,0.0,351.0,Elobstacle2
1871.0,0.0,276.0,Elobstacle2
1968.0,-7.0,-60.0,Elobstacle3
1993.0,-1.0,-60.0,Elobstacle3
1942.0,-14.0,-60.0,Elobstacle3
1896.0,1161.0,395.0,Elobstacle2
2020.0,6.0,-60.0,Elobstacle3
1930.0,1172.0,395.0,Elobstacle2
1893.0,-26.0,-60.0,Elobstacle3
1832.0,1138.0,395.0,Elobstacle2
1917.0,-20.0,-60.0,Elobstacle3
1863.0,1150.0,395.0,Elobstacle2
1844.0,-39.0,-60.0,Elobstacle3
1712.0,1099.0,395.0,Elobstacle2
1868.0,-33.0,-60.0,Elobstacle3
1741.0,1108.0,395.0,Elobstacle2
1775.0,-55.0,-60.0,Elobstacle3
1770.0,1119.0,395.0,Elobstacle2
1798.0,-51.0,-60.0,Elobstacle3
1800.0,1129.0,395.0,Elobstacle2
1821.0,-45.0,-60.0,Elobstacle3
1650.0,1045.0,395.0,Elobstacle2
1753.0,-55.0,-60.0,Elobstacle3
1656.0,1081.0,395.0,Elobstacle2
1740.0,-55.0,-72.0,Elobstacle3
1650.0,1045.0,387.0,Elobstacle2
1740.0,-55.0,-127.0,Elobstacle3
1684.0,1089.0,395.0,Elobstacle2
1740.0,-55.0,-100.0,Elobstacle3
1650.0,1045.0,313.0,Elobstacle2
1740.0,-55.0,-60.0,Elobstacle3
1650.0,1045.0,333.0,Elobstacle2
1740.0,-52.0,-183.0,Elobstacle3
1650.0,1045.0,348.0,Elobstacle2
1740.0,-54.0,-154.0,Elobstacle3
1650.0,1045.0,368.0,Elobstacle2
1740.0,-55.0,-243.0,Elobstacle3
1650.0,1045.0,274.0,Elobstacle2
1740.0,-55.0,-215.0,Elobstacle3
1650.0,1047.0,294.0,Elobstacle2
1740.0,-55.0,-275.0,Elobstacle3
1924.0,32.0,395.0,Elobstacle2
1898.0,25.0,395.0,Elobstacle2
1824.0,3.0,395.0,Elobstacle2
1848.0,10.0,395.0,Elobstacle2
1873.0,17.0,395.0,Elobstacle2
1778.0,0.0,395.0,Elobstacle2
1801.0,0.0,395.0,Elobstacle2
1733.0,0.0,395.0,Elobstacle2
1755.0,0.0,395.0,Elobstacle2
1711.0,0.0,350.0,Elobstacle2
1711.0,0.0,375.0,Elobstacle2
1711.0,0.0,393.0,Elobstacle2
1711.0,0.0,395.0,Elobstacle2
1711.0,0.0,294.0,Elobstacle2
1711.0,0.0,317.0,Elobstacle2
1711.0,0.0,338.0,Elobstacle2
1711.0,0.0,279.0,Elobstacle2
1942.0,37.0,-60.0,Elobstacle3
1967.0,44.0,-60.0,Elobstacle3
1993.0,52.0,-60.0,Elobstacle3
1868.0,20.0,-60.0,Elobstacle3
1892.0,31.0,-60.0,Elobstacle3
1917.0,30.0,-60.0,Elobstacle3
1845.0,9.0,-60.0,Elobstacle3
1798.0,-4.0,-60.0,Elobstacle3
1821.0,3.0,-60.0,Elobstacle3
1913.0,1199.0,395.0,Elobstacle2
1753.0,-17.0,-60.0,Elobstacle3
1872.0,1199.0,395.0,Elobstacle2
1776.0,-10.0,-60.0,Elobstacle3
1801.0,1186.0,395.0,Elobstacle2
1740.0,-18.0,-126.0,Elobstacle3
1835.0,1194.0,395.0,Elobstacle2
1740.0,-18.0,-98.0,Elobstacle3
1770.0,1176.0,395.0,Elobstacle2
1740.0,-12.0,-72.0,Elobstacle3
1682.0,1144.0,395.0,Elobstacle2
1740.0,-21.0,-60.0,Elobstacle3
1711.0,1154.0,395.0,Elobstacle2
1740.0,-21.0,-182.0,Elobstacle3
1741.0,1163.0,395.0,Elobstacle2
1740.0,-19.0,-154.0,Elobstacle3
1650.0,1097.0,395.0,Elobstacle2
1740.0,-20.0,-242.0,Elobstacle3
1655.0,1133.0,395.0,Elobstacle2
1740.0,-20.0,-212.0,Elobstacle3
1650.0,1097.0,366.0,Elobstacle2
1650.0,1097.0,391.0,Elobstacle2
1740.0,-20.0,-275.0,Elobstacle3
1650.0,1097.0,287.0,Elobstacle2
1650.0,1098.0,313.0,Elobstacle2
1650.0,1097.0,327.0,Elobstacle2
1650.0,1099.0,349.0,Elobstacle2
1650.0,1097.0,270.0,Elobstacle2
1922.0,84.0,395.0,Elobstacle2
1897.0,74.0,395.0,Elobstacle2
1823.0,55.0,395.0,Elobstacle2
1847.0,60.0,395.0,Elobstacle2
1872.0,66.0,395.0,Elobstacle2
1800.0,44.0,395.0,Elobstacle2
1733.0,23.0,395.0,Elobstacle2
1755.0,30.0,395.0,Elobstacle2
1777.0,37.0,395.0,Elobstacle2
1669.0,2.0,395.0,Elobstacle2
1690.0,9.0,395.0,Elobstacle2
1711.0,16.0,395.0,Elobstacle2
1650.0,0.0,395.0,Elobstacle2
1650.0,1.0,356.0,Elobstacle2
1650.0,0.0,335.0,Elobstacle2
1650.0,0.0,374.0,Elobstacle2
1650.0,0.0,391.0,Elobstacle2
1650.0,0.0,299.0,Elobstacle2
1650.0,0.0,319.0,Elobstacle2
1650.0,0.0,277.0,Elobstacle2
1775.0,36.0,-60.0,Elobstacle3
1798.0,43.0,-60.0,Elobstacle3
1821.0,50.0,-60.0,Elobstacle3
1753.0,29.0,-60.0,Elobstacle3
1740.0,25.0,-74.0,Elobstacle3
1740.0,25.0,-126.0,Elobstacle3
1740.0,25.0,-98.0,Elobstacle3
1740.0,25.0,-60.0,Elobstacle3
1740.0,27.0,-242.0,Elobstacle3
1740.0,27.0,-211.0,Elobstacle3
1740.0,27.0,-183.0,Elobstacle3
1652.0,1187.0,395.0,Elobstacle2
1740.0,25.0,-155.0,Elobstacle3
1680.0,1198.0,395.0,Elobstacle2
1740.0,28.0,-272.0,Elobstacle3
1716.0,1200.0,395.0,Elobstacle2
1754.0,1199.0,395.0,Elobstacle2
1650.0,1151.0,395.0,Elobstacle2
1650.0,1151.0,351.0,Elobstacle2
1650.0,1152.0,368.0,Elobstacle2
1650.0,1151.0,387.0,Elobstacle2
1650.0,1151.0,269.0,Elobstacle2
1650.0,1151.0,286.0,Elobstacle2
1650.0,1151.0,304.0,Elobstacle2
1650.0,1151.0,329.0,Elobstacle2
1919.0,137.0,395.0,Elobstacle2
1821.0,102.0,395.0,Elobstacle2
1845.0,107.0,395.0,Elobstacle2
1869.0,117.0,395.0,Elobstacle2
1894.0,124.0,395.0,Elobstacle2
1753.0,75.0,395.0,Elobstacle2
1775.0,87.0,395.0,Elobstacle2
1798.0,91.0,395.0,Elobstacle2
1731.0,71.0,395.0,Elobstacle2
1710.0,61.0,395.0,Elobstacle2
1650.0,40.0,395.0,Elobstacle2
1668.0,52.0,395.0,Elobstacle2
1689.0,53.0,395.0,Elobstacle2
1650.0,40.0,373.0,Elobstacle2
1650.0,40.0,389.0,Elobstacle2
1650.0,41.0,336.0,Elobstacle2
1650.0,40.0,354.0,Elobstacle2
1650.0,40.0,296.0,Elobstacle2
1650.0,40.0,318.0,Elobstacle2
1650.0,40.0,278.0,Elobstacle2
1915.0,184.0,395.0,Elobstacle2
1818.0,146.0,395.0,Elobstacle2
1866.0,164.0,395.0,Elobstacle2
1890.0,174.0,395.0,Elobstacle2
1842.0,155.0,395.0,Elobstacle2
1795.0,138.0,395.0,Elobstacle2
1729.0,113.0,395.0,Elobstacle2
1751.0,121.0,395.0,Elobstacle2
1772.0,135.0,395.0,Elobstacle2
1667.0,90.0,395.0,Elobstacle2
1687.0,97.0,395.0,Elobstacle2
1708.0,105.0,395.0,Elobstacle2
1650.0,84.0,395.0,Elobstacle2
1650.0,84.0,390.0,Elobstacle2
1650.0,84.0,335.0,Elobstacle2
1650.0,84.0,353.0,Elobstacle2
1650.0,84.0,372.0,Elobstacle2
1650.0,85.0,275.0,Elobstacle2
1650.0,85.0,296.0,Elobstacle2
1650.0,84.0,314.0,Elobstacle2
1778.576260936815,-310.29938341020284,80.0,Elobstacle1
1800.3608706276416,-320.56733260263394,80.0,Elobstacle1
1697.3038475772935,-261.06733260263394,80.0,Elobstacle1
1717.2224318643355,-272.56733260263394,80.0,Elobstacle1
1737.507041555162,-285.43335800641836,80.0,Elobstacle1
1757.7916512459885,-298.29938341020284,80.0,Elobstacle1
1658.3327044069936,-238.56733260263394,80.0,Elobstacle1
1677.2512886940358,-251.7993834102028,80.0,Elobstacle1
1620.2275866404784,-216.56733260263394,80.0,Elobstacle1
1638.7801455237359,-228.43335800641836,80.0,Elobstacle1
1601.041053161005,-207.79938341020278,80.0,Elobstacle1
1563.096189432334,-205.52181527453826,77.0,Elobstacle1
1563.096189432334,-205.52181527453826,80.0,Elobstacle1
1582.9884942777476,-195.06733260263394,80.0,Elobstacle1
1563.096189432334,-205.52181527453826,27.0,Elobstacle1
1563.596189432334,-204.65578987075384,-23.0,Elobstacle1
1563.096189432334,-205.52181527453826,1.0,Elobstacle1
1563.096189432334,-205.52181527453826,53.0,Elobstacle1
1563.096189432334,-205.52181527453826,-77.0,Elobstacle1
1563.096189432334,-205.52181527453826,-50.0,Elobstacle1
1563.596189432334,-204.65578987075384,-133.0,Elobstacle1
1563.096189432334,-205.52181527453826,-108.0,Elobstacle1
1563.096189432334,-205.52181527453826,-226.0,Elobstacle1
1563.096189432334,-205.52181527453826,-257.0,Elobstacle1
1563.096189432334,-205.52181527453826,-194.0,Elobstacle1
1563.096189432334,-205.52181527453826,-163.0,Elobstacle1
1910.0,233.0,395.0,Elobstacle2
1813.0,199.0,395.0,Elobstacle2
1837.0,203.0,395.0,Elobstacle2
1860.0,218.0,395.0,Elobstacle2
1885.0,223.0,395.0,Elobstacle2
1768.0,180.0,395.0,Elobstacle2
1791.0,185.0,395.0,Elobstacle2
1725.0,161.0,395.0,Elobstacle2
1747.0,167.0,395.0,Elobstacle2
1704.0,153.0,395.0,Elobstacle2
1650.0,128.0,395.0,Elobstacle2
1663.0,139.0,395.0,Elobstacle2
1684.0,142.0,395.0,Elobstacle2
1650.0,128.0,326.0,Elobstacle2
1650.0,128.0,352.0,Elobstacle2
1650.0,128.0,369.0,Elobstacle2
1650.0,132.0,388.0,Elobstacle2
1650.0,128.0,271.0,Elobstacle2
1650.0,128.0,290.0,Elobstacle2
1650.0,128.0,314.0,Elobstacle2
1775.138438763306,-330.25386608210715,80.0,Elobstacle1
1797.057023050348,-338.2897644669694,80.0,Elobstacle1
1818.8416327411746,-348.5577136594005,80.0,Elobstacle1
1754.3538290724796,-318.25386608210715,80.0,Elobstacle1
1733.4352447854376,-308.48591688967605,80.0,Elobstacle1
1692.9641016151377,-288.58399310102936,80.0,Elobstacle1
1713.0166604983954,-297.85194229346047,80.0,Elobstacle1
1615.6198914858917,-248.5480947161671,80.0,Elobstacle1
1634.8064249653648,-257.3160439085982,80.0,Elobstacle1
1653.992958444838,-266.08399310102936,80.0,Elobstacle1
1673.5455173280957,-276.2179676972449,80.0,Elobstacle1
1578.1128499307297,-231.51219633130484,80.0,Elobstacle1
1596.9333580064183,-238.91412011995152,80.0,Elobstacle1
1546.096189432334,-234.96667900320918,80.0,Elobstacle1
1559.9263164512563,-221.01219633130484,80.0,Elobstacle1
1546.096189432334,-234.96667900320918,44.0,Elobstacle1
1546.096189432334,-234.96667900320918,70.0,Elobstacle1
1544.596189432334,-237.5647552145625,-4.0,Elobstacle1
1546.096189432334,-234.96667900320918,19.0,Elobstacle1
1546.096189432334,-234.96667900320918,-58.0,Elobstacle1
1546.096189432334,-234.96667900320918,-86.0,Elobstacle1
1543.596189432334,-239.29680602213136,-111.0,Elobstacle1
1543.596189432334,-239.29680602213136,-32.0,Elobstacle1
1544.096189432334,-238.43078061834694,-232.0,Elobstacle1
1547.096189432334,-233.2346281956403,-204.0,Elobstacle1
1546.096189432334,-234.96667900320918,-174.0,Elobstacle1
1544.096189432334,-238.43078061834694,-141.0,Elobstacle1
1546.096189432334,-234.96667900320918,-268.0,Elobstacle1
1928.0,295.0,395.0,Elobstacle2
1903.0,283.0,395.0,Elobstacle2
1808.0,241.0,395.0,Elobstacle2
1831.0,251.0,395.0,Elobstacle2
1854.0,264.0,395.0,Elobstacle2
1878.0,275.0,395.0,Elobstacle2
1720.0,208.0,395.0,Elobstacle2
1741.0,218.0,395.0,Elobstacle2
1763.0,224.0,395.0,Elobstacle2
1785.0,234.0,395.0,Elobstacle2
1650.0,173.0,395.0,Elobstacle2
1659.0,181.0,395.0,Elobstacle2
1679.0,189.0,395.0,Elobstacle2
1700.0,194.0,395.0,Elobstacle2
1650.0,173.0,348.0,Elobstacle2
1650.0,173.0,323.0,Elobstacle2
1650.0,173.0,366.0,Elobstacle2
1650.0,174.0,384.0,Elobstacle2
1650.0,173.0,269.0,Elobstacle2
1650.0,174.0,290.0,Elobstacle2
1650.0,173.0,308.0,Elobstacle2
1765.6288198200727,-376.7250092524069,80.0,Elobstacle1
1787.5474041071147,-384.76090763726916,80.0,Elobstacle1
1684.9544826719043,-332.4570600599758,80.0,Elobstacle1
1705.007041555162,-341.7250092524069,80.0,Elobstacle1
1724.925625842204,-353.2250092524069,80.0,Elobstacle1
1745.3442101292462,-363.8589838486225,80.0,Elobstacle1
1645.849364905389,-312.1891108675446,80.0,Elobstacle1
1627.2968060221315,-300.3230854637602,80.0,Elobstacle1
1665.5358983848623,-320.0910346561913,80.0,Elobstacle1
1608.610272542658,-290.6891108675446,80.0,Elobstacle1
1536.096189432334,-252.28718707889794,80.0,Elobstacle1
1553.916697508023,-261.4211616751135,80.0,Elobstacle1
1571.7372055837118,-270.55513627132905,80.0,Elobstacle1
1589.923739063185,-281.05513627132905,80.0,Elobstacle1
1524.096189432334,-273.0717967697245,65.0,Elobstacle1
1524.096189432334,-273.0717967697245,80.0,Elobstacle1
1525.096189432334,-271.3397459621556,15.0,Elobstacle1
1525.596189432334,-270.47372055837116,39.0,Elobstacle1
1526.596189432334,-268.7416697508023,-94.0,Elobstacle1
1524.096189432334,-273.0717967697245,-66.0,Elobstacle1
1524.096189432334,-273.0717967697245,-39.0,Elobstacle1
1524.096189432334,-273.0717967697245,-11.0,Elobstacle1
1526.096189432334,-269.60769515458674,-182.0,Elobstacle1
1524.096189432334,-273.0717967697245,-213.0,Elobstacle1
1527.596189432334,-267.0096189432334,-153.0,Elobstacle1
1524.096189432334,-273.0717967697245,-123.0,Elobstacle1
1525.096189432334,-271.3397459621556,-244.0,Elobstacle1
1895.0,332.0,395.0,Elobstacle2
1920.0,344.0,395.0,Elobstacle2
1801.0,289.0,395.0,Elobstacle2
1823.0,303.0,395.0,Elobstacle2
1847.0,310.0,395.0,Elobstacle2
1870.0,325.0,395.0,Elobstacle2
1757.0,268.0,395.0,Elobstacle2
1714.0,253.0,395.0,Elobstacle2
1735.0,262.0,395.0,Elobstacle2
1778.0,282.0,395.0,Elobstacle2
1654.0,222.0,395.0,Elobstacle2
1674.0,229.0,395.0,Elobstacle2
1694.0,240.0,395.0,Elobstacle2
1650.0,218.0,395.0,Elobstacle2
1650.0,218.0,322.0,Elobstacle2
1650.0,218.0,362.0,Elobstacle2
1650.0,218.0,341.0,Elobstacle2
1650.0,219.0,379.0,Elobstacle2
1650.0,218.0,279.0,Elobstacle2
1650.0,218.0,303.0,Elobstacle2
1650.0,218.0,265.0,Elobstacle2
1776.0377851638814,-434.69615242270663,80.0,Elobstacle1
1755.2531754730549,-422.69615242270663,80.0,Elobstacle1
1695.131397208144,-386.8301270189222,80.0,Elobstacle1
1715.0499814951863,-398.3301270189222,80.0,Elobstacle1
1735.4685657822283,-408.9641016151378,80.0,Elobstacle1
1675.5788383248864,-376.69615242270663,80.0,Elobstacle1
1600.2346281956402,-333.19615242270663,80.0,Elobstacle1
1618.287187078898,-345.9282032302755,80.0,Elobstacle1
1637.4737205583713,-354.69615242270663,80.0,Elobstacle1
1656.6602540378444,-363.46410161513774,80.0,Elobstacle1
1528.7205450853164,-293.06217782649105,80.0,Elobstacle1
1582.048094716167,-322.69615242270663,80.0,Elobstacle1
1546.041053161005,-303.06217782649105,80.0,Elobstacle1
1564.361561236694,-311.33012701892216,80.0,Elobstacle1
1505.096189432334,-305.98076211353316,32.0,Elobstacle1
1505.596189432334,-305.11473670974874,53.0,Elobstacle1
1505.096189432334,-305.98076211353316,80.0,Elobstacle1
1508.096189432334,-300.7846096908265,80.0,Elobstacle1
1505.096189432334,-305.98076211353316,-46.0,Elobstacle1
1505.096189432334,-305.98076211353316,-77.0,Elobstacle1
1505.096189432334,-305.98076211353316,-21.0,Elobstacle1
1507.596189432334,-301.65063509461095,4.0,Elobstacle1
1505.096189432334,-305.98076211353316,-135.0,Elobstacle1
1505.096189432334,-305.98076211353316,-164.0,Elobstacle1
1505.096189432334,-305.98076211353316,-194.0,Elobstacle1
1505.096189432334,-305.98076211353316,-104.0,Elobstacle1
1505.096189432334,-305.98076211353316,-226.0,Elobstacle1
1505.096189432334,-305.98076211353316,-255.0,Elobstacle1
1910.0,395.0,395.0,Elobstacle2
1930.0,431.0,395.0,Elobstacle2
1885.0,385.0,395.0,Elobstacle2
1838.0,359.0,395.0,Elobstacle2
1861.0,373.0,395.0,Elobstacle2
1792.0,340.0,395.0,Elobstacle2
1815.0,348.0,395.0,Elobstacle2
1770.0,329.0,395.0,Elobstacle2
1707.0,296.0,395.0,Elobstacle2
1728.0,305.0,395.0,Elobstacle2
1749.0,315.0,395.0,Elobstacle2
1650.0,264.0,392.0,Elobstacle2
1667.0,276.0,395.0,Elobstacle2
1687.0,285.0,395.0,Elobstacle2
1650.0,264.0,395.0,Elobstacle2
1650.0,264.0,337.0,Elobstacle2
1650.0,265.0,373.0,Elobstacle2
1650.0,264.0,318.0,Elobstacle2
1743.5115057222524,-469.03332099679085,80.0,Elobstacle1
1650.0,264.0,354.0,Elobstacle2
1650.0,264.0,275.0,Elobstacle2
1650.0,264.0,296.0,Elobstacle2
1665.4711431702997,-418.20319397786864,80.0,Elobstacle1
1703.808311744384,-443.80127018922195,80.0,Elobstacle1
1723.726896031426,-455.30127018922195,80.0,Elobstacle1
1684.389727457342,-431.4352447854375,80.0,Elobstacle1
1646.418584287042,-407.20319397786864,80.0,Elobstacle1
1627.8660254037845,-395.33716857408416,80.0,Elobstacle1
1590.992958444838,-375.20319397786864,80.0,Elobstacle1
1609.1794919243112,-385.70319397786864,80.0,Elobstacle1
1520.478875334514,-333.33716857408416,80.0,Elobstacle1
1537.7993834102028,-343.33716857408416,80.0,Elobstacle1
1555.6198914858917,-352.47114317029974,80.0,Elobstacle1
1572.8064249653648,-364.70319397786864,80.0,Elobstacle1
1497.096189432334,-319.83716857408416,80.0,Elobstacle1
1503.1583672588254,-323.33716857408416,80.0,Elobstacle1
1486.096189432334,-338.8897274573418,48.0,Elobstacle1
1486.096189432334,-338.8897274573418,71.0,Elobstacle1
1487.096189432334,-337.15767664977295,-58.0,Elobstacle1
1486.596189432334,-338.0237020535574,-32.0,Elobstacle1
1486.096189432334,-338.8897274573418,-3.0,Elobstacle1
1486.096189432334,-338.8897274573418,23.0,Elobstacle1
1486.096189432334,-338.8897274573418,-147.0,Elobstacle1
1486.096189432334,-338.8897274573418,-177.0,Elobstacle1
1486.096189432334,-338.8897274573418,-116.0,Elobstacle1
1487.596189432334,-336.29165124598853,-86.0,Elobstacle1
1486.096189432334,-338.8897274573418,-268.0,Elobstacle1
1486.096189432334,-338.8897274573418,-237.0,Elobstacle1
1487.596189432334,-336.29165124598853,-206.0,Elobstacle1
1874.0,435.0,395.0,Elobstacle2
1898.0,449.0,395.0,Elobstacle2
1923.0,462.0,395.0,Elobstacle2
1732.0377851638814,-510.9063879557373,80.0,Elobstacle1
1783.0,384.0,395.0,Elobstacle2
1804.0,401.0,395.0,Elobstacle2
1827.0,411.0,395.0,Elobstacle2
1850.0,424.0,395.0,Elobstacle2
1652.7294734194975,-466.2724133595217,80.0,Elobstacle1
1719.0,352.0,395.0,Elobstacle2
1740.0,362.0,395.0,Elobstacle2
1692.3345911860126,-485.6743371481684,80.0,Elobstacle1
1761.0,374.0,395.0,Elobstacle2
1709.4852262806237,-505.9685657822283,80.0,Elobstacle1
1699.0,339.0,395.0,Elobstacle2
1672.2820323027552,-476.4063879557373,80.0,Elobstacle1
1650.0,312.0,384.0,Elobstacle2
1581.0192378864667,-414.47818472546174,80.0,Elobstacle1
1679.0,329.0,395.0,Elobstacle2
1650.0,312.0,395.0,Elobstacle2
1616.7583302491978,-438.57626093681506,80.0,Elobstacle1
1659.0,320.0,395.0,Elobstacle2
1635.3108891324553,-450.4422863405995,80.0,Elobstacle1
1650.0,312.0,307.0,Elobstacle2
1598.0717967697244,-428.9422863405995,80.0,Elobstacle1
1650.0,312.0,326.0,Elobstacle2
1545.512196331305,-393.97818472546174,80.0,Elobstacle1
1650.0,312.0,347.0,Elobstacle2
1510.8711801799273,-373.9781847254617,80.0,Elobstacle1
1650.0,312.0,367.0,Elobstacle2
1528.191688255616,-383.97818472546174,80.0,Elobstacle1
1562.698729810778,-406.2102355330306,80.0,Elobstacle1
1650.0,312.0,270.0,Elobstacle2
1474.096189432334,-359.6743371481683,80.0,Elobstacle1
1650.0,312.0,288.0,Elobstacle2
1467.596189432334,-370.93266739736606,61.0,Elobstacle1
1477.096189432334,-354.4781847254617,80.0,Elobstacle1
1494.0506721042384,-363.11215932167727,80.0,Elobstacle1
1468.096189432334,-370.0666419935816,37.0,Elobstacle1
1468.096189432334,-370.0666419935816,-44.0,Elobstacle1
1469.596189432334,-367.4685657822283,-16.0,Elobstacle1
1467.596189432334,-370.93266739736606,9.0,Elobstacle1
1468.096189432334,-370.0666419935816,-128.0,Elobstacle1
1469.596189432334,-367.4685657822283,-99.0,Elobstacle1
1467.596189432334,-370.93266739736606,-161.0,Elobstacle1
1467.596189432334,-370.93266739736606,-69.0,Elobstacle1
1467.596189432334,-370.93266739736606,-187.0,Elobstacle1
1467.596189432334,-370.93266739736606,-255.0,Elobstacle1
1469.596189432334,-367.4685657822283,-220.0,Elobstacle1
1862.0,484.0,395.0,Elobstacle2
1886.0,497.0,395.0,Elobstacle2
1911.0,509.0,395.0,Elobstacle2
1930.0,545.0,395.0,Elobstacle2
1772.0,432.0,395.0,Elobstacle2
1839.0,470.0,395.0,Elobstacle2
1794.0,444.0,395.0,Elobstacle2
1816.0,458.0,395.0,Elobstacle2
1690.0,382.0,395.0,Elobstacle2
1710.0,394.0,395.0,Elobstacle2
1730.0,408.0,395.0,Elobstacle2
1752.0,417.0,395.0,Elobstacle2
1650.0,364.0,395.0,Elobstacle2
1669.0,376.0,395.0,Elobstacle2
1650.0,360.0,377.0,Elobstacle2
1650.0,360.0,395.0,Elobstacle2
1650.0,360.0,298.0,Elobstacle2
1650.0,360.0,317.0,Elobstacle2
1650.0,360.0,337.0,Elobstacle2
1650.0,363.0,358.0,Elobstacle2
1650.0,360.0,279.0,Elobstacle2
1873.0,544.0,395.0,Elobstacle2
1896.0,562.0,395.0,Elobstacle2
1848.0,535.0,395.0,Elobstacle2
1921.0,576.0,395.0,Elobstacle2
1761.0,475.0,395.0,Elobstacle2
1781.0,493.0,395.0,Elobstacle2
1803.0,506.0,395.0,Elobstacle2
1826.0,518.0,395.0,Elobstacle2
1699.0,438.0,395.0,Elobstacle2
1325.0,-398.71087318722925,-94.61397608771232,El球体
1719.0,451.0,395.0,Elobstacle2
1352.0,-420.0,-119.0,El球体
1739.0,466.0,395.0,Elobstacle2
1281.0,-349.81459181287494,-90.16677408883369,El球体
1679.0,427.0,395.0,Elobstacle2
1285.0,-366.4291210307335,-74.8612301457726,El球体
1650.0,409.0,385.0,Elobstacle2
1650.0,409.0,395.0,Elobstacle2
1285.0,-368.27220467888884,-73.94230253669829,El球体
1659.0,418.0,395.0,Elobstacle2
1300.0,-379.50442170138103,-74.50541180581621,El球体
1650.0,411.0,366.0,Elobstacle2
1261.0,-347.9918223468161,-119.57796468946532,El球体
1650.0,409.0,284.0,Elobstacle2
1270.0,-347.1680015377856,-107.16800153778561,El球体
1650.0,409.0,308.0,Elobstacle2
1650.0,409.0,327.0,Elobstacle2
1251.0,-338.4951589928163,-159.67856076962792,El球体
1650.0,409.0,347.0,Elobstacle2
1255.0,-343.78976446696936,-136.0,El球体
1650.0,409.0,269.0,Elobstacle2
1248.0,-339.6037617170529,-189.87141681581693,El球体
1357.0,-381.80809183650007,-139.04419270932647,El球体
1381.0,-399.43079649003073,-155.4865778201927,El球体
1406.0,-418.070538509281,-173.27116812843178,El球体
1311.0,-347.87510831897214,-107.87510831897215,El球体
1290.0,-328.5931864662805,-97.69693541786043,El球体
1930.0,643.0,395.0,Elobstacle2
1290.0,-331.5212045583459,-94.55702043354334,El球体
1834.0,581.0,395.0,Elobstacle2
1334.0,-364.13856428626275,-124.13856428626275,El球体
1859.0,592.0,395.0,Elobstacle2
1276.0,-322.0314489533908,-132.21754499999057,El球体
1883.0,607.0,395.0,Elobstacle2
1282.0,-324.6606791561702,-115.6928161008641,El球体
1270.0,-317.1411579202789,-185.39060349302326,El球体
1907.0,623.0,395.0,Elobstacle2
1272.0,-317.69114319755033,-156.38013929389416,El球体
1747.0,524.0,395.0,Elobstacle2
1789.0,554.0,395.0,Elobstacle2
1812.0,565.0,395.0,Elobstacle2
1769.0,535.0,395.0,Elobstacle2
1667.0,472.0,395.0,Elobstacle2
1686.0,486.0,395.0,Elobstacle2
1727.0,509.0,395.0,Elobstacle2
1706.0,498.0,395.0,Elobstacle2
1650.0,459.0,354.0,Elobstacle2
1650.0,459.0,395.0,Elobstacle2
1650.0,459.0,374.0,Elobstacle2
1650.0,460.0,392.0,Elobstacle2
1650.0,459.0,299.0,Elobstacle2
1650.0,459.0,317.0,Elobstacle2
1650.0,459.0,332.0,Elobstacle2
1650.0,459.0,278.0,Elobstacle2
1301.0,-423.90874363068014,-68.06822737386128,El球体
1339.0,-441.6355061494825,-109.23344805873538,El球体
1289.0,-390.48552873684054,-61.623921394328434,El球体
1271.0,-374.40940073393597,-86.52541918488663,El球体
1276.0,-377.41030699466916,-79.66497097368399,El球体
1281.0,-381.00970366087375,-72.87504123040645,El球体
1248.0,-377.0765395971104,-111.30810421132949,El球体
1232.0,-366.75511712121556,-142.717531637182,El球体
1240.0,-369.2899389564932,-127.48819457527847,El球体
1256.0,-379.5948455231803,-100.70041934723527,El球体
1227.0,-362.32429824370087,-163.46175865098004,El球体
1227.0,-362.62171464221785,-197.54230228336422,El球体
1913.0,692.0,395.0,Elobstacle2
1929.0,733.0,395.0,Elobstacle2
1820.0,625.0,395.0,Elobstacle2
1841.0,644.0,395.0,Elobstacle2
1866.0,656.0,395.0,Elobstacle2
1889.0,674.0,395.0,Elobstacle2
1733.0,569.0,395.0,Elobstacle2
1753.0,585.0,395.0,Elobstacle2
1776.0,595.0,395.0,Elobstacle2
1798.0,610.0,395.0,Elobstacle2
1653.0,519.0,395.0,Elobstacle2
1673.0,529.0,395.0,Elobstacle2
1693.0,541.0,395.0,Elobstacle2
1712.0,557.0,395.0,Elobstacle2
1650.0,510.0,379.0,Elobstacle2
1650.0,510.0,395.0,Elobstacle2
1650.0,511.0,341.0,Elobstacle2
1650.0,510.0,360.0,Elobstacle2
1650.0,510.0,265.0,Elobstacle2
1650.0,510.0,304.0,Elobstacle2
1650.0,510.0,285.0,Elobstacle2
1650.0,510.0,323.0,Elobstacle2
1290.0,-439.2414391999484,-58.51433410679806,El球体
1253.0,-399.1947169784286,-96.5545675402643,El球体
1262.0,-408.422412376511,-85.70811559407441,El球体
1272.0,-416.33555284623736,-75.06396316299495,El球体
1282.0,-424.0134421207876,-65.07005489280398,El球体
1224.0,-384.12873771015927,-135.70268019695266,El球体
1232.0,-382.717531637182,-126.75511712121553,El球体
1239.0,-387.31268401875263,-115.84753025843752,El球体
1244.0,-392.4056678850119,-108.11430715971547,El球体
1205.0,-383.85985238078416,-168.257354213752,El球体
1213.0,-384.761955616527,-150.4317699544192,El球体
1894.0,742.0,395.0,Elobstacle2
1920.0,756.0,395.0,Elobstacle2
1802.0,674.0,395.0,Elobstacle2
1825.0,688.0,395.0,Elobstacle2
1847.0,707.0,395.0,Elobstacle2
1870.0,725.0,395.0,Elobstacle2
1716.0,618.0,395.0,Elobstacle2
1739.0,627.0,395.0,Elobstacle2
1757.0,648.0,395.0,Elobstacle2
1781.0,657.0,395.0,Elobstacle2
1650.0,563.0,395.0,Elobstacle2
1659.0,572.0,395.0,Elobstacle2
1677.0,589.0,395.0,Elobstacle2
1696.0,604.0,395.0,Elobstacle2
1650.0,563.0,327.0,Elobstacle2
1650.0,563.0,346.0,Elobstacle2
1650.0,563.0,366.0,Elobstacle2
1650.0,563.0,383.0,Elobstacle2
1650.0,563.0,269.0,Elobstacle2
1650.0,563.0,287.0,Elobstacle2
1650.0,563.0,303.0,Elobstacle2
1267.0,-498.8010753606722,-118.43385246743415,El球体
1256.0,-488.17795543758905,-122.79190273789798,El球体
1279.0,-509.4471771252968,-112.59671740697061,El球体
1244.0,-477.22215156175935,-128.47694331036791,El球体
1199.0,-434.5276959916655,-151.48779122597222,El球体
1210.0,-445.27476584857635,-145.21226924187727,El球体
1221.0,-455.4271875654874,-139.2456826679703,El球体
1233.0,-466.6690475583121,-133.33095244168786,El球体
1192.0,-428.13920386142894,-156.36203561001707,El球体
1177.0,-413.9818497684795,-172.01364489952707,El球体
1181.0,-417.80991748943677,-166.17236323166807,El球体
1354.2724133595216,371.3230854637602,-130.0,Elobstacle4
1368.370489570875,389.74166975080226,-130.0,Elobstacle4
1313.987803668695,349.5480947161671,-130.0,Elobstacle4
1313.987803668695,349.5480947161671,-151.0,Elobstacle4
1330.4422863405994,340.0480947161671,-130.0,Elobstacle4
1342.0044641670906,346.0743741577959,-130.0,Elobstacle4
1313.987803668695,349.5480947161671,-181.0,Elobstacle4
1313.987803668695,349.5480947161671,-256.0,Elobstacle4
1313.987803668695,349.5480947161671,-221.0,Elobstacle4
1874.0,791.0,395.0,Elobstacle2
1897.0,812.0,395.0,Elobstacle2
1922.0,830.0,395.0,Elobstacle2
1782.0,725.0,395.0,Elobstacle2
1805.0,739.0,395.0,Elobstacle2
1827.0,757.0,395.0,Elobstacle2
1287.0,-472.6045376146893,-72.14471444409998,El球体
1852.0,770.0,395.0,Elobstacle2
1702.0,657.0,395.0,Elobstacle2
1245.0,-434.88310163937047,-103.43307969108221,El球体
1720.0,676.0,395.0,Elobstacle2
1256.0,-444.5317246677129,-94.44770906148962,El球体
1742.0,688.0,395.0,Elobstacle2
1266.0,-453.8599941892412,-86.97043054219506,El球体
1762.0,706.0,395.0,Elobstacle2
1276.0,-462.58969300533084,-79.664970973684,El球体
1682.0,642.0,395.0,Elobstacle2
1233.0,-425.75227902134543,-114.25114992594479,El球体
1650.0,618.0,384.0,Elobstacle2
1650.0,618.0,395.0,Elobstacle2
1216.0,-408.97739833715065,-132.25586682552347,El球体
1663.0,628.0,395.0,Elobstacle2
1235.0,-425.92659050684074,-112.2587605297613,El球体
1650.0,618.0,332.0,Elobstacle2
1209.0,-402.25003300689065,-141.9350729444607,El球体
1650.0,618.0,350.0,Elobstacle2
1183.0,-405.271922344761,-173.74830194417163,El球体
1650.0,618.0,369.0,Elobstacle2
1650.0,618.0,310.0,Elobstacle2
1650.0,619.0,273.0,Elobstacle2
1650.0,618.0,293.0,Elobstacle2
1196.0,-399.4939033455901,-159.49390334559013,El球体
1202.0,-405.2083608390755,-148.27922745371725,El球体
1406.0044641670906,456.92562584220406,-130.0,Elobstacle4
1346.451905283833,397.7775681356645,-130.0,Elobstacle4
1363.4781847254617,405.2679491924311,-130.0,Elobstacle4
1379.7724133595216,415.4903810567666,-130.0,Elobstacle4
1394.6025403784438,431.1769145362398,-130.0,Elobstacle4
1282.8108891324553,367.5480947161671,-130.0,Elobstacle4
1302.7294734194975,356.0480947161671,-130.0,Elobstacle4
1315.9615242270663,374.96667900320915,-130.0,Elobstacle4
1333.2198544762641,378.8589838486224,-130.0,Elobstacle4
1282.8108891324553,367.5480947161671,-137.0,Elobstacle4
1283.6769145362398,367.0480947161671,-204.0,Elobstacle4
1282.8108891324553,367.5480947161671,-167.0,Elobstacle4
1282.8108891324553,367.5480947161671,-237.0,Elobstacle4
1282.8108891324553,367.5480947161671,-275.0,Elobstacle4
1853.0,839.0,395.0,Elobstacle2
1877.0,857.0,395.0,Elobstacle2
1901.0,877.0,395.0,Elobstacle2
1926.0,897.0,395.0,Elobstacle2
1764.0,768.0,395.0,Elobstacle2
1785.0,786.0,395.0,Elobstacle2
1808.0,802.0,395.0,Elobstacle2
1829.0,823.0,395.0,Elobstacle2
1683.0,703.0,395.0,Elobstacle2
1703.0,718.0,395.0,Elobstacle2
1723.0,734.0,395.0,Elobstacle2
1743.0,752.0,395.0,Elobstacle2
1650.0,674.0,395.0,Elobstacle2
1664.0,687.0,395.0,Elobstacle2
1650.0,675.0,370.0,Elobstacle2
1650.0,674.0,389.0,Elobstacle2
1650.0,674.0,293.0,Elobstacle2
1650.0,674.0,312.0,Elobstacle2
1650.0,674.0,334.0,Elobstacle2
1650.0,674.0,352.0,Elobstacle2
1650.0,674.0,274.0,Elobstacle2
1337.8993464005753,426.96410161513774,-130.0,Elobstacle4
1352.5954988232818,440.4185842870421,-130.0,Elobstacle4
1366.1935750346352,457.97114317029974,-130.0,Elobstacle4
1382.487803668695,468.1935750346352,-130.0,Elobstacle4
1277.7846096908265,380.84232335022705,-130.0,Elobstacle4
1291.980762113533,393.43078061834694,-130.0,Elobstacle4
1307.0429399400243,405.51923788646684,-130.0,Elobstacle4
1320.507041555162,420.83974596215563,-130.0,Elobstacle4
1253.3660254037845,384.5480947161671,-130.0,Elobstacle4
1253.3660254037845,384.5480947161671,-194.0,Elobstacle4
1253.3660254037845,384.5480947161671,-156.0,Elobstacle4
1260.29422863406,380.5480947161671,-130.0,Elobstacle4
1254.2320508075688,384.0480947161671,-263.0,Elobstacle4
1254.2320508075688,384.0480947161671,-226.0,Elobstacle4
1924.0,974.0,395.0,Elobstacle2
1828.0,892.0,395.0,Elobstacle2
1851.0,912.0,395.0,Elobstacle2
1875.0,932.0,395.0,Elobstacle2
1899.0,953.0,395.0,Elobstacle2
1744.0,813.0,395.0,Elobstacle2
1764.0,832.0,395.0,Elobstacle2
1787.0,847.0,395.0,Elobstacle2
1806.0,872.0,395.0,Elobstacle2
1663.0,749.0,395.0,Elobstacle2
1684.0,761.0,395.0,Elobstacle2
1703.0,779.0,395.0,Elobstacle2
1723.0,796.0,395.0,Elobstacle2
1650.0,732.0,395.0,Elobstacle2
1650.0,732.0,348.0,Elobstacle2
1650.0,732.0,370.0,Elobstacle2
1650.0,732.0,390.0,Elobstacle2
1650.0,733.0,274.0,Elobstacle2
1650.0,732.0,292.0,Elobstacle2
1650.0,732.0,314.0,Elobstacle2
1650.0,732.0,333.0,Elobstacle2
1324.1865334794732,467.21281292110206,-130.0,Elobstacle4
1339.9807621135333,476.56921938165306,-130.0,Elobstacle4
1353.944863728671,492.75575286112627,-130.0,Elobstacle4
1268.0,411.8948822334847,-130.0,Elobstacle4
1283.062177826491,423.9833395016046,-130.0,Elobstacle4
1294.562177826491,443.9019237886467,-130.0,Elobstacle4
1311.4544826719043,449.16025403784437,-130.0,Elobstacle4
1250.375644347018,409.3686027918559,-130.0,Elobstacle4
1225.6532124826824,400.5480947161671,-147.0,Elobstacle4
1224.787187078898,401.0480947161671,-130.0,Elobstacle4
1235.8134665205268,398.1461709275204,-130.0,Elobstacle4
1226.5192378864667,400.0480947161671,-219.0,Elobstacle4
1224.787187078898,401.0480947161671,-257.0,Elobstacle4
1224.787187078898,401.0480947161671,-186.0,Elobstacle4
1899.0,1022.0,395.0,Elobstacle2
1927.0,1039.0,395.0,Elobstacle2
1806.0,936.0,395.0,Elobstacle2
1830.0,954.0,395.0,Elobstacle2
1853.0,975.0,395.0,Elobstacle2
1875.0,999.0,395.0,Elobstacle2
1722.0,858.0,395.0,Elobstacle2
1742.0,878.0,395.0,Elobstacle2
1763.0,896.0,395.0,Elobstacle2
1784.0,916.0,395.0,Elobstacle2
1650.0,793.0,395.0,Elobstacle2
1662.0,808.0,395.0,Elobstacle2
1683.0,822.0,395.0,Elobstacle2
1702.0,840.0,395.0,Elobstacle2
1650.0,793.0,329.0,Elobstacle2
1650.0,793.0,351.0,Elobstacle2
1650.0,793.0,368.0,Elobstacle2
1650.0,793.0,386.0,Elobstacle2
1650.0,793.0,271.0,Elobstacle2
1650.0,793.0,291.0,Elobstacle2
1650.0,793.0,312.0,Elobstacle2
1313.4019237886466,496.5333209967908,-130.0,Elobstacle4
1327.7320508075688,511.3538290724796,-130.0,Elobstacle4
1256.9833395016046,444.8134665205268,-130.0,Elobstacle4
1269.581415712958,460.6339745962156,-130.0,Elobstacle4
1283.7775681356645,473.2224318643355,-130.0,Elobstacle4
1297.6076951545867,487.1769145362398,-130.0,Elobstacle4
1214.8948822334846,407.9141201199515,-130.0,Elobstacle4
1240.4570600599757,438.1891108675446,-130.0,Elobstacle4
1196.2083487540115,417.5480947161671,-130.0,Elobstacle4
1227.492958444838,423.7346281956403,-130.0,Elobstacle4
1197.074374157796,417.0480947161671,-247.0,Elobstacle4
1197.074374157796,417.0480947161671,-208.0,Elobstacle4
1197.074374157796,417.0480947161671,-137.0,Elobstacle4
1196.2083487540115,417.5480947161671,-177.0,Elobstacle4
1922.0,1117.0,395.0,Elobstacle2
1873.0,1069.0,395.0,Elobstacle2
1897.0,1093.0,395.0,Elobstacle2
1782.0,981.0,395.0,Elobstacle2
1805.0,1000.0,395.0,Elobstacle2
1828.0,1021.0,395.0,Elobstacle2
1851.0,1043.0,395.0,Elobstacle2
1698.0,905.0,395.0,Elobstacle2
1716.0,927.0,395.0,Elobstacle2
1738.0,944.0,395.0,Elobstacle2
1761.0,960.0,395.0,Elobstacle2
1650.0,856.0,395.0,Elobstacle2
1659.0,869.0,395.0,Elobstacle2
1679.0,885.0,395.0,Elobstacle2
1650.0,856.0,381.0,Elobstacle2
1650.0,856.0,306.0,Elobstacle2
1650.0,856.0,323.0,Elobstacle2
1650.0,856.0,346.0,Elobstacle2
1650.0,856.0,366.0,Elobstacle2
1650.0,857.0,269.0,Elobstacle2
1650.0,856.0,288.0,Elobstacle2
1299.787187078898,530.951905283833,-130.0,Elobstacle4
1244.6006535994247,477.3660254037844,-130.0,Elobstacle4
1256.8327044069936,494.5525588832577,-130.0,Elobstacle4
1271.7609076372692,504.4089653438087,-130.0,Elobstacle4
1285.5910346561914,518.363448015713,-130.0,Elobstacle4
1189.6820693123827,428.24424713887373,-130.0,Elobstacle4
1203.012196331305,441.3327044069936,-130.0,Elobstacle4
1216.3423233502272,454.4211616751135,-130.0,Elobstacle4
1229.6724503691491,467.5096189432334,-130.0,Elobstacle4
1169.361561236694,433.0480947161671,-278.0,Elobstacle4
1169.361561236694,433.0480947161671,-242.0,Elobstacle4
1169.361561236694,433.0480947161671,-169.0,Elobstacle4
1169.361561236694,433.0480947161671,-205.0,Elobstacle4
1169.361561236694,433.0480947161671,-130.0,Elobstacle4
1169.861561236694,433.9141201199516,-130.0,Elobstacle4
1895.0,1162.0,395.0,Elobstacle2
1918.0,1191.0,395.0,Elobstacle2
1845.0,1117.0,395.0,Elobstacle2
1869.0,1140.0,395.0,Elobstacle2
1756.0,1027.0,395.0,Elobstacle2
1778.0,1048.0,395.0,Elobstacle2
1799.0,1071.0,395.0,Elobstacle2
1822.0,1093.0,395.0,Elobstacle2
1672.0,952.0,395.0,Elobstacle2
1693.0,969.0,395.0,Elobstacle2
1715.0,986.0,395.0,Elobstacle2
1736.0,1005.0,395.0,Elobstacle2
1650.0,921.0,395.0,Elobstacle2
1656.0,928.0,395.0,Elobstacle2
1650.0,921.0,362.0,Elobstacle2
1650.0,922.0,381.0,Elobstacle2
1650.0,921.0,279.0,Elobstacle2
1650.0,921.0,304.0,Elobstacle2
1650.0,921.0,320.0,Elobstacle2
1650.0,921.0,343.0,Elobstacle2
1231.3519422934605,510.4185842870421,-130.0,Elobstacle4
1243.5839931010294,527.6051177665154,-130.0,Elobstacle4
1255.3160439085982,543.9256258422041,-130.0,Elobstacle4
1178.8974596215562,457.5647552145625,-130.0,Elobstacle4
1192.2275866404784,470.6532124826824,-130.0,Elobstacle4
1204.3256628518316,485.60769515458674,-130.0,Elobstacle4
1216.0577136594006,501.9282032302755,-130.0,Elobstacle4
1178.8974596215562,457.5647552145625,-240.0,Elobstacle4
1178.8974596215562,457.5647552145625,-280.0,Elobstacle4
1178.8974596215562,457.5647552145625,-206.0,Elobstacle4
1179.3974596215562,458.43078061834694,-168.0,Elobstacle4
1178.8974596215562,457.5647552145625,-133.0,Elobstacle4
1814.0,1166.0,395.0,Elobstacle2
1835.0,1194.0,395.0,Elobstacle2
1728.0,1073.0,395.0,Elobstacle2
1749.0,1095.0,395.0,Elobstacle2
1770.0,1119.0,395.0,Elobstacle2
1789.0,1146.0,395.0,Elobstacle2
1650.0,990.0,395.0,Elobstacle2
1668.0,1011.0,395.0,Elobstacle2
1687.0,1032.0,395.0,Elobstacle2
1708.0,1051.0,395.0,Elobstacle2
1650.0,989.0,395.0,Elobstacle2
1650.0,989.0,332.0,Elobstacle2
1650.0,989.0,356.0,Elobstacle2
1650.0,989.0,374.0,Elobstacle2
1650.0,989.0,276.0,Elobstacle2
1650.0,989.0,295.0,Elobstacle2
1650.0,989.0,317.0,Elobstacle2
1696.0,1123.0,395.0,Elobstacle2
1716.0,1146.0,395.0,Elobstacle2
1741.0,1163.0,395.0,Elobstacle2
1761.0,1189.0,395.0,Elobstacle2
1650.0,1061.0,395.0,Elobstacle2
1660.0,1075.0,395.0,Elobstacle2
1678.0,1099.0,395.0,Elobstacle2
1650.0,1061.0,379.0,Elobstacle2
1650.0,1061.0,303.0,Elobstacle2
1650.0,1062.0,326.0,Elobstacle2
1650.0,1061.0,340.0,Elobstacle2
1650.0,1062.0,367.0,Elobstacle2
1650.0,1061.0,267.0,Elobstacle2
1650.0,1061.0,284.0,Elobstacle2
1666.0,1167.0,395.0,Elobstacle2
1690.0,1184.0,395.0,Elobstacle2
1650.0,1137.0,395.0,Elobstacle2
1650.0,1140.0,395.0,Elobstacle2
1650.0,1137.0,357.0,Elobstacle2
1650.0,1137.0,373.0,Elobstacle2
1650.0,1137.0,272.0,Elobstacle2
1650.0,1137.0,295.0,Elobstacle2
1650.0,1138.0,314.0,Elobstacle2
1650.0,1137.0,333.0,Elobstacle2
1867.0,465.0,395.0,Elobstacle2
1894.0,466.0,395.0,Elobstacle2
1923.0,462.0,395.0,Elobstacle2
1840.0,466.0,395.0,Elobstacle2
1763.0,468.0,395.0,Elobstacle2
1788.0,467.0,395.0,Elobstacle2
1814.0,465.0,395.0,Elobstacle2
1739.0,466.0,395.0,Elobstacle2
1668.0,469.0,395.0,Elobstacle2
1691.0,468.0,395.0,Elobstacle2
1714.0,470.0,395.0,Elobstacle2
1650.0,459.0,395.0,Elobstacle2
1650.0,443.0,358.0,Elobstacle2
1650.0,459.0,374.0,Elobstacle2
1650.0,443.0,395.0,Elobstacle2
1650.0,443.0,340.0,Elobstacle2
1650.0,459.0,278.0,Elobstacle2
1650.0,443.0,302.0,Elobstacle2
1650.0,443.0,320.0,Elobstacle2
1401.1121593216774,472.4519052838329,-130.0,Elobstacle4
1379.7916512459885,475.5237020535574,-130.0,Elobstacle4
1360.069219381653,475.363448015713,-130.0,Elobstacle4
1321.124355652982,475.9089653438087,-130.0,Elobstacle4
1339.9807621135333,476.56921938165306,-130.0,Elobstacle4
1244.6006535994247,477.3660254037844,-130.0,Elobstacle4
1263.8230854637602,476.66025403784437,-130.0,Elobstacle4
1282.6794919243112,477.3205080756888,-130.0,Elobstacle4
1301.9019237886466,476.61473670974874,-130.0,Elobstacle4
1226.2442471388738,477.5717967697245,-130.0,Elobstacle4
1207.0218152745383,478.2775681356645,-130.0,Elobstacle4
1179.8974596215562,459.29680602213136,-130.0,Elobstacle4
1189.8974596215562,476.61731409782016,-130.0,Elobstacle4
1179.8974596215562,459.29680602213136,-139.0,Elobstacle4
1179.8974596215562,459.29680602213136,-173.0,Elobstacle4
1180.8974596215562,461.02885682970026,-210.0,Elobstacle4
1179.8974596215562,459.29680602213136,-246.0,Elobstacle4
1924.0,566.0,395.0,Elobstacle2
1867.0,565.0,395.0,Elobstacle2
1896.0,562.0,395.0,Elobstacle2
1840.0,562.0,395.0,Elobstacle2
1736.0,560.0,395.0,Elobstacle2
1761.0,561.0,395.0,Elobstacle2
1787.0,560.0,395.0,Elobstacle2
1813.0,562.0,395.0,Elobstacle2
1712.0,557.0,395.0,Elobstacle2
1650.0,529.0,395.0,Elobstacle2
1664.0,557.0,395.0,Elobstacle2
1687.0,559.0,395.0,Elobstacle2
1650.0,529.0,337.0,Elobstacle2
1650.0,529.0,355.0,Elobstacle2
1650.0,529.0,375.0,Elobstacle2
1650.0,529.0,394.0,Elobstacle2
1650.0,529.0,296.0,Elobstacle2
1650.0,529.0,277.0,Elobstacle2
1650.0,529.0,319.0,Elobstacle2
1299.787187078898,530.951905283833,-130.0,Elobstacle4
1275.0384757729337,544.0858798800484,-130.0,Elobstacle4
1222.3974596215562,532.9089653438086,-130.0,Elobstacle4
1236.4596374480473,543.2653718043597,-130.0,Elobstacle4
1255.3160439085982,543.9256258422041,-130.0,Elobstacle4
1215.8974596215562,521.650635094611,-180.0,Elobstacle4
1215.8974596215562,521.650635094611,-150.0,Elobstacle4
1215.8974596215562,521.650635094611,-217.0,Elobstacle4
1215.8974596215562,521.650635094611,-130.0,Elobstacle4
1215.8974596215562,521.650635094611,-250.0,Elobstacle4
1282.0,-522.4657502816623,-127.79109252995211,El球体
1288.0,-522.6138196349275,-115.8797690277822,El球体
1274.0,-522.3246088880448,-148.71622759466717,El球体
1270.0,-522.7490971767619,-172.81508320435506,El球体
1276.0,-522.426495665664,-217.2801956224979,El球体
1743.5115057222524,-469.03332099679085,80.0,Elobstacle1
1720.1909976465638,-469.4256258422041,80.0,Elobstacle1
1674.549981495186,-468.47818472546174,80.0,Elobstacle1
1698.0044641670906,-465.8538290724796,80.0,Elobstacle1
1652.7294734194975,-466.2724133595217,80.0,Elobstacle1
1613.2224318643355,-452.70061658979716,80.0,Elobstacle1
1631.2749907475932,-465.43266739736606,80.0,Elobstacle1
1595.7679491924312,-444.93266739736606,75.0,Elobstacle1
1595.7679491924312,-444.93266739736606,80.0,Elobstacle1
1595.7679491924312,-444.93266739736606,-22.0,Elobstacle1
1595.7679491924312,-444.93266739736606,4.0,Elobstacle1
1595.7679491924312,-444.93266739736606,23.0,Elobstacle1
1595.7679491924312,-444.93266739736606,46.0,Elobstacle1
1595.7679491924312,-444.93266739736606,-104.0,Elobstacle1
1595.7679491924312,-444.93266739736606,-54.0,Elobstacle1
1597.5,-445.93266739736606,-132.0,Elobstacle1
1595.7679491924312,-444.93266739736606,-77.0,Elobstacle1
1595.7679491924312,-444.93266739736606,-187.0,Elobstacle1
1595.7679491924312,-444.93266739736606,-249.0,Elobstacle1
1595.7679491924312,-444.93266739736606,-221.0,Elobstacle1
1595.7679491924312,-444.93266739736606,-161.0,Elobstacle1
1335.0,-456.61878189729947,-111.13008775700371,El球体
1288.0,-455.37697627145116,-64.2871245284727,El球体
1272.0,-455.9121150491952,-81.33227481747961,El球体
1248.0,-456.77323047890326,-107.8284715407422,El球体
1264.0,-456.3368395613435,-90.06316610702162,El球体
1285.0,-456.46400533624376,-67.77533107717187,El球体
1228.0,-457.55534999486514,-131.93134402998996,El球体
1239.0,-457.0827413935239,-118.28395434944791,El球体
1211.0,-458.1051177665153,-158.0,El球体
1218.0,-457.9003860993471,-145.87433907569823,El球体
1206.0,-458.90499796013313,-182.7205024760209,El球体
