1834.0,513.0,409.33388619399227,Elobstacle2
1863.0,509.0,408.5914461393627,Elobstacle2
1891.0,510.0,409.8755740083727,Elobstacle2
1918.0,515.0,408.8970006862262,Elobstacle2
1734.0,510.0,408.22971501552985,Elobstacle2
1758.0,511.0,408.3098859525748,Elobstacle2
1782.0,515.0,409.778114213067,Elobstacle2
1808.0,511.0,409.9988970051843,Elobstacle2
1650.0,487.0,407.3300053949665,Elobstacle2
1663.0,505.0,409.6372056565731,Elobstacle2
1684.0,510.0,409.2313562983461,Elobstacle2
1707.0,514.0,409.1014238560689,Elobstacle2
1635.6355924418708,490.0,360.0,Elobstacle2
1635.49242059274,488.0,380.0,Elobstacle2
1637.6120531499844,486.0,395.0,Elobstacle2
1636.71757059839,505.0,394.0,Elobstacle2
1635.2476387012405,494.0,280.0,Elobstacle2
1635.0348568783213,488.0,302.0,Elobstacle2
1635.710064388426,487.0,322.0,Elobstacle2
1635.3728790681512,486.0,339.0,Elobstacle2
1394.7711542150676,491.46896226813107,-131.0,Elobstacle4
1299.4474411167423,510.363448015713,-116.12666493191182,Elobstacle4
1322.5,506.29165124598853,-115.66649710543447,Elobstacle4
1341.356406460551,506.9519052838329,-115.85750581597125,Elobstacle4
1367.7031939778685,490.5858798800485,-117.2853778147875,Elobstacle4
1224.8878406783226,507.2224318643355,-116.36967500688107,Elobstacle4
1242.012196331305,508.88268590217984,-115.10091434806552,Elobstacle4
1260.5025773880714,510.9089653438087,-115.39618076083427,Elobstacle4
1281.8230854637602,507.8371685740842,-115.33638956578804,Elobstacle4
1182.1693229414668,490.316760197438,-133.0,Elobstacle4
1184.3381217015833,490.21930418784586,-131.0,Elobstacle4
1203.2634850253405,497.76794919243116,-115.11691682085876,Elobstacle4
1207.8974596215562,507.79422863405995,-117.48030748318763,Elobstacle4
1181.8470075228995,491.657549629491,-276.0,Elobstacle4
1183.0398986636105,492.1235341466669,-238.0,Elobstacle4
1182.9153832691075,489.8860220664429,-200.0,Elobstacle4
1182.4738284894036,490.1409538373669,-167.0,Elobstacle4
1860.0,407.0,409.502191708177,Elobstacle2
1886.0,418.0,409.1891215592929,Elobstacle2
1913.0,415.0,409.29367693682275,Elobstacle2
1756.0,422.0,409.6874809022352,Elobstacle2
1783.0,409.0,409.3515629898999,Elobstacle2
1807.0,419.0,408.5822886371874,Elobstacle2
1834.0,408.0,409.1242421051122,Elobstacle2
1664.0,422.0,408.57551928573696,Elobstacle2
1688.0,408.0,409.7340820572501,Elobstacle2
1708.0,422.0,409.5008923617815,Elobstacle2
1733.0,414.0,409.8453322585581,Elobstacle2
1636.0613686041545,406.0,379.0,Elobstacle2
1635.6085097017017,411.0,393.0,Elobstacle2
1635.9726987673396,428.0,394.0,Elobstacle2
1651.0,417.0,409.45294418084865,Elobstacle2
1635.18038717327,407.0,302.0,Elobstacle2
1635.2858771422018,404.0,325.0,Elobstacle2
1635.033732148272,405.0,340.0,Elobstacle2
1635.584448041587,408.0,361.0,Elobstacle2
1635.260147213935,410.0,284.0,Elobstacle2
1413.6747976329457,438.6407502903674,-130.0,Elobstacle4
1325.8108891324553,442.02627944162884,-117.04975034352967,Elobstacle4
1345.0333209967907,441.3205080756888,-117.86502268130867,Elobstacle4
1363.2557528611262,438.88268590217984,-115.00158124270577,Elobstacle4
1382.1121593216774,439.5429399400242,-115.36419286925903,Elobstacle4
1249.787187078898,444.34936490538905,-117.25741210676688,Elobstacle4
1269.7416697508022,440.9115427318801,-115.4676429457383,Elobstacle4
1289.562177826491,435.2416697508023,-115.26426273911927,Elobstacle4
1306.9544826719043,441.3660254037844,-115.03554029673055,Elobstacle4
1175.629510429125,447.9045011767181,-115.23340599803734,Elobstacle4
1195.3519422934605,448.0647552145625,-117.63379242133419,Elobstacle4
1216.1724503691491,444.1269330410536,-116.25076364031308,Elobstacle4
1230.5647552145624,445.0551362713291,-116.13151716616468,Elobstacle4
1155.5932807829063,440.9972151424396,-256.0,Elobstacle4
1154.6987213091597,444.9777909105511,-218.0,Elobstacle4
1154.495176098653,442.7859067158709,-181.0,Elobstacle4
1153.4438854506277,442.2381691161256,-142.0,Elobstacle4
1156.1840284033797,441.8108473831154,-130.0,Elobstacle4
1167.3974596215562,437.6461709275204,-116.35268569119809,Elobstacle4
1920.0,612.0,407.5945922297779,Elobstacle2
1807.0,609.0,407.42272580206145,Elobstacle2
1833.0,612.0,408.09297792192757,Elobstacle2
1860.0,612.0,408.9885877096468,Elobstacle2
1888.0,614.0,409.40113002287734,Elobstacle2
1704.0,603.0,409.7889131189324,Elobstacle2
1729.0,597.0,409.65065261654416,Elobstacle2
1754.0,602.0,409.06258235436155,Elobstacle2
1778.0,607.0,409.127257667277,Elobstacle2
1635.5427586302553,572.0,395.0,Elobstacle2
1650.0,591.0,408.6692274358542,Elobstacle2
1655.0,598.0,409.69915745954887,Elobstacle2
1682.0,597.0,407.90572509232425,Elobstacle2
1635.2521295909246,573.0,334.0,Elobstacle2
1635.5746939395083,574.0,354.0,Elobstacle2
1635.7459540001144,572.0,370.0,Elobstacle2
1635.175728639742,576.0,393.0,Elobstacle2
1637.1379106576096,572.0,277.0,Elobstacle2
1636.3742860998798,573.0,298.0,Elobstacle2
1635.3142772248705,572.0,319.0,Elobstacle2
1220.3498310798038,558.3398755395541,-130.0,Elobstacle4
1235.3974596215562,555.4256258422041,-121.6575131083448,Elobstacle4
1239.7634850253405,560.9878036686952,-115.26438349753957,Elobstacle4
1266.5531029712458,567.388783066362,-130.0,Elobstacle4
1218.3985944077037,554.8476204039266,-247.0,Elobstacle4
1218.107035537226,555.0159519962816,-210.0,Elobstacle4
1219.305925192322,554.3237727311832,-181.0,Elobstacle4
1220.1529442846124,556.1441471069992,-146.0,Elobstacle4
1896.0,360.0,409.5422312954317,Elobstacle2
1870.0,370.0,408.6499552330992,Elobstacle2
1925.0,363.0,409.06630878713975,Elobstacle2
1768.0,368.0,409.52210119461984,Elobstacle2
1792.0,364.0,409.81034309101324,Elobstacle2
1817.0,364.0,409.7414426268485,Elobstacle2
1842.0,372.0,409.9719037154524,Elobstacle2
1673.0,383.0,408.65463287037255,Elobstacle2
1698.0,380.0,407.0409455979784,Elobstacle2
1719.0,378.0,409.7437784128101,Elobstacle2
1744.0,366.0,409.5984294303936,Elobstacle2
1635.8467943010533,359.0,387.0,Elobstacle2
1635.535200020032,363.0,395.0,Elobstacle2
1650.0,360.0,409.4789019024024,Elobstacle2
1652.0,383.0,409.9565223411032,Elobstacle2
1635.3942788159898,370.0,311.0,Elobstacle2
1635.2033647123164,376.0,330.0,Elobstacle2
1635.495903541633,362.0,351.0,Elobstacle2
1635.563383148468,365.0,370.0,Elobstacle2
1637.4958201178408,359.0,274.0,Elobstacle2
1635.5522294827153,360.0,295.0,Elobstacle2
1336.6935750346352,406.87564434701784,-116.45014429494186,Elobstacle4
1359.014083110324,405.5358983848622,-116.6321587081325,Elobstacle4
1373.2724133595216,404.23205080756884,-115.03446492399276,Elobstacle4
1262.9019237886466,409.0647552145625,-115.61869148535905,Elobstacle4
1279.0262794416287,408.992958444838,-115.26775249192438,Elobstacle4
1298.480762113533,404.6891108675446,-115.78688764380277,Elobstacle4
1317.3371685740842,405.34936490538905,-115.66054565076206,Elobstacle4
1197.9403995615803,416.5480947161671,-116.25202992497039,Elobstacle4
1206.6006535994247,411.5480947161671,-116.38819108322902,Elobstacle4
1224.7250092524068,414.94039956158036,-115.01050725704651,Elobstacle4
1241.7153903091735,414.3686027918559,-117.43180440125109,Elobstacle4
1163.9576241260036,419.6882010795447,-265.0,Elobstacle4
1167.1672379401834,417.24741527837887,-223.0,Elobstacle4
1162.7427572863276,419.5839899887951,-186.0,Elobstacle4
1167.6161540005123,418.02496070320205,-153.0,Elobstacle4
1162.7770578051143,419.64340023005974,-130.0,Elobstacle4
1176.0651610956763,416.6590702655362,-130.0,Elobstacle4
1899.0,668.0,409.2060271612672,Elobstacle2
1930.0,664.0,409.82770721605493,Elobstacle2
1789.0,658.0,408.9781448649441,Elobstacle2
1815.0,656.0,409.5048734007936,Elobstacle2
1843.0,660.0,409.72104872507555,Elobstacle2
1874.0,655.0,409.77139318667105,Elobstacle2
1689.0,649.0,407.6498558629514,Elobstacle2
1709.0,651.0,409.87956094529716,Elobstacle2
1738.0,651.0,408.6136015727038,Elobstacle2
1760.0,654.0,409.9781210039197,Elobstacle2
1635.56085286518,620.0,395.0,Elobstacle2
1636.072967782671,634.0,395.0,Elobstacle2
1650.0,622.0,407.64589100025984,Elobstacle2
1663.0,647.0,409.9831457692094,Elobstacle2
1635.6934038999348,618.0,325.0,Elobstacle2
1635.4778080222563,616.0,340.0,Elobstacle2
1635.6833827033063,616.0,356.0,Elobstacle2
1635.009392892746,628.0,379.0,Elobstacle2
1651.0,617.0,250.87430321457327,Elobstacle2
1635.447004647973,618.0,286.0,Elobstacle2
1635.673628504191,616.0,303.0,Elobstacle2
1878.0,314.0,409.51357821768937,Elobstacle2
1905.0,317.0,409.8454795417028,Elobstacle2
1803.0,310.0,409.0784732050363,Elobstacle2
1777.0,331.0,409.1805107384594,Elobstacle2
1828.0,324.0,408.47442149722804,Elobstacle2
1852.0,322.0,409.82373250805495,Elobstacle2
1727.0,334.0,409.8691049345961,Elobstacle2
1753.0,332.0,409.0947381041494,Elobstacle2
1684.0,331.0,408.87392571362744,Elobstacle2
1706.0,329.0,409.6183086589776,Elobstacle2
1636.6292492194025,335.0,394.0,Elobstacle2
1650.0,328.0,408.42220229044045,Elobstacle2
1635.3258504573873,333.0,394.0,Elobstacle2
1661.0,332.0,409.89849106032693,Elobstacle2
1636.028728000173,320.0,340.0,Elobstacle2
1635.012496171897,325.0,358.0,Elobstacle2
1635.0830027559807,320.0,379.0,Elobstacle2
1636.2521214215985,326.0,320.0,Elobstacle2
1635.383937902011,325.0,282.0,Elobstacle2
1636.5853407976817,317.0,301.0,Elobstacle2
1345.7102355330305,370.492958444838,-115.48845370615204,Elobstacle4
1270.9544826719043,379.01219633130484,-117.50864295134195,Elobstacle4
1289.5429399400243,375.20834875401147,-115.1791308896504,Elobstacle4
1309.9974226119286,372.636551984287,-116.21416055798788,Elobstacle4
1327.987803668695,373.79680602213136,-116.47366208168242,Elobstacle4
1225.338457020758,384.0029222641541,-147.0,Elobstacle4
1228.3790030628725,383.26930249184886,-130.0,Elobstacle4
1243.3347823087383,381.17347201247264,-132.0,Elobstacle4
1264.624355652982,378.0480947161671,-116.82515544234782,Elobstacle4
1228.0643602193818,382.7243251006853,-250.0,Elobstacle4
1229.1188619352117,382.55077564917127,-217.0,Elobstacle4
1224.2666814219624,384.1465524727277,-169.0,Elobstacle4
1886.0,716.0,407.53363717846827,Elobstacle2
1915.0,719.0,407.52561439380264,Elobstacle2
1772.0,696.0,409.583419475576,Elobstacle2
1797.0,706.0,409.81396261150906,Elobstacle2
1827.0,708.0,409.74857567374374,Elobstacle2
1859.0,699.0,408.9982725457547,Elobstacle2
1671.0,688.0,409.72218030664544,Elobstacle2
1694.0,694.0,409.17768122478486,Elobstacle2
1720.0,699.0,408.3823304576508,Elobstacle2
1746.0,701.0,409.34219945700414,Elobstacle2
1635.7586713049443,663.0,384.0,Elobstacle2
1635.8887797175523,666.0,395.0,Elobstacle2
1650.0,664.0,408.02662703164,Elobstacle2
1650.0,684.0,408.98002234481623,Elobstacle2
1635.2644004373933,661.0,310.0,Elobstacle2
1636.143227577527,662.0,329.0,Elobstacle2
1636.1408678222385,660.0,345.0,Elobstacle2
1635.544974969786,663.0,368.0,Elobstacle2
1635.5895973654824,660.0,268.0,Elobstacle2
1636.2005199658252,661.0,291.0,Elobstacle2
1885.0,269.0,409.3940343324903,Elobstacle2
1913.0,264.0,409.21962508203995,Elobstacle2
1834.0,277.0,409.11231880213404,Elobstacle2
1787.0,270.0,409.16010719552526,Elobstacle2
1809.0,268.0,409.9713471867384,Elobstacle2
1862.0,265.0,409.3606437490283,Elobstacle2
1713.0,285.0,409.95959436986493,Elobstacle2
1761.0,284.0,409.56240529604776,Elobstacle2
1694.0,282.0,408.63015368931883,Elobstacle2
1738.0,281.0,408.52510128940094,Elobstacle2
1651.0,298.0,409.7522891759129,Elobstacle2
1670.0,295.0,408.21132839999717,Elobstacle2
1635.3364752345715,296.0,395.0,Elobstacle2
1650.0,278.0,405.79656903806307,Elobstacle2
1635.141785342119,276.0,365.0,Elobstacle2
1635.946863015768,285.0,328.0,Elobstacle2
1635.237329288018,277.0,347.0,Elobstacle2
1635.0318698562644,277.0,383.0,Elobstacle2
1636.7368337003757,289.0,307.0,Elobstacle2
1635.1983307597181,278.0,268.0,Elobstacle2
1635.4336574507352,278.0,291.0,Elobstacle2
1296.5754449912959,343.3890048072989,-130.0,Elobstacle4
1307.4374766298467,340.2025954786895,-130.0,Elobstacle4
1332.6743371481684,339.9141201199515,-115.70215562986854,Elobstacle4
1339.6025403784438,335.9141201199515,-117.5655948495134,Elobstacle4
1295.401623381627,343.35588614032974,-250.0,Elobstacle4
1295.451453589205,343.4421945916065,-212.0,Elobstacle4
1294.5066250903124,343.8057036270858,-178.0,Elobstacle4
1293.7057743971827,344.4185895373083,-150.0,Elobstacle4
1865.0,763.0,408.73133639701035,Elobstacle2
1898.0,758.0,408.1617965980912,Elobstacle2
1921.0,774.0,409.8317290160736,Elobstacle2
1751.0,750.0,409.6601140701796,Elobstacle2
1781.0,746.0,409.96262642547697,Elobstacle2
1807.0,758.0,408.5570427071565,Elobstacle2
1837.0,758.0,409.83390046920215,Elobstacle2
1652.0,733.0,408.34370768343376,Elobstacle2
1677.0,740.0,406.88722575191207,Elobstacle2
1699.0,742.0,409.8533653911958,Elobstacle2
1724.0,744.0,409.99110021164677,Elobstacle2
1635.252754741853,709.0,372.0,Elobstacle2
1636.7108079268833,706.0,389.0,Elobstacle2
1636.6295271870604,707.0,395.0,Elobstacle2
1650.0,712.0,409.68263257313413,Elobstacle2
1635.415065114377,707.0,295.0,Elobstacle2
1636.3487516355153,708.0,313.0,Elobstacle2
1635.3881205456055,705.0,329.0,Elobstacle2
1636.1464311133532,705.0,354.0,Elobstacle2
1635.6518715555933,707.0,275.0,Elobstacle2
1892.0,214.0,409.73469709800037,Elobstacle2
1918.0,210.0,409.91716790854616,Elobstacle2
1867.0,224.0,408.6092758546955,Elobstacle2
1790.0,233.0,409.7904105895586,Elobstacle2
1817.0,232.0,409.4273961851526,Elobstacle2
1842.0,219.0,408.7805172019942,Elobstacle2
1722.0,243.0,409.5700616194616,Elobstacle2
1698.0,247.0,409.02173831365394,Elobstacle2
1745.0,242.0,407.97953763982923,Elobstacle2
1768.0,220.0,409.789655192031,Elobstacle2
1676.0,253.0,409.62313260469455,Elobstacle2
1635.351929962682,248.0,395.0,Elobstacle2
1650.0,246.0,409.8803048479309,Elobstacle2
1656.0,252.0,407.94751880508096,Elobstacle2
1635.2546457039555,235.0,371.0,Elobstacle2
1635.0022400617142,238.0,390.0,Elobstacle2
1635.2563379448973,250.0,351.0,Elobstacle2
1635.043893492128,239.0,335.0,Elobstacle2
1635.2993899848898,237.0,277.0,Elobstacle2
1635.874737965293,257.0,293.0,Elobstacle2
1635.6185017711837,259.0,313.0,Elobstacle2
1873.0,817.0,409.9277446495022,Elobstacle2
1902.0,825.0,408.68746196323036,Elobstacle2
1842.0,815.0,409.54163977800886,Elobstacle2
1734.0,791.0,409.82434509701784,Elobstacle2
1760.0,801.0,407.5931327471844,Elobstacle2
1786.0,803.0,409.7877144667592,Elobstacle2
1815.0,806.0,409.50998355093316,Elobstacle2
1650.0,754.0,408.3030323050052,Elobstacle2
1656.0,778.0,409.79383461670324,Elobstacle2
1682.0,783.0,408.5583112978235,Elobstacle2
1704.0,792.0,409.0308143378808,Elobstacle2
1636.389696594921,751.0,357.0,Elobstacle2
1636.9383951659092,754.0,374.0,Elobstacle2
1635.4225063173026,750.0,394.0,Elobstacle2
1635.4297582351824,760.0,395.0,Elobstacle2
1635.7509475719717,752.0,276.0,Elobstacle2
1636.0652516276484,751.0,296.0,Elobstacle2
1635.4907687073999,751.0,309.0,Elobstacle2
1635.3321078761421,753.0,337.0,Elobstacle2
1924.0,162.0,409.68461634269846,Elobstacle2
1897.0,164.0,409.63864972308204,Elobstacle2
1871.0,165.0,409.59256662557544,Elobstacle2
1796.0,184.0,409.9433974276324,Elobstacle2
1820.0,183.0,409.87941771567796,Elobstacle2
1845.0,179.0,409.61561253000656,Elobstacle2
1774.0,181.0,408.90011129564766,Elobstacle2
1704.0,196.0,409.7543961081819,Elobstacle2
1725.0,201.0,409.645206403449,Elobstacle2
1749.0,198.0,409.29688918938245,Elobstacle2
1660.0,206.0,409.7923947199589,Elobstacle2
1683.0,209.0,409.81052800190207,Elobstacle2
1638.1726748284823,218.0,395.0,Elobstacle2
1650.0,209.0,407.78632620660386,Elobstacle2
1635.2902481741544,209.0,358.0,Elobstacle2
1635.3278030558213,208.0,376.0,Elobstacle2
1635.3023677481738,218.0,334.0,Elobstacle2
1635.1976332081413,200.0,395.0,Elobstacle2
1635.1667174465056,203.0,300.0,Elobstacle2
1636.1632364782556,201.0,320.0,Elobstacle2
1635.573780201405,218.0,279.0,Elobstacle2
1821.0,858.0,409.8714446950562,Elobstacle2
1854.0,862.0,409.23515855205164,Elobstacle2
1881.0,873.0,409.5554457760047,Elobstacle2
1912.0,879.0,409.955859770373,Elobstacle2
1795.0,850.0,409.56700885586673,Elobstacle2
1714.0,835.0,409.5721528616683,Elobstacle2
1740.0,841.0,408.4255157171557,Elobstacle2
1766.0,851.0,409.82845740717954,Elobstacle2
1636.9229411647698,805.0,395.0,Elobstacle2
1651.0,799.0,409.4300115801184,Elobstacle2
1664.0,823.0,409.5513863431235,Elobstacle2
1685.0,833.0,408.69963100691757,Elobstacle2
1635.2645643556473,804.0,339.0,Elobstacle2
1635.1027045030523,799.0,356.0,Elobstacle2
1637.1756024513174,799.0,375.0,Elobstacle2
1635.74567045757,797.0,393.0,Elobstacle2
1635.6825545509919,797.0,274.0,Elobstacle2
1636.6527156894492,797.0,298.0,Elobstacle2
1636.0323238279107,797.0,322.0,Elobstacle2
1902.0,110.0,409.2287318907186,Elobstacle2
1928.0,108.0,409.0147407665263,Elobstacle2
1802.0,121.0,409.7937515518203,Elobstacle2
1825.0,123.0,409.75597610941895,Elobstacle2
1849.0,130.0,409.84688148986237,Elobstacle2
1874.0,126.0,409.5286990404642,Elobstacle2
1732.0,141.0,408.80955112272653,Elobstacle2
1754.0,134.0,409.9867933991919,Elobstacle2
1709.0,155.0,409.5614993751819,Elobstacle2
1778.0,144.0,409.3873221404341,Elobstacle2
1641.3293632957404,168.0,394.0,Elobstacle2
1650.0,166.0,409.4819835931348,Elobstacle2
1665.0,171.0,409.42972509987436,Elobstacle2
1689.0,153.0,408.33449607530514,Elobstacle2
1635.4396223603574,165.0,381.0,Elobstacle2
1635.2506625580809,160.0,395.0,Elobstacle2
1635.2919108402752,169.0,361.0,Elobstacle2
1635.722623547272,177.0,342.0,Elobstacle2
1636.4392350272033,155.0,266.0,Elobstacle2
1635.083388555068,158.0,306.0,Elobstacle2
1635.0134974141122,175.0,324.0,Elobstacle2
1635.1865018488857,164.0,285.0,Elobstacle2
2000.0,69.98418065416473,-150.0,Elobstacle3
1997.0,69.72806146032738,-129.0,Elobstacle3
1996.0,69.83297520194544,-201.0,Elobstacle3
1998.0,69.43423853035127,-177.0,Elobstacle3
1999.0,69.20034460260052,-261.0,Elobstacle3
1995.0,69.94254533521587,-246.0,Elobstacle3
1918.0,936.0,409.5113916052375,Elobstacle2
1796.0,909.0,409.19630350582304,Elobstacle2
1831.0,905.0,409.99569519261604,Elobstacle2
1855.0,922.0,409.8821994147239,Elobstacle2
1889.0,930.0,407.6720149415925,Elobstacle2
1715.0,887.0,409.9381427724024,Elobstacle2
1741.0,896.0,409.66788306159947,Elobstacle2
1770.0,896.0,409.7956154501923,Elobstacle2
1689.0,882.0,408.3257422102213,Elobstacle2
1636.2908209779027,844.0,395.0,Elobstacle2
1637.5244457757487,857.0,395.0,Elobstacle2
1650.0,852.0,407.6217386808674,Elobstacle2
1665.0,873.0,409.9115185840201,Elobstacle2
1635.439103874351,845.0,321.0,Elobstacle2
1638.1848436283067,844.0,340.0,Elobstacle2
1635.170181803803,847.0,362.0,Elobstacle2
1635.0898689413953,845.0,381.0,Elobstacle2
1636.6940349090316,844.0,281.0,Elobstacle2
1635.0368589315324,853.0,301.0,Elobstacle2
1903.0,63.0,409.80989331994255,Elobstacle2
1930.0,48.0,409.8520081392639,Elobstacle2
1852.0,77.0,409.37244489523096,Elobstacle2
1803.0,96.0,409.5961308186787,Elobstacle2
1827.0,89.0,409.54115321884154,Elobstacle2
1877.0,75.0,409.28289257933136,Elobstacle2
1758.0,94.0,409.48883982530333,Elobstacle2
1711.0,113.0,409.8173945693759,Elobstacle2
1735.0,95.0,408.9104043379596,Elobstacle2
1780.0,102.0,409.9973840098439,Elobstacle2
1650.0,129.0,408.4719773606354,Elobstacle2
1691.0,103.0,409.9400794307151,Elobstacle2
1650.0,127.0,406.2621152447854,Elobstacle2
1671.0,124.0,409.8065071769961,Elobstacle2
1635.200884685659,115.0,365.0,Elobstacle2
1635.2375876684764,124.0,384.0,Elobstacle2
1636.4621572713284,135.0,395.0,Elobstacle2
1635.2411035237699,129.0,345.0,Elobstacle2
1635.1620324931912,117.0,309.0,Elobstacle2
1636.0482734975762,123.0,328.0,Elobstacle2
1635.2717179771876,123.0,269.0,Elobstacle2
1635.7476257670132,119.0,288.0,Elobstacle2
1880.0,48.0,-45.158717042008945,Elobstacle3
1903.0,45.0,-45.95042476069926,Elobstacle3
1857.0,55.0,-46.670130295672436,Elobstacle3
1851.0,54.0,-45.152082927330696,Elobstacle3
1801.0,69.43145804204764,-60.0,Elobstacle3
1821.0,68.57957817079439,-61.0,Elobstacle3
1787.0,69.77041472528909,-95.0,Elobstacle3
1791.0,68.98725472950434,-62.0,Elobstacle3
1787.0,69.76650672273135,-111.0,Elobstacle3
1793.0,69.62874854391544,-197.0,Elobstacle3
1790.0,69.24893508442841,-163.0,Elobstacle3
1790.0,69.84106736117786,-135.0,Elobstacle3
1790.0,69.89947134155263,-253.0,Elobstacle3
1789.0,69.89154455127692,-218.0,Elobstacle3
1894.0,985.0,408.5897961177571,Elobstacle2
1927.0,995.0,407.81141924496455,Elobstacle2
1773.0,951.0,409.8916191897112,Elobstacle2
1801.0,962.0,409.60096405415607,Elobstacle2
1834.0,968.0,408.55410350166403,Elobstacle2
1860.0,979.0,409.3951468932929,Elobstacle2
1665.0,924.0,409.7537315203251,Elobstacle2
1692.0,932.0,409.2804611496426,Elobstacle2
1720.0,937.0,409.5143447176749,Elobstacle2
1745.0,950.0,408.87362169946016,Elobstacle2
1651.0,896.0,408.73925222804513,Elobstacle2
1650.0,909.0,408.1585180569808,Elobstacle2
1636.0048146213187,892.0,382.0,Elobstacle2
1636.06499117287,891.0,392.0,Elobstacle2
1635.483547754695,895.0,303.0,Elobstacle2
1635.2882227409223,896.0,322.0,Elobstacle2
1636.5443918455007,894.0,343.0,Elobstacle2
1635.772583198791,895.0,358.0,Elobstacle2
1635.6043908277998,892.0,284.0,Elobstacle2
1930.0,17.0,409.4263480268945,Elobstacle2
1905.0,23.0,408.45989386817985,Elobstacle2
1832.0,41.0,407.2903972793445,Elobstacle2
1805.0,38.0,409.70908700505936,Elobstacle2
1856.0,35.0,408.8867622346617,Elobstacle2
1879.0,22.0,409.24552605079174,Elobstacle2
1737.0,61.0,409.94734060017197,Elobstacle2
1782.0,36.0,409.54037683746446,Elobstacle2
1714.0,60.0,409.5000912137956,Elobstacle2
1761.0,57.0,408.4862934295607,Elobstacle2
1692.0,72.0,409.6202389407422,Elobstacle2
1650.0,83.0,407.17589596216806,Elobstacle2
1651.0,83.0,409.51068431322574,Elobstacle2
1671.0,78.0,409.8985487547368,Elobstacle2
1635.6632427557374,92.0,347.0,Elobstacle2
1635.0292888530362,84.0,386.0,Elobstacle2
1635.2891439065102,89.0,367.0,Elobstacle2
1636.6541065513918,83.0,395.0,Elobstacle2
1635.7313653952922,90.0,291.0,Elobstacle2
1635.6755890402671,84.0,311.0,Elobstacle2
1635.703182014274,93.0,330.0,Elobstacle2
1635.6712798260464,86.0,272.0,Elobstacle2
1857.0,33.0,-45.0180210791396,Elobstacle3
1879.0,18.0,-45.81748990775536,Elobstacle3
1904.0,19.0,-45.20544937554604,Elobstacle3
1832.0,40.0,-46.70121564952943,Elobstacle3
1785.0,48.0,-45.23767480670597,Elobstacle3
1811.0,46.0,-45.24908077330039,Elobstacle3
1762.0,55.0,-45.29273657437962,Elobstacle3
1740.0,55.0,-45.53433008328754,Elobstacle3
1725.659180347779,45.0,-109.0,Elobstacle3
1725.3418476191662,55.0,-82.0,Elobstacle3
1740.0,39.0,-45.46766318794218,Elobstacle3
1725.0652217494492,53.0,-60.0,Elobstacle3
1725.1431718476088,49.0,-164.0,Elobstacle3
1725.3516956668386,53.0,-139.0,Elobstacle3
1725.7270438585565,49.0,-224.0,Elobstacle3
1726.501418886854,46.0,-194.0,Elobstacle3
1725.288065899214,48.0,-255.0,Elobstacle3
1866.0,1032.0,409.9057450282847,Elobstacle2
1899.0,1045.0,408.2971821374047,Elobstacle2
1748.0,1001.0,409.0013221015669,Elobstacle2
1775.0,1011.0,409.5448510624243,Elobstacle2
1807.0,1018.0,409.30599282835226,Elobstacle2
1837.0,1025.0,409.757124927755,Elobstacle2
1650.0,965.0,408.3467115160069,Elobstacle2
1669.0,971.0,409.26550647353645,Elobstacle2
1691.0,985.0,409.95350739373765,Elobstacle2
1718.0,995.0,408.72171398422716,Elobstacle2
1635.4109064695122,941.0,395.0,Elobstacle2
1650.0,944.0,407.1617046243483,Elobstacle2
1635.0785942622274,941.0,358.0,Elobstacle2
1636.3732639290602,940.0,382.0,Elobstacle2
1636.576051779765,943.0,303.0,Elobstacle2
1635.8999339175596,941.0,325.0,Elobstacle2
1637.2703163252593,940.0,344.0,Elobstacle2
1635.537680190345,941.0,278.0,Elobstacle2
1651.0,947.0,250.8452808108796,Elobstacle2
1824.0,-10.747859511401543,395.0,Elobstacle2
1852.0,-14.525040692844868,395.0,Elobstacle2
1717.0,27.0,409.86503973594387,Elobstacle2
1737.0,16.0,409.8654110879389,Elobstacle2
1759.0,5.0,409.93694955772946,Elobstacle2
1783.0,1.0,409.79329791475845,Elobstacle2
1656.0,42.0,409.3018201352323,Elobstacle2
1650.0,39.0,409.1375120953255,Elobstacle2
1673.0,36.0,409.09489584508566,Elobstacle2
1695.0,26.0,408.2223993608625,Elobstacle2
1635.3327712509197,31.0,387.0,Elobstacle2
1637.3623320018014,50.0,395.0,Elobstacle2
1636.1464696292292,42.0,350.0,Elobstacle2
1635.653338383091,47.0,367.0,Elobstacle2
1635.4186315041495,45.0,271.0,Elobstacle2
1635.5561741734693,49.0,310.0,Elobstacle2
1636.1765171896843,46.0,292.0,Elobstacle2
1635.193256923684,47.0,332.0,Elobstacle2
1904.0,-32.0,-46.77834795703362,Elobstacle3
1832.0,-20.0,-45.4646022270455,Elobstacle3
1855.0,-17.0,-45.90707019275895,Elobstacle3
1879.0,-20.0,-45.092738018946676,Elobstacle3
1787.0,2.0,-45.97981652908554,Elobstacle3
1809.0,1.0,-45.94516929582706,Elobstacle3
1741.0,13.0,-45.10216944908596,Elobstacle3
1764.0,10.0,-45.97663416304563,Elobstacle3
1740.0,15.0,-46.3784315612114,Elobstacle3
1725.147435194514,18.0,-108.0,Elobstacle3
1725.6719788092464,22.0,-81.0,Elobstacle3
1725.1803908341085,17.0,-60.0,Elobstacle3
1725.1336007839643,12.0,-163.0,Elobstacle3
1725.4085814857426,20.0,-135.0,Elobstacle3
1725.1787826061368,19.0,-194.0,Elobstacle3
1725.310490869934,18.0,-222.0,Elobstacle3
1726.4504310812506,21.0,-255.0,Elobstacle3
1905.0,1104.0,408.65007503869174,Elobstacle2
1839.0,1081.0,409.40901720316765,Elobstacle2
1874.0,1088.0,408.7203503159193,Elobstacle2
1722.0,1046.0,408.47167070363525,Elobstacle2
1751.0,1051.0,409.5079028370568,Elobstacle2
1779.0,1062.0,409.90436288814146,Elobstacle2
1808.0,1074.0,408.98867685469247,Elobstacle2
1650.0,994.0,409.16655924457046,Elobstacle2
1653.0,998.0,409.8794259674587,Elobstacle2
1666.0,1026.0,409.9158751903641,Elobstacle2
1692.0,1040.0,408.4667838242931,Elobstacle2
1637.2606050264246,990.0,393.0,Elobstacle2
1637.4774979647932,990.0,343.0,Elobstacle2
1635.5208132956925,991.0,365.0,Elobstacle2
1635.0581806095524,993.0,381.0,Elobstacle2
1650.0,994.0,253.94990462187377,Elobstacle2
1636.0841918872086,990.0,281.0,Elobstacle2
1635.7956272933488,990.0,305.0,Elobstacle2
1635.5305208212446,990.0,326.0,Elobstacle2
1651.0,2.0,408.65979238770393,Elobstacle2
1657.0,0.0,405.9512801470049,Elobstacle2
1690.0,-12.772686363681828,395.0,Elobstacle2
1637.1022474571266,5.0,368.0,Elobstacle2
1636.3867157671314,2.0,386.0,Elobstacle2
1635.0386079245732,5.0,389.0,Elobstacle2
1635.1790624530688,2.0,352.0,Elobstacle2
1635.3681850087814,7.0,312.0,Elobstacle2
1635.8641834303535,6.0,329.0,Elobstacle2
1636.6170548475577,6.0,272.0,Elobstacle2
1636.8930664526797,0.0,290.0,Elobstacle2
1868.0,-69.75002095815432,-61.0,Elobstacle3
1844.0,-64.21442550254544,-60.0,Elobstacle3
1786.0,-48.0,-46.137899783701954,Elobstacle3
1763.0,-38.0,-46.236487331589785,Elobstacle3
1808.0,-53.0,-46.22147859685177,Elobstacle3
1741.0,-35.0,-45.45842716541962,Elobstacle3
1740.0,-26.0,-45.40463865695325,Elobstacle3
1725.0113388001234,-32.0,-62.0,Elobstacle3
1725.299188016449,-23.0,-107.0,Elobstacle3
1725.9597620873924,-23.0,-84.0,Elobstacle3
1725.55519021057,-25.0,-192.0,Elobstacle3
1726.53165874216,-22.0,-166.0,Elobstacle3
1725.0114759508501,-28.0,-135.0,Elobstacle3
1725.4077568190764,-25.0,-223.0,Elobstacle3
1726.4470838966047,-28.0,-254.0,Elobstacle3
1876.0,1154.0,407.34137362812476,Elobstacle2
1909.0,1161.0,409.898325183226,Elobstacle2
1816.0,1120.0,409.55619274967285,Elobstacle2
1842.0,1142.0,409.2890309521704,Elobstacle2
1693.0,1093.0,409.87258624782794,Elobstacle2
1720.0,1101.0,409.35782022901844,Elobstacle2
1751.0,1111.0,409.8434511764376,Elobstacle2
1782.0,1122.0,408.09074354095924,Elobstacle2
1637.6313057141956,1062.0,395.0,Elobstacle2
1636.3053490874622,1041.0,394.0,Elobstacle2
1650.0,1054.0,409.840485974839,Elobstacle2
1666.0,1079.0,409.65265060358854,Elobstacle2
1635.509851032566,1042.0,318.0,Elobstacle2
1635.279361683686,1040.0,344.0,Elobstacle2
1636.4510837416622,1041.0,362.0,Elobstacle2
1635.4501839052948,1041.0,378.0,Elobstacle2
1636.5605393330598,1043.0,282.0,Elobstacle2
1636.516731785297,1041.0,305.0,Elobstacle2
1650.0,1051.0,250.36888532940804,Elobstacle2
1927.0,1198.0,409.3202940973026,Elobstacle2
1848.0,1197.0,409.19110956036707,Elobstacle2
1891.0,1193.0,408.97008472358243,Elobstacle2
1781.0,1176.0,409.03025073126713,Elobstacle2
1816.0,1182.0,408.8561680049325,Elobstacle2
1667.0,1128.0,409.5023642358916,Elobstacle2
1694.0,1141.0,409.5626018340977,Elobstacle2
1718.0,1156.0,409.7531595715829,Elobstacle2
1754.0,1163.0,409.95898295361826,Elobstacle2
1635.0058497805726,1092.0,390.0,Elobstacle2
1650.0,1098.0,409.3926735593295,Elobstacle2
1654.0,1101.0,408.45669041070295,Elobstacle2
1635.7346974302063,1094.0,382.0,Elobstacle2
1636.3892177198136,1095.0,298.0,Elobstacle2
1635.1477389530983,1092.0,314.0,Elobstacle2
1636.3911148059037,1093.0,339.0,Elobstacle2
1638.1579233082361,1093.0,361.0,Elobstacle2
1635.3556275299,1092.0,282.0,Elobstacle2
1768.0,1199.0,408.2342447136532,Elobstacle2
1651.0,1152.0,409.48859808527345,Elobstacle2
1662.0,1191.0,408.19623553090423,Elobstacle2
1695.0,1189.0,409.96148694381316,Elobstacle2
1727.0,1197.0,409.6909824568188,Elobstacle2
1639.9218672054526,1156.0,395.0,Elobstacle2
1637.4076968315635,1146.0,394.0,Elobstacle2
1635.3777226855013,1146.0,350.0,Elobstacle2
1636.0539684373155,1151.0,379.0,Elobstacle2
1635.049931287527,1148.0,278.0,Elobstacle2
1636.5697366552317,1146.0,300.0,Elobstacle2
1636.186502498189,1148.0,316.0,Elobstacle2
1635.4098214818084,1146.0,341.0,Elobstacle2
1651.0,1208.9585733509984,394.0,Elobstacle2
1650.0,1207.5606002995878,321.0,Elobstacle2
1650.0,1206.5910973061473,344.0,Elobstacle2
1650.0,1207.4956524901654,368.0,Elobstacle2
1650.0,1207.1499121206948,384.0,Elobstacle2
1635.3907613816446,1200.0,304.0,Elobstacle2
1650.0,1208.284621254592,286.0,Elobstacle2
1651.0,1209.6700268049644,265.0,Elobstacle2
1810.7531754730549,-326.56733260263394,92.28197641390801,Elobstacle1
1769.9160068989706,-305.29938341020284,90.34217592217917,Elobstacle1
1787.370489570875,-313.06733260263394,93.94453834378851,Elobstacle1
1685.1794919243112,-254.06733260263394,94.54315683907063,Elobstacle1
1708.562177826491,-267.56733260263394,94.5776637225573,Elobstacle1
1724.38268590218,-280.16540881398726,94.71450399798769,Elobstacle1
1744.1672955930064,-293.89745962155615,94.69628710622797,Elobstacle1
1646.8064249653648,-236.53143421777168,93.13174312325538,Elobstacle1
1665.5910346561914,-251.99553583290944,93.11674895098375,Elobstacle1
1608.2993834102028,-221.2275866404783,94.54061540615263,Elobstacle1
1629.7538660821072,-222.06733260263394,93.29000347572531,Elobstacle1
1588.978875334514,-214.69168825561604,94.78532448949943,Elobstacle1
1552.4643505973518,-198.22881972280115,80.0,Elobstacle1
1564.096189432334,-203.78976446696936,89.89120160873298,Elobstacle1
1570.6942656436875,-198.3615612366939,94.45702579095783,Elobstacle1
1552.863000311501,-193.84017808906063,40.0,Elobstacle1
1550.5005931216363,-198.2497443539529,-4.0,Elobstacle1
1550.4742730386083,-199.38924898531087,20.0,Elobstacle1
1553.6090804172586,-193.11622710057753,66.0,Elobstacle1
1555.5586619224614,-190.7777168922757,-63.0,Elobstacle1
1551.4340269693976,-196.47926156047015,-31.0,Elobstacle1
1552.2894324848717,-195.81842962671612,-117.0,Elobstacle1
1550.631771964512,-198.32548049419924,-85.0,Elobstacle1
1553.1887760686432,-192.87356427176286,-205.0,Elobstacle1
1552.8329169533938,-199.5963121460556,-237.0,Elobstacle1
1555.2797128446496,-190.61666556711089,-178.0,Elobstacle1
1551.1644355499022,-196.32361288185325,-144.0,Elobstacle1
1553.6760477691344,-192.0001901808307,-269.0,Elobstacle1
1762.014083110324,-324.98591688967605,94.05700536101432,Elobstacle1
1783.932667397366,-333.0218152745383,94.76916532433481,Elobstacle1
1807.9493278957616,-343.42373906318494,92.9496850582552,Elobstacle1
1742.595498823282,-312.61989148589157,93.44125442148226,Elobstacle1
1722.0429399400243,-304.2179676972449,94.57517010947481,Elobstacle1
1681.3397459621556,-280.7179676972449,94.39441724355521,Elobstacle1
1699.856406460551,-300.6461709275204,93.96744927853447,Elobstacle1
1604.4596374480473,-247.87822173508928,93.46913344682503,Elobstacle1
1624.4141201199516,-251.3160439085982,94.99675467893664,Elobstacle1
1639.698729810778,-272.84232335022705,94.88994759939317,Elobstacle1
1663.519237886467,-271.58399310102936,93.202539727387,Elobstacle1
1566.3186212966696,-233.94039956158036,94.24173021634226,Elobstacle1
1586.041053161005,-233.78014552373597,94.9931718403364,Elobstacle1
1543.844269169303,-211.7272220039488,79.0,Elobstacle1
1548.096189432334,-231.50257738807142,94.76851163018344,Elobstacle1
1534.1449384220195,-228.0666210152512,61.0,Elobstacle1
1535.5657987515774,-224.26815295548533,79.0,Elobstacle1
1532.1349022207817,-229.2155271501441,14.0,Elobstacle1
1530.2915684539144,-232.770080057154,39.0,Elobstacle1
1531.804601343036,-230.17952838784336,-42.0,Elobstacle1
1530.4717754890592,-232.87412263740467,-64.0,Elobstacle1
1531.5779640161563,-233.51278088129874,-96.0,Elobstacle1
1531.8476000476614,-233.66845531667144,-12.0,Elobstacle1
1533.2964584500965,-232.19555302857648,-215.0,Elobstacle1
1531.9702658851775,-232.58457593260238,-182.0,Elobstacle1
1533.5699981404732,-231.19878070407023,-153.0,Elobstacle1
1532.1658601543236,-229.23340072140815,-123.0,Elobstacle1
1531.4427554057554,-232.2800176153077,-248.0,Elobstacle1
1794.1717597600968,-401.287187078898,93.6140733540582,Elobstacle1
1754.0044641670906,-368.8589838486225,93.8251391345477,Elobstacle1
1773.2890738579172,-383.4570600599758,94.37896044822159,Elobstacle1
1674.062177826491,-327.3230854637602,92.93509921839032,Elobstacle1
1691.9807621135333,-342.28718707889794,94.90126760268325,Elobstacle1
1712.801270189222,-346.2250092524069,94.46814029803252,Elobstacle1
1730.8179306876173,-367.01923788646684,94.68439837575048,Elobstacle1
1633.055136271329,-316.34936490538905,94.71740280780344,Elobstacle1
1615.136551984287,-301.38526329025126,93.77981185184979,Elobstacle1
1653.143593539449,-317.5551362713291,94.29181205392419,Elobstacle1
1597.2179676972448,-286.4211616751135,94.17719122616677,Elobstacle1
1525.596189432334,-270.47372055837116,91.75049053434103,Elobstacle1
1541.7564434701785,-262.4833395016046,94.88004782204155,Elobstacle1
1561.2109261420828,-266.78718707889794,93.73926252864726,Elobstacle1
1580.3974596215562,-275.55513627132905,94.32638763530204,Elobstacle1
1513.6280338882473,-261.25450165653075,80.0,Elobstacle1
1519.2565317153544,-252.95711100835175,80.0,Elobstacle1
1513.3218349329788,-264.54181922241867,32.0,Elobstacle1
1511.733521545136,-264.77950659876944,57.0,Elobstacle1
1513.848273043923,-262.5363573307255,-75.0,Elobstacle1
1511.7321190807245,-265.9333974239431,-47.0,Elobstacle1
1516.9670951342655,-256.25410633548455,-23.0,Elobstacle1
1512.3691821777886,-263.9918048977654,6.0,Elobstacle1
1512.0717471536288,-266.1294817832588,-165.0,Elobstacle1
1511.5065879493463,-265.80318696453133,-191.0,Elobstacle1
1512.6295410838818,-265.2968237206635,-135.0,Elobstacle1
1511.2576929844638,-265.6594873895565,-100.0,Elobstacle1
1512.2789772361132,-266.2491261271653,-222.0,Elobstacle1
1512.8283664023859,-264.2569150334442,-255.0,Elobstacle1
1761.9134295108993,-431.1602540378444,94.84898459298137,Elobstacle1
1743.2627944162882,-413.4641016151378,94.51604345077956,Elobstacle1
1682.7390923627308,-384.29422863405995,93.9827429296123,Elobstacle1
1701.925625842204,-393.06217782649105,94.97349665056348,Elobstacle1
1722.076260936815,-408.1602540378444,93.83905260581167,Elobstacle1
1667.418584287042,-370.8301270189222,93.69987624520718,Elobstacle1
1587.074374157796,-335.9903810567666,94.93384729786493,Elobstacle1
1608.5288568297003,-336.8301270189222,93.64325085342773,Elobstacle1
1627.081415712958,-348.69615242270663,94.2427252868282,Elobstacle1
1645.0,-363.66025403784437,94.78337840906687,Elobstacle1
1519.560291047472,-288.92820323027547,93.90123536764887,Elobstacle1
1570.8878406783226,-322.02627944162884,94.9339771776585,Elobstacle1
1535.7827229118075,-294.83012701892216,94.58869949630716,Elobstacle1
1554.2013071988495,-308.92820323027547,94.84131387067202,Elobstacle1
1494.9213124996381,-295.4874920239528,48.0,Elobstacle1
1493.8792911052974,-296.04058122980797,71.0,Elobstacle1
1492.6734408530522,-298.8084848772096,79.0,Elobstacle1
1507.596189432334,-301.65063509461095,94.94424955204485,Elobstacle1
1494.5064347910832,-297.55736334399626,-29.0,Elobstacle1
1494.7919214986555,-295.41278809470475,-59.0,Elobstacle1
1493.5573981343343,-298.16413731313077,-3.0,Elobstacle1
1493.145592317766,-296.7716805757019,25.0,Elobstacle1
1493.9188453076847,-298.3728189359624,-112.0,Elobstacle1
1494.7697653807231,-298.86409786919,-143.0,Elobstacle1
1495.2431068565052,-300.2920822360306,-174.0,Elobstacle1
1492.607675475922,-298.7705152190201,-84.0,Elobstacle1
1493.1011810263713,-297.9007402430394,-202.0,Elobstacle1
1494.1499600474194,-296.1968520164035,-234.0,Elobstacle1
1733.7531754730549,-459.9352447854375,92.4730542079914,Elobstacle1
1751.6717597600968,-474.89934640057527,93.627160114515,Elobstacle1
1652.712812921102,-414.30127018922195,94.80557501804824,Elobstacle1
1691.9160068989706,-440.39934640057527,94.73799757395255,Elobstacle1
1712.9685657822283,-447.9352447854375,94.70700110054668,Elobstacle1
1673.863448015713,-427.6672955930064,92.08245361772495,Elobstacle1
1636.2583302491978,-404.80127018922195,93.75613062879026,Elobstacle1
1617.437822173509,-397.39934640057527,92.84519713768012,Elobstacle1
1579.698729810778,-376.7653718043597,94.26606228265075,Elobstacle1
1597.0192378864667,-386.7653718043597,93.46505536017781,Elobstacle1
1511.3186212966696,-329.20319397786864,93.20019967898816,Elobstacle1
1529.273103968574,-336.10511776651526,94.28893078090883,Elobstacle1
1544.8256628518316,-353.1672955930064,94.4243258816561,Elobstacle1
1564.1461709275204,-359.70319397786864,93.58601794410771,Elobstacle1
1486.596189432334,-338.0237020535574,93.29433839345256,Elobstacle1
1491.596189432334,-329.363448015713,94.77440218482423,Elobstacle1
1475.5060975644008,-329.3114334515098,64.0,Elobstacle1
1482.3233554914307,-317.0815716135061,79.0,Elobstacle1
1478.9755776536877,-322.0769344079736,-42.0,Elobstacle1
1475.7517963121368,-330.60798822803395,-14.0,Elobstacle1
1474.6660044847108,-328.8264054858065,14.0,Elobstacle1
1480.1936187634703,-320.47076969383227,35.0,Elobstacle1
1481.2562262619654,-318.77486534237266,-129.0,Elobstacle1
1473.8360506294719,-330.6566324808278,-155.0,Elobstacle1
1476.8185239211614,-326.6050615467394,-97.0,Elobstacle1
1475.1998269877495,-327.9799075132561,-74.0,Elobstacle1
1479.4933032714305,-321.22114289436456,-254.0,Elobstacle1
1474.7996455265825,-328.90356317730595,-215.0,Elobstacle1
1473.643250633072,-330.5453193510066,-184.0,Elobstacle1
1718.2794549146836,-508.7365149746594,94.22979605693862,Elobstacle1
1643.1051177665154,-454.9422863405995,93.53347050128667,Elobstacle1
1680.0403625519527,-488.9685657822283,94.52638572358356,Elobstacle1
1698.6288198200727,-492.7724133595217,94.83677050208885,Elobstacle1
1661.0237020535574,-469.9063879557373,93.95407952945646,Elobstacle1
1566.7250092524068,-421.2365149746594,94.5610032575241,Elobstacle1
1606.2320508075688,-434.8083117443839,94.86309411437472,Elobstacle1
1624.418584287042,-445.3083117443839,93.28593792303761,Elobstacle1
1590.0455173280957,-420.84421012924616,94.59325898399317,Elobstacle1
1534.985916889676,-390.2102355330306,93.61171997567328,Elobstacle1
1500.8449007382985,-369.34421012924616,94.7953307294153,Elobstacle1
1519.5314342177717,-378.9781847254617,94.33820104811863,Elobstacle1
1547.7705265805025,-416.06664199358164,94.19484805918964,Elobstacle1
1467.211233903772,-344.15230083660174,80.0,Elobstacle1
1457.8335971932925,-358.36802890989134,76.0,Elobstacle1
1473.596189432334,-360.5403625519528,94.99008955928474,Elobstacle1
1482.3904180663942,-363.3083117443839,94.75349076969101,Elobstacle1
1457.3457106604694,-361.5504491039696,54.0,Elobstacle1
1455.331458668717,-362.69692125107423,-23.0,Elobstacle1
1456.9363372042887,-363.62349830560316,2.0,Elobstacle1
1456.4497367545534,-361.03315832820215,30.0,Elobstacle1
1455.7365836173472,-361.77611971084184,-108.0,Elobstacle1
1458.2295837539516,-358.5966518572833,-81.0,Elobstacle1
1457.7557193747737,-360.63246720716404,-140.0,Elobstacle1
1456.7935628481187,-360.07696587749723,-54.0,Elobstacle1
1455.753207533597,-361.78571753336377,-171.0,Elobstacle1
1457.662975136625,-360.57892129630306,-232.0,Elobstacle1
1455.761378136449,-362.94513537149896,-197.0,Elobstacle1
1457.336634455577,-361.54520895463173,-264.0,Elobstacle1
1474.193808496912,-391.5052559685323,79.0,Elobstacle1
1463.2370798060374,-384.48286674587484,62.0,Elobstacle1
1460.1122397985,-383.89524840445324,78.0,Elobstacle1
1462.4195973704805,-383.89878785855433,-40.0,Elobstacle1
1460.7199266865825,-382.8427038392011,-12.0,Elobstacle1
1463.6723354894814,-385.7289817878666,9.0,Elobstacle1
1460.7531036375487,-382.78523967448723,37.0,Elobstacle1
1462.4712804331048,-383.8092701681985,-156.0,Elobstacle1
1461.2070327960632,-383.99901130890305,-122.0,Elobstacle1
1463.3810077300982,-384.23357626877333,-107.0,Elobstacle1
1460.5697669920776,-383.1027880593325,-65.0,Elobstacle1
1461.554347515399,-383.3974445687969,-183.0,Elobstacle1
1462.2225336597244,-384.24011221791204,-248.0,Elobstacle1
1463.402705504235,-384.1959946215575,-219.0,Elobstacle1
1344.0,-415.19169068968796,-134.25199281305942,El球体
1284.0,-366.0838149830017,-102.99970783683477,El球体
1288.0,-363.7895092375975,-99.72309965967881,El球体
1295.0,-376.87090252474303,-95.35438020210506,El球体
1319.0,-394.55587558228365,-113.71578971869867,El球体
1268.0,-354.58369570025695,-137.51815526882788,El球体
1274.0,-359.5754567715533,-121.64869688144424,El球体
1261.0,-349.1729524315525,-184.95270963583292,El球体
1264.0,-350.0316254056506,-155.9079565701704,El球体
1293.0,-334.3540834926841,-134.4612584097686,El球体
1317.0,-352.3155786166245,-152.65371868063843,El球体
1285.0,-328.6801388858597,-153.81445119738507,El球体
1290.0,-332.5380292860604,-131.5190379753663,El球体
1283.0,-327.0,-180.0,El球体
1328.0,-439.1590536512467,-121.03449598970047,El球体
1294.0,-418.32456898202076,-84.01462126498643,El球体
1277.0,-379.1559740376275,-103.18355942127336,El球体
1286.0,-385.59667684365115,-90.37627905626863,El球体
1288.0,-386.48202595408446,-87.91012316298098,El球体
1256.0,-381.2061733486968,-126.60487837125348,El球体
1241.0,-372.71362341709386,-160.89506373578848,El球体
1247.0,-378.9976313806969,-140.40447288383717,El球体
1265.0,-379.15207237387295,-117.0997074040932,El球体
1239.0,-372.07076756404354,-190.18767285007024,El球体
1265.0,-412.160365254926,-105.4108578473795,El球体
1269.0,-414.4892385742141,-101.19244002947389,El球体
1279.0,-421.5532641729182,-91.01355513108118,El球体
1289.0,-430.3483178634977,-81.54233235854095,El球体
1227.0,-397.7328441433742,-150.45048612825016,El球体
1239.0,-389.163300838558,-141.91984788860842,El球体
1245.0,-392.5,-132.3686027918559,El球体
1257.0,-402.6591239781311,-115.28296963863242,El球体
1218.0,-395.5106482000969,-166.42533063310256,El球体
1290.0,-519.4521895368273,-169.54715367323462,El球体
1280.0,-509.9862925640752,-178.42928342064448,El球体
1280.0,-509.9862925640752,-181.57071657935552,El球体
1253.0,-441.5472690295171,-120.79936489048777,El球体
1264.0,-451.27375136881176,-112.9332237592879,El球体
1275.0,-461.20881772093867,-105.65732489315135,El球体
1286.0,-470.8722493663877,-98.5873827689831,El球体
1232.0,-422.92977189725326,-138.1023098890874,El球体
1222.0,-414.9940971187126,-148.39397310095558,El球体
1242.0,-433.45859034533106,-129.77185703296846,El球体
1217.0,-414.3863843479205,-153.59001478018726,El球体
1196.0,-416.64484257917553,-175.02577456466975,El球体
1209.0,-411.67094821100756,-162.92291312031583,El球体
1718.2794549146836,-508.7365149746594,94.22979605693862,Elobstacle1
1765.2579536796907,-485.05274019407364,80.0,Elobstacle1
1698.6288198200727,-492.7724133595217,94.83677050208885,Elobstacle1
1650.420934361778,-486.2709202987489,79.0,Elobstacle1
1669.8801085141083,-486.56664199358164,92.18222441967069,Elobstacle1
1680.0403625519527,-488.9685657822283,94.52638572358356,Elobstacle1
1636.8051403657844,-485.85416728520096,59.0,Elobstacle1
1640.7273020312462,-487.0607840051223,10.0,Elobstacle1
1639.0288144011986,-486.00265087639207,39.0,Elobstacle1
1638.9174754983094,-486.195495513055,74.0,Elobstacle1
1641.1896496854931,-486.2599743772064,-67.0,Elobstacle1
1636.8444263751057,-485.78612192102986,-40.0,Elobstacle1
1637.9026672928487,-485.9531948848509,-88.0,Elobstacle1
1640.2725826074554,-487.8483811503164,-16.0,Elobstacle1
1638.620003303934,-486.71073246755213,-173.0,Elobstacle1
1641.6586740372234,-487.4476003700223,-146.0,Elobstacle1
1637.872626372631,-486.0052272849739,-122.0,Elobstacle1
1641.1520476780915,-486.32510296449266,-206.0,Elobstacle1
1639.8073587690092,-486.6541724753975,-265.0,Elobstacle1
1638.681779512964,-486.60373293481314,-232.0,Elobstacle1
1289.0,-488.77117867544075,-108.78535976647355,El球体
1267.0,-489.20714156503584,-146.24542169724106,El球体
1274.0,-489.6391560946235,-133.02779610845727,El球体
1283.0,-489.11246876939765,-117.77085360862617,El球体
1264.0,-489.08495156079294,-206.51922826635223,El球体
1260.0,-489.1381838416596,-169.04958744718382,El球体
1740.994845223857,-421.39230484541326,94.94345710436824,Elobstacle1
1766.1813787033304,-419.76794919243116,93.6902826550799,Elobstacle1
1794.1717597600968,-401.287187078898,93.6140733540582,Elobstacle1
1651.1769145362398,-424.9615242270663,94.23150365670952,Elobstacle1
1698.487803668695,-413.0166604983954,94.99337111886555,Elobstacle1
1674.5333209967907,-416.507041555162,94.56999079357695,Elobstacle1
1721.0403625519527,-417.9544826719043,94.69994874351309,Elobstacle1
1608.5,-426.88010851410843,94.31071826154738,Elobstacle1
1630.7224318643355,-422.38972745734185,93.69864989234142,Elobstacle1
1566.7250092524068,-421.2365149746594,94.5610032575241,Elobstacle1
1590.0455173280957,-420.84421012924616,94.59325898399317,Elobstacle1
1535.1461709275204,-409.93266739736606,91.7951045235611,Elobstacle1
1547.7705265805025,-416.06664199358164,94.19484805918964,Elobstacle1
1506.416719893936,-409.6935362610962,74.0,Elobstacle1
1530.8160439085982,-407.43266739736606,90.14431983234562,Elobstacle1
1505.3797715634942,-409.4895834542454,21.0,Elobstacle1
1505.4333895398006,-409.39671439508373,48.0,Elobstacle1
1506.2426226963955,-409.99508145269203,72.0,Elobstacle1
1507.8338440958419,-409.2390051427599,-10.0,Elobstacle1
1504.2786889272854,-409.39671452349086,-33.0,Elobstacle1
1507.2222995556253,-410.2982313575063,-112.0,Elobstacle1
1505.3471891170666,-409.54601790689304,-80.0,Elobstacle1
1505.5898808982463,-409.1256634113101,-53.0,Elobstacle1
1505.3528166928231,-409.5362706597589,-140.0,Elobstacle1
1505.191887008683,-409.81500904913605,-233.0,Elobstacle1
1505.9988198917263,-410.41736029740696,-200.0,Elobstacle1
1506.5239142605678,-409.5078701718048,-171.0,Elobstacle1
1390.0,-420.0,-180.0,El球体
1510.6808966206122,-412.3077655180405,-270.0,Elobstacle1
1328.0,-439.1590536512467,-121.03449598970047,El球体
1263.0,-426.36236922057907,-107.27778703930258,El球体
1276.0,-423.0013567164151,-94.05238887635777,El球体
1280.0,-427.84401684728925,-90.3424771717429,El球体
1288.0,-433.63896389408643,-82.95372926332611,El球体
1226.0,-426.2513343960095,-144.54692089156052,El球体
1241.0,-425.33095162665035,-129.27938333621807,El球体
1253.0,-424.3946578458799,-117.15346483363108,El球体
1212.0,-426.79837387624883,-159.07675664150662,El球体
1206.0,-427.26384799583275,-165.7438956129861,El球体
1198.0,-427.9561751629462,-180.83622770614122,El球体
1754.0044641670906,-368.8589838486225,93.8251391345477,Elobstacle1
1776.9230484541326,-375.16283142591584,94.95671347785589,Elobstacle1
1802.7794549146836,-362.3782217350893,94.48679963900491,Elobstacle1
1686.6410161513775,-371.53589838486226,93.04850524665588,Elobstacle1
1707.6935750346352,-379.0717967697245,94.64706611248931,Elobstacle1
1663.0166604983954,-384.4544826719043,94.60534426965108,Elobstacle1
1730.8179306876173,-367.01923788646684,94.68439837575048,Elobstacle1
1597.0192378864667,-386.7653718043597,93.46505536017781,Elobstacle1
1576.1628314259158,-390.88972745734185,92.68163257628791,Elobstacle1
1620.91154273188,-369.38268590217984,94.80765620188205,Elobstacle1
1641.562177826491,-383.61473670974874,94.38532970374547,Elobstacle1
1498.5769515458674,-377.2724133595217,94.6545577292886,Elobstacle1
1515.9955358329094,-393.10254037844385,94.09118362694309,Elobstacle1
1555.574374157796,-390.5499814951862,93.12070910996849,Elobstacle1
1534.985916889676,-390.2102355330306,93.61171997567328,Elobstacle1
1471.9263164512563,-373.43266739736606,89.83514842427832,Elobstacle1
1462.0429755210455,-382.5511160370162,63.0,Elobstacle1
1460.1122397985,-383.89524840445324,78.0,Elobstacle1
1479.8545196815319,-375.70061658979716,94.68643005032746,Elobstacle1
1461.7531494492937,-381.05310951864874,14.0,Elobstacle1
1462.4195973704805,-383.89878785855433,-40.0,Elobstacle1
1460.7199266865825,-382.8427038392011,-12.0,Elobstacle1
1460.7531036375487,-382.78523967448723,37.0,Elobstacle1
1461.33647107602,-381.77481763157385,-154.0,Elobstacle1
1461.2070327960632,-383.99901130890305,-122.0,Elobstacle1
1461.4134513236797,-381.64148393144785,-93.0,Elobstacle1
1460.5697669920776,-383.1027880593325,-65.0,Elobstacle1
1461.554347515399,-383.3974445687969,-183.0,Elobstacle1
1462.637647097784,-379.5211146522879,-248.0,Elobstacle1
1461.883740748894,-382.82691875271416,-216.0,Elobstacle1
1354.0,-406.5141626370272,-146.62138123559566,El球体
1282.0,-407.196074711674,-88.89533767577552,El球体
1265.0,-412.160365254926,-105.4108578473795,El球体
1279.0,-410.69696676917886,-91.48755131222367,El球体
1302.0,-409.275497780347,-92.65593865556366,El球体
1243.0,-410.79664658365266,-127.80518909035297,El球体
1257.0,-410.6754022356756,-113.65203939431478,El球体
1217.0,-414.3863843479205,-153.59001478018726,El球体
1229.0,-415.24709560719924,-141.29070008598845,El球体
1196.0,-416.64484257917553,-175.02577456466975,El球体
1203.0,-417.0756362935298,-167.33318915779194,El球体
1784.2006165897972,-328.5577136594005,94.30436825765824,Elobstacle1
1810.7531754730549,-326.56733260263394,92.28197641390801,Elobstacle1
1762.014083110324,-324.98591688967605,94.05700536101432,Elobstacle1
1740.0596004384197,-325.01219633130484,94.06467304976871,Elobstacle1
1693.88268590218,-332.992958444838,93.51585209379405,Elobstacle1
1716.1051177665154,-328.5025773880714,94.54330733464019,Elobstacle1
1672.0262794416287,-338.84936490538905,94.98370018656738,Elobstacle1
1608.5288568297003,-336.8301270189222,93.64325085342773,Elobstacle1
1650.8397459621556,-333.5455173280957,94.17617177445183,Elobstacle1
1587.074374157796,-335.9903810567666,94.93384729786493,Elobstacle1
1629.9833395016046,-337.6698729810778,94.63914665837126,Elobstacle1
1527.005154776143,-344.0333209967908,93.07593549832484,Elobstacle1
1544.8256628518316,-353.1672955930064,94.4243258816561,Elobstacle1
1563.8160439085982,-350.2749907475931,94.35713619453506,Elobstacle1
1504.1487483155918,-351.6217782649107,94.82574623932277,Elobstacle1
1474.596189432334,-358.8083117443839,92.28859960484772,Elobstacle1
1486.7564434701785,-357.74613391789285,93.00501077466433,Elobstacle1
1457.8335971932925,-358.36802890989134,76.0,Elobstacle1
1457.5766079632779,-360.529057185522,79.0,Elobstacle1
1457.3457106604694,-361.5504491039696,54.0,Elobstacle1
1458.568459580651,-358.79230190705005,-25.0,Elobstacle1
1458.746149013921,-360.04959148755995,-3.0,Elobstacle1
1456.857211516252,-361.2684139915567,29.0,Elobstacle1
1458.2295837539516,-358.5966518572833,-81.0,Elobstacle1
1456.7935628481187,-360.07696587749723,-54.0,Elobstacle1
1457.7557193747737,-360.63246720716404,-140.0,Elobstacle1
1455.7365836173472,-361.77611971084184,-108.0,Elobstacle1
1457.662975136625,-360.57892129630306,-232.0,Elobstacle1
1458.1299943732995,-358.5391539015554,-200.0,Elobstacle1
1457.336634455577,-361.54520895463173,-264.0,Elobstacle1
1455.753207533597,-361.78571753336377,-171.0,Elobstacle1
1295.0,-376.87090252474303,-95.35438020210506,El球体
1277.0,-379.1559740376275,-103.18355942127336,El球体
1287.0,-377.4779987614595,-92.8169775089808,El球体
1234.0,-382.68588376911725,-156.683552373739,El球体
1256.0,-381.2061733486968,-126.60487837125348,El球体
1244.0,-382.48844799521413,-141.15565078171284,El球体
1265.0,-379.15207237387295,-117.0997074040932,El球体
1227.0,-383.5621131385483,-173.57501742632357,El球体
1702.3923048454133,-288.25386608210715,94.36375520516998,Elobstacle1
1679.1698729810778,-294.4762979464426,94.5343700916842,Elobstacle1
1724.38268590218,-280.16540881398726,94.71450399798769,Elobstacle1
1762.7004257646597,-283.7971365409648,80.0,Elobstacle1
1592.9141201199516,-305.87564434701784,94.78431815568075,Elobstacle1
1615.136551984287,-301.38526329025126,93.77981185184979,Elobstacle1
1656.9474411167423,-298.9666790032092,94.64464643575715,Elobstacle1
1635.3589838486225,-300.3589838486224,94.89569553151313,Elobstacle1
1513.4884942777476,-315.4448637286709,93.62324671031007,Elobstacle1
1534.8449007382985,-310.4544826719043,94.4177242302026,Elobstacle1
1554.603230987496,-302.23205080756884,94.98636509319488,Elobstacle1
1574.191688255616,-304.30384757729337,94.69215999573458,Elobstacle1
1498.596189432334,-317.23909236273084,91.63946884110163,Elobstacle1
1478.8848875894162,-322.0245744749537,59.0,Elobstacle1
1479.280333856809,-321.0981849455037,75.0,Elobstacle1
1488.7398012386582,-319.6314077545293,80.0,Elobstacle1
1481.3302967965308,-319.9723305238224,9.0,Elobstacle1
1480.1936187634703,-320.47076969383227,35.0,Elobstacle1
1478.9755776536877,-322.0769344079736,-42.0,Elobstacle1
1480.0286564810085,-321.53022921402606,-25.0,Elobstacle1
1482.0599665631944,-320.3936055600251,-102.0,Elobstacle1
1479.7005158500401,-321.34077713240436,-76.0,Elobstacle1
1481.2562262619654,-318.77486534237266,-129.0,Elobstacle1
1479.5989508655762,-321.2821385612838,-158.0,Elobstacle1
1479.4933032714305,-321.22114289436456,-254.0,Elobstacle1
1479.7408758941972,-321.364079014763,-194.0,Elobstacle1
1480.6222658112554,-320.7182491822582,-221.0,Elobstacle1
1287.0,-345.6936890174591,-117.6496018604057,El球体
1273.0,-347.40656430743013,-139.76080151955404,El球体
1283.0,-345.72689756560175,-124.03120284685951,El球体
1262.0,-348.3944235334843,-187.52604935527106,El球体
1265.0,-348.27714330277234,-158.07212214579474,El球体
1846.0,465.0,409.99487531083065,Elobstacle2
1876.0,467.0,408.3443138524085,Elobstacle2
1903.0,459.0,409.89138396968525,Elobstacle2
1821.0,468.0,409.6025067277656,Elobstacle2
1745.0,468.0,409.7930727940842,Elobstacle2
1771.0,459.0,409.9824513424237,Elobstacle2
1798.0,450.0,409.87134572981654,Elobstacle2
1724.0,465.0,409.8195422847333,Elobstacle2
1655.0,450.0,409.43390869785884,Elobstacle2
1674.0,462.0,409.8956902182469,Elobstacle2
1698.0,470.0,408.544811944016,Elobstacle2
1650.0,449.0,408.6498872102285,Elobstacle2
1636.5255574947653,447.0,369.0,Elobstacle2
1635.3843793959602,444.0,388.0,Elobstacle2
1635.0335058934688,449.0,392.0,Elobstacle2
1635.426858280849,446.0,351.0,Elobstacle2
1636.0850598171,445.0,294.0,Elobstacle2
1635.3367389732998,448.0,314.0,Elobstacle2
1636.0395672698282,444.0,330.0,Elobstacle2
1635.1535351114362,446.0,274.0,Elobstacle2
1392.9160068989706,470.25575286112627,-115.16904077008425,Elobstacle4
1371.9615242270663,471.9615242270663,-115.20146951155075,Elobstacle4
1353.6051177665154,472.1672955930064,-115.33278552814497,Elobstacle4
1313.562177826491,476.8108891324554,-117.6125953823075,Elobstacle4
1331.418584287042,475.73909236273084,-115.57621759621495,Elobstacle4
1237.0384757729337,478.2679491924311,-116.00855826853261,Elobstacle4
1257.1269330410537,477.06217782649105,-115.04500973384303,Elobstacle4
1277.7153903091735,476.7224318643355,-115.77335632856301,Elobstacle4
1293.3397459621556,475.7846096908265,-115.08934855944906,Elobstacle4
1219.9141201199516,476.60769515458674,-115.57524576585473,Elobstacle4
1200.691688255616,477.3134665205268,-115.50488679095477,Elobstacle4
1180.8974596215562,461.02885682970026,-119.97601324667417,Elobstacle4
1185.7634850253405,467.4570600599758,-115.20294433623397,Elobstacle4
1167.3987408862051,461.89414249499464,-130.0,Elobstacle4
1165.0871388520975,460.91934547488756,-145.0,Elobstacle4
1164.1366694648614,460.31339869308556,-176.0,Elobstacle4
1164.8195580428032,459.9191327887842,-213.0,Elobstacle4
1164.659129288912,460.01175637302924,-250.0,Elobstacle4
1703.7008464728776,-249.98740549952018,80.0,Elobstacle1
1622.3782217350893,-262.84232335022705,93.66425983285566,Elobstacle1
1645.7705265805025,-246.32566285183162,93.84187835957746,Elobstacle1
1663.9570600599757,-256.8256628518316,94.65262673640146,Elobstacle1
1602.1557898707538,-263.8686027918559,93.08161836345278,Elobstacle1
1541.7564434701785,-262.4833395016046,94.88004782204155,Elobstacle1
1581.7993834102028,-267.1269330410536,94.90999789341097,Elobstacle1
1522.596189432334,-275.6698729810778,92.27637664821404,Elobstacle1
1561.6128499307297,-260.0910346561913,94.55002831155227,Elobstacle1
1504.075810085817,-278.8335334404231,40.0,Elobstacle1
1505.8877092856671,-279.87963393120106,63.0,Elobstacle1
1505.5584854210072,-276.22545482917815,78.0,Elobstacle1
1524.4622148361186,-274.43782217350895,89.1980587780022,Elobstacle1
1503.2070843819524,-280.64137549820344,14.0,Elobstacle1
1504.9626050306913,-279.34552474056227,-69.0,Elobstacle1
1505.4478846338407,-278.47100051169355,-40.0,Elobstacle1
1503.2741178808992,-279.52537676848584,-15.0,Elobstacle1
1903.0,566.0,408.9413098840953,Elobstacle2
1504.985797255948,-277.0495137012988,-94.0,Elobstacle1
1849.0,562.0,407.97161592658,Elobstacle2
1504.3118129891654,-278.9697897802008,-187.0,Elobstacle1
1875.0,560.0,409.7713561479021,Elobstacle2
1502.963849824671,-280.5009439610808,-152.0,Elobstacle1
1822.0,561.0,407.80035170322947,Elobstacle2
1506.584705245632,-274.50854204441464,-126.0,Elobstacle1
1718.0,558.0,409.2942093829613,Elobstacle2
1504.6351115629814,-276.84704522206357,-216.0,Elobstacle1
1745.0,552.0,409.7575787740884,Elobstacle2
1768.0,558.0,409.8265143203349,Elobstacle2
1795.0,556.0,408.88169676644543,Elobstacle2
1503.182291295498,-280.62706120306507,-249.0,Elobstacle1
1693.0,556.0,409.5384653982222,Elobstacle2
1650.0,531.0,409.29674564264246,Elobstacle2
1650.0,547.0,408.9890417832811,Elobstacle2
1670.0,552.0,409.8571578214546,Elobstacle2
1635.2229538143336,538.0,348.0,Elobstacle2
1635.2104760276318,531.0,368.0,Elobstacle2
1636.515589446757,530.0,383.0,Elobstacle2
1636.505204216472,532.0,395.0,Elobstacle2
1635.0229604208905,529.0,309.0,Elobstacle2
1635.8522638965262,532.0,290.0,Elobstacle2
1635.1712136295605,529.0,271.0,Elobstacle2
1635.4108176687087,532.0,331.0,Elobstacle2
1290.2609076372692,536.451905283833,-115.55653276671451,Elobstacle4
1319.7505761908528,531.5295095170059,-130.0,Elobstacle4
1266.9762979464426,544.1217782649107,-116.31311174362139,Elobstacle4
1222.8974596215562,533.7749907475932,-115.95255261459425,Elobstacle4
1230.4955358329094,540.9352447854375,-115.00257046066909,Elobstacle4
1250.3519422934605,543.3275496308507,-115.2221030300508,Elobstacle4
1199.3510452277314,521.9661075919747,-153.0,Elobstacle4
1200.328543424803,522.5564492831425,-131.0,Elobstacle4
1199.9105935291727,521.6430522295129,-185.0,Elobstacle4
1215.8974596215562,521.650635094611,-116.6281214289793,Elobstacle4
1199.7889806737344,521.7132654443373,-221.0,Elobstacle4
1199.0979878551354,522.1122103341635,-264.0,Elobstacle4
1608.2993834102028,-221.2275866404783,94.54061540615263,Elobstacle1
1645.1008606805844,-217.48555821458595,80.0,Elobstacle1
1569.2205450853164,-222.91412011995152,94.61369056773876,Elobstacle1
1588.978875334514,-214.69168825561604,94.78532448949943,Elobstacle1
1546.096189432334,-234.96667900320918,87.79194086581921,Elobstacle1
1548.096189432334,-231.50257738807142,94.76851163018344,Elobstacle1
1527.9069841744688,-237.166842373407,37.0,Elobstacle1
1528.1734430182505,-236.16598192021308,65.0,Elobstacle1
1527.332755038064,-237.99001156530645,79.0,Elobstacle1
1529.1320288928086,-236.71942173293058,17.0,Elobstacle1
1527.4284421003617,-238.045256516482,-34.0,Elobstacle1
1528.651464687219,-235.2872673210913,-14.0,Elobstacle1
1527.42010669878,-238.04044407013495,-91.0,Elobstacle1
1527.2929993145417,-237.96705858762897,-68.0,Elobstacle1
1528.7839485969134,-237.6731580187751,-185.0,Elobstacle1
1528.1231705608889,-236.13695710342256,-211.0,Elobstacle1
1528.154759641135,-237.30989560578521,-151.0,Elobstacle1
1527.8773993173359,-237.14976154817737,-122.0,Elobstacle1
1527.7166407371217,-238.21164807699543,-243.0,Elobstacle1
1998.0,-69.22655127612698,-93.0,Elobstacle3
1996.0,-69.94460181461369,-80.0,Elobstacle3
2002.0,-68.3479968452426,-62.0,Elobstacle3
2021.0,-68.79170753603725,-60.0,Elobstacle3
1998.0,-69.28959604590177,-174.0,Elobstacle3
2001.0,-69.96765429728204,-153.0,Elobstacle3
1999.0,-69.3626064708444,-205.0,Elobstacle3
1998.0,-69.2674047072544,-121.0,Elobstacle3
1999.0,-69.26468545960597,-262.0,Elobstacle3
1998.0,-69.75284110049081,-238.0,Elobstacle3
1555.7728664939991,-192.05608849769396,78.0,Elobstacle1
1567.2906796420868,-187.15889563542572,80.0,Elobstacle1
1586.0443073761483,-179.77450905776942,80.0,Elobstacle1
1553.719860311625,-193.18018590241084,11.0,Elobstacle1
1552.863000311501,-193.84017808906063,40.0,Elobstacle1
1553.6090804172586,-193.11622710057753,66.0,Elobstacle1
1553.1558968754352,-192.85458146071352,-8.0,Elobstacle1
1553.9396029607321,-192.152353841646,-90.0,Elobstacle1
1555.5586619224614,-190.7777168922757,-63.0,Elobstacle1
1552.783653880698,-193.79436740587727,-38.0,Elobstacle1
1555.058996086445,-190.48923468734677,-121.0,Elobstacle1
1554.541545452231,-191.3451849627703,-148.0,Elobstacle1
1553.1887760686432,-192.87356427176286,-205.0,Elobstacle1
1553.1423853520917,-194.00148111745312,-245.0,Elobstacle1
1555.2797128446496,-190.61666556711089,-178.0,Elobstacle1
1553.6760477691344,-192.0001901808307,-269.0,Elobstacle1
2031.0,-38.0,-45.8417594666861,Elobstacle3
1927.0,-51.0,-45.39665862891728,Elobstacle3
1979.0,-48.0,-45.21288342241385,Elobstacle3
2006.0,-50.0,-46.08917606709372,Elobstacle3
1952.0,-41.0,-45.0633653167782,Elobstacle3
1880.0,-51.0,-47.00207042982473,Elobstacle3
1905.0,-55.0,-48.44590252686369,Elobstacle3
1848.0,-55.0,-48.26067333664473,Elobstacle3
1855.0,-53.0,-45.613365060597914,Elobstacle3
1799.0,-68.18827154854819,-60.0,Elobstacle3
1790.0,-69.34195734797322,-88.0,Elobstacle3
1796.0,-69.27842850942781,-61.0,Elobstacle3
1821.0,-64.16301426457741,-61.0,Elobstacle3
1788.0,-69.82176137329647,-159.0,Elobstacle3
1787.0,-69.85254562555656,-139.0,Elobstacle3
1789.0,-69.5950859774295,-116.0,Elobstacle3
1788.0,-69.5615935660067,-193.0,Elobstacle3
1787.0,-69.85492440488447,-249.0,Elobstacle3
1791.0,-68.85936011992095,-223.0,Elobstacle3
1905.0,6.0,409.61356788772497,Elobstacle2
1852.0,-14.525040692844868,395.0,Elobstacle2
1827.0,-12.545379435877862,394.0,Elobstacle2
1873.0,-11.845417097731001,395.0,Elobstacle2
1884.0,0.0,408.26160390919154,Elobstacle2
1818.0,-14.853151371257468,352.0,Elobstacle2
1826.0,-14.238057230369805,371.0,Elobstacle2
1820.0,-14.657874718498647,327.0,Elobstacle2
1821.0,-14.97536846585865,389.0,Elobstacle2
1821.0,-14.014301866994742,301.0,Elobstacle2
1820.0,-14.164467955018608,274.0,Elobstacle2
1820.0,-14.714452864433042,309.0,Elobstacle2
2032.0,11.0,-45.406866993498824,Elobstacle3
1955.0,-7.0,-46.39918260918657,Elobstacle3
1981.0,4.0,-47.23405110142977,Elobstacle3
1929.0,-5.0,-46.002242026431716,Elobstacle3
2006.0,3.0,-45.1777870708203,Elobstacle3
1879.0,-20.0,-45.092738018946676,Elobstacle3
1906.0,-23.0,-48.473561235596904,Elobstacle3
1834.0,-42.0,-45.2375756738615,Elobstacle3
1856.0,-29.0,-46.60779314112534,Elobstacle3
1762.0,-52.0,-45.17306710825491,Elobstacle3
1786.0,-48.0,-46.137899783701954,Elobstacle3
1809.0,-45.0,-46.23481925587191,Elobstacle3
1741.0,-50.0,-46.729370943233235,Elobstacle3
1725.5117378128357,-52.0,-61.0,Elobstacle3
1726.3433661551137,-55.0,-110.0,Elobstacle3
1726.5802309050168,-54.0,-83.0,Elobstacle3
1740.0,-55.0,-47.1902484074233,Elobstacle3
1725.3106492957904,-41.0,-167.0,Elobstacle3
1725.5619517392677,-46.0,-139.0,Elobstacle3
1725.0116526612237,-52.0,-225.0,Elobstacle3
1725.2504618073845,-48.0,-194.0,Elobstacle3
1725.0054373867563,-41.0,-254.0,Elobstacle3
1904.0,26.0,409.2331086403278,Elobstacle2
1930.0,48.0,409.8520081392639,Elobstacle2
1879.0,22.0,409.24552605079174,Elobstacle2
1805.0,8.0,409.77988991362383,Elobstacle2
1829.0,11.0,409.9913014842151,Elobstacle2
1855.0,14.0,409.3208140124474,Elobstacle2
1759.0,5.0,409.93694955772946,Elobstacle2
1783.0,1.0,409.79329791475845,Elobstacle2
1719.0,0.0,408.3605351359491,Elobstacle2
1739.0,1.0,408.5737333331176,Elobstacle2
1665.0,-14.34905190176596,389.0,Elobstacle2
1671.0,-14.56632972329271,395.0,Elobstacle2
1690.0,-12.772686363681828,395.0,Elobstacle2
1714.0,1.0,407.2424933741309,Elobstacle2
1666.0,-14.569714538301923,333.0,Elobstacle2
1667.0,-14.529510679610098,356.0,Elobstacle2
1666.0,-13.530966005544428,379.0,Elobstacle2
1662.0,-14.822955110188218,317.0,Elobstacle2
1928.0,47.0,-45.41403444473411,Elobstacle3
1954.0,44.0,-45.333793114306914,Elobstacle3
1664.0,-14.42907303774507,283.0,Elobstacle2
1662.0,-14.96260122834542,291.0,Elobstacle2
1858.0,14.0,-45.14036652387992,Elobstacle3
1880.0,19.0,-45.04414639304416,Elobstacle3
1903.0,29.0,-45.55514106072803,Elobstacle3
1831.0,8.0,-45.29429312010157,Elobstacle3
1787.0,2.0,-45.97981652908554,Elobstacle3
1809.0,1.0,-45.94516929582706,Elobstacle3
1742.0,-16.0,-45.69772120944235,Elobstacle3
1765.0,-14.0,-45.28198351033376,Elobstacle3
1725.299188016449,-23.0,-107.0,Elobstacle3
1725.9597620873924,-23.0,-84.0,Elobstacle3
1726.1350623533128,-25.0,-65.0,Elobstacle3
1740.0,-21.0,-47.562478640780085,Elobstacle3
1726.53165874216,-22.0,-166.0,Elobstacle3
1726.1682006653996,-25.0,-140.0,Elobstacle3
1725.4077568190764,-25.0,-223.0,Elobstacle3
1725.55519021057,-25.0,-192.0,Elobstacle3
1725.666493139728,-23.0,-256.0,Elobstacle3
1902.0,85.0,409.37755353354,Elobstacle2
1929.0,95.0,408.9794659256782,Elobstacle2
1877.0,75.0,409.28289257933136,Elobstacle2
1806.0,47.0,409.2353387858942,Elobstacle2
1829.0,53.0,409.64024680263446,Elobstacle2
1852.0,67.0,409.6556913489357,Elobstacle2
1784.0,41.0,407.60199756862335,Elobstacle2
1717.0,27.0,409.86503973594387,Elobstacle2
1737.0,27.0,409.3215826693948,Elobstacle2
1760.0,36.0,408.59952330501295,Elobstacle2
1654.0,3.0,409.50762852584904,Elobstacle2
1673.0,13.0,409.7805369001559,Elobstacle2
1695.0,12.0,408.3880219679459,Elobstacle2
1651.0,2.0,408.65979238770393,Elobstacle2
1637.1022474571266,5.0,368.0,Elobstacle2
1635.1790624530688,2.0,352.0,Elobstacle2
1636.3867157671314,2.0,386.0,Elobstacle2
1635.0386079245732,5.0,389.0,Elobstacle2
1635.3681850087814,7.0,312.0,Elobstacle2
1635.8641834303535,6.0,329.0,Elobstacle2
1636.6170548475577,6.0,272.0,Elobstacle2
1636.8930664526797,0.0,290.0,Elobstacle2
1833.0,55.0,-45.11911365200274,Elobstacle3
1867.0,69.84168418955322,-60.0,Elobstacle3
1763.0,33.0,-45.123164412771885,Elobstacle3
1785.0,48.0,-45.23767480670597,Elobstacle3
1808.0,54.0,-45.91134779207022,Elobstacle3
1741.0,42.0,-46.19563877656961,Elobstacle3
1725.4073347740023,20.0,-61.0,Elobstacle3
1725.7271222872241,23.0,-109.0,Elobstacle3
1725.6719788092464,22.0,-81.0,Elobstacle3
1740.0,39.0,-45.46766318794218,Elobstacle3
1726.1292559565493,22.0,-225.0,Elobstacle3
1727.3509997267365,22.0,-195.0,Elobstacle3
1725.3335371892729,20.0,-165.0,Elobstacle3
1725.4085814857426,20.0,-135.0,Elobstacle3
1726.4504310812506,21.0,-255.0,Elobstacle3
1900.0,129.0,409.6469857233542,Elobstacle2
1926.0,136.0,409.77405971115934,Elobstacle2
1803.0,96.0,409.5961308186787,Elobstacle2
1826.0,106.0,409.84897475096506,Elobstacle2
1851.0,120.0,409.4005245818712,Elobstacle2
1874.0,126.0,409.5286990404642,Elobstacle2
1737.0,70.0,408.7010358188626,Elobstacle2
1760.0,80.0,407.8236046137389,Elobstacle2
1780.0,85.0,409.52560806098893,Elobstacle2
1716.0,67.0,409.70868272494306,Elobstacle2
1693.0,62.0,409.4789952541185,Elobstacle2
1650.0,43.0,405.40165369144916,Elobstacle2
1656.0,42.0,409.3018201352323,Elobstacle2
1674.0,48.0,408.36251248081385,Elobstacle2
1636.6533790199542,35.0,386.0,Elobstacle2
1635.7619996239343,37.0,395.0,Elobstacle2
1635.483851160762,35.0,348.0,Elobstacle2
1636.1401235869334,35.0,367.0,Elobstacle2
1635.3886977998618,35.0,306.0,Elobstacle2
1635.5825037573288,36.0,332.0,Elobstacle2
1636.273501389733,37.0,273.0,Elobstacle2
1636.468124307891,35.0,293.0,Elobstacle2
1921.0,188.0,409.2694940818431,Elobstacle2
1895.0,178.0,409.76713414880635,Elobstacle2
1803.0,145.0,409.9037633790838,Elobstacle2
1847.0,168.0,409.04521243942963,Elobstacle2
1872.0,176.0,409.88057630775677,Elobstacle2
1824.0,150.0,409.5845743039534,Elobstacle2
1777.0,132.0,409.50248668803954,Elobstacle2
1711.0,113.0,409.8173945693759,Elobstacle2
1733.0,115.0,409.5498070312167,Elobstacle2
1754.0,134.0,409.9867933991919,Elobstacle2
1652.0,85.0,408.03958764530205,Elobstacle2
1672.0,101.0,409.8584432733326,Elobstacle2
1691.0,103.0,409.9400794307151,Elobstacle2
1650.0,85.0,405.37332357210136,Elobstacle2
1636.6541065513918,83.0,395.0,Elobstacle2
1636.5703928812038,80.0,344.0,Elobstacle2
1635.1373679916358,80.0,364.0,Elobstacle2
1635.0292888530362,84.0,386.0,Elobstacle2
1635.6712798260464,86.0,272.0,Elobstacle2
1636.2952021955102,82.0,291.0,Elobstacle2
1635.6755890402671,84.0,311.0,Elobstacle2
1635.430309682787,79.0,325.0,Elobstacle2
1888.0,246.0,409.8384860505406,Elobstacle2
1916.0,236.0,409.80094635608566,Elobstacle2
1798.0,189.0,407.5725248601128,Elobstacle2
1819.0,197.0,408.97554325400233,Elobstacle2
1842.0,209.0,409.1005408849169,Elobstacle2
1867.0,224.0,408.6092758546955,Elobstacle2
1753.0,173.0,409.4272984319688,Elobstacle2
1774.0,181.0,408.90011129564766,Elobstacle2
1709.0,155.0,409.5614993751819,Elobstacle2
1731.0,161.0,408.14482667300945,Elobstacle2
1689.0,153.0,408.33449607530514,Elobstacle2
1650.0,128.0,401.5702149521395,Elobstacle2
1650.0,129.0,408.4719773606354,Elobstacle2
1667.0,144.0,409.147355159939,Elobstacle2
1635.757639334021,122.0,344.0,Elobstacle2
1636.5808716667225,124.0,363.0,Elobstacle2
1635.2375876684764,124.0,384.0,Elobstacle2
1636.160818288031,122.0,395.0,Elobstacle2
1635.2717179771876,123.0,269.0,Elobstacle2
1636.7919747844494,126.0,287.0,Elobstacle2
1636.007396494656,123.0,303.0,Elobstacle2
1636.0482734975762,123.0,328.0,Elobstacle2
1910.0,297.0,409.120710202199,Elobstacle2
1886.0,280.0,409.67311717526513,Elobstacle2
1791.0,235.0,409.9413824914706,Elobstacle2
1809.0,268.0,409.9713471867384,Elobstacle2
1838.0,257.0,409.4835618826421,Elobstacle2
1862.0,265.0,409.3606437490283,Elobstacle2
1704.0,196.0,409.7543961081819,Elobstacle2
1725.0,205.0,409.45695444169445,Elobstacle2
1747.0,218.0,409.7862558383792,Elobstacle2
1769.0,226.0,409.7706631612921,Elobstacle2
1642.3553008705992,171.0,395.0,Elobstacle2
1650.0,177.0,405.90704216487086,Elobstacle2
1665.0,183.0,408.9119877803025,Elobstacle2
1684.0,200.0,408.8386402788895,Elobstacle2
1635.2919108402752,169.0,361.0,Elobstacle2
1635.722623547272,177.0,342.0,Elobstacle2
1636.9065945154896,167.0,375.0,Elobstacle2
1635.043714098557,166.0,393.0,Elobstacle2
1635.3090909639564,168.0,280.0,Elobstacle2
1636.1378784018434,167.0,300.0,Elobstacle2
1635.0134974141122,175.0,324.0,Elobstacle2
1878.0,325.0,409.9842301314733,Elobstacle2
1901.0,339.0,409.0859031878666,Elobstacle2
1927.0,347.0,409.4756262907168,Elobstacle2
1781.0,293.0,409.6201256949813,Elobstacle2
1807.0,291.0,409.25027940825544,Elobstacle2
1832.0,303.0,407.9141372861549,Elobstacle2
1852.0,322.0,409.82373250805495,Elobstacle2
1739.0,269.0,409.93194089119356,Elobstacle2
1698.0,247.0,409.02173831365394,Elobstacle2
1720.0,259.0,409.845651941029,Elobstacle2
1763.0,274.0,409.1103487699655,Elobstacle2
1650.0,219.0,408.45266113756196,Elobstacle2
1660.0,224.0,407.6957050186084,Elobstacle2
1677.0,235.0,409.76177737516986,Elobstacle2
1638.1726748284823,218.0,395.0,Elobstacle2
1635.3023677481738,218.0,334.0,Elobstacle2
1635.6336634841136,214.0,372.0,Elobstacle2
1636.0531550013736,214.0,356.0,Elobstacle2
1637.9226909528752,213.0,392.0,Elobstacle2
1636.8441497517128,213.0,299.0,Elobstacle2
1637.0226358219368,212.0,311.0,Elobstacle2
1635.573780201405,218.0,279.0,Elobstacle2
1891.0,390.0,409.27964942777857,Elobstacle2
1915.0,402.0,409.7749351742048,Elobstacle2
1867.0,373.0,409.57637894644824,Elobstacle2
1817.0,364.0,409.7414426268485,Elobstacle2
1842.0,372.0,409.9719037154524,Elobstacle2
1777.0,331.0,409.1805107384594,Elobstacle2
1795.0,353.0,409.2024857093347,Elobstacle2
1756.0,318.0,407.53601052062936,Elobstacle2
1688.0,305.0,409.3161439370487,Elobstacle2
1712.0,296.0,409.38938611202343,Elobstacle2
1733.0,314.0,407.9599622131106,Elobstacle2
1635.3619614372028,259.0,392.0,Elobstacle2
1653.0,270.0,409.25820123126783,Elobstacle2
1671.0,281.0,409.01667031849354,Elobstacle2
1650.0,265.0,409.35803657463015,Elobstacle2
1635.222273639923,261.0,348.0,Elobstacle2
1635.0335389959191,259.0,383.0,Elobstacle2
1635.390093115711,258.0,329.0,Elobstacle2
1635.3843329581032,259.0,366.0,Elobstacle2
1635.874737965293,257.0,293.0,Elobstacle2
1635.8340678587772,259.0,271.0,Elobstacle2
1635.6185017711837,259.0,313.0,Elobstacle2
1857.0,424.0,409.01326485389313,Elobstacle2
1881.0,445.0,409.6311218724802,Elobstacle2
1903.0,459.0,409.89138396968525,Elobstacle2
1923.0,488.0,409.86832303606343,Elobstacle2
1765.0,388.0,409.2255806335179,Elobstacle2
1786.0,400.0,409.8238305375277,Elobstacle2
1813.0,399.0,408.5060185728418,Elobstacle2
1835.0,416.0,408.42165262408923,Elobstacle2
1704.0,343.0,409.6177875036212,Elobstacle2
1723.0,357.0,409.1503915077934,Elobstacle2
1744.0,366.0,409.5984294303936,Elobstacle2
1684.0,331.0,408.87392571362744,Elobstacle2
1635.5892085237485,305.0,393.0,Elobstacle2
1661.0,332.0,409.89849106032693,Elobstacle2
1637.4523857223746,322.0,395.0,Elobstacle2
1650.0,312.0,409.0710899888259,Elobstacle2
1636.4386367594373,306.0,324.0,Elobstacle2
1636.3308520506098,304.0,340.0,Elobstacle2
1637.368775243921,305.0,361.0,Elobstacle2
1637.8119183060912,305.0,379.0,Elobstacle2
1636.1748303499646,304.0,282.0,Elobstacle2
1635.182577251595,304.0,302.0,Elobstacle2
1844.0,471.0,409.8449153586636,Elobstacle2
1866.0,497.0,409.0530776461397,Elobstacle2
1894.0,498.0,409.92910575518266,Elobstacle2
1918.0,515.0,408.8970006862262,Elobstacle2
1756.0,422.0,409.6874809022352,Elobstacle2
1821.0,468.0,409.6025067277656,Elobstacle2
1780.0,434.0,409.6989326790942,Elobstacle2
1798.0,450.0,409.87134572981654,Elobstacle2
1674.0,375.0,409.5686924267429,Elobstacle2
1693.0,388.0,409.45858699955073,Elobstacle2
1715.0,401.0,408.79149899530967,Elobstacle2
1733.0,414.0,409.8453322585581,Elobstacle2
1650.0,360.0,409.4789019024024,Elobstacle2
1654.0,375.0,409.71354529361327,Elobstacle2
1635.7537478462768,353.0,390.0,Elobstacle2
1635.6629203588861,354.0,394.0,Elobstacle2
1636.0637598718718,354.0,309.0,Elobstacle2
1637.6575423979325,353.0,332.0,Elobstacle2
1635.1692447455216,353.0,352.0,Elobstacle2
1636.3461375899194,355.0,369.0,Elobstacle2
1636.1074500403222,355.0,274.0,Elobstacle2
1635.1424928913896,353.0,295.0,Elobstacle2
1927.0,578.0,409.8376761233229,Elobstacle2
1856.0,539.0,408.28277953898066,Elobstacle2
1875.0,560.0,409.7713561479021,Elobstacle2
1830.0,526.0,409.2160099032917,Elobstacle2
1901.0,568.0,409.8698703215706,Elobstacle2
1745.0,468.0,409.7930727940842,Elobstacle2
1763.0,488.0,409.25160608734416,Elobstacle2
1787.0,495.0,409.7259659473632,Elobstacle2
1808.0,511.0,409.9988970051843,Elobstacle2
1684.0,438.0,408.6174377321468,Elobstacle2
1703.0,442.0,409.8010312810347,Elobstacle2
1725.0,456.0,409.47677529486214,Elobstacle2
1664.0,422.0,408.57551928573696,Elobstacle2
1635.6749886041996,401.0,388.0,Elobstacle2
1641.4512911609704,407.0,395.0,Elobstacle2
1650.0,412.0,408.0788365531795,Elobstacle2
1636.0613686041545,406.0,379.0,Elobstacle2
1635.18038717327,407.0,302.0,Elobstacle2
1635.2858771422018,404.0,325.0,Elobstacle2
1635.033732148272,405.0,340.0,Elobstacle2
1635.7714955458137,400.0,358.0,Elobstacle2
1636.379623573521,400.0,265.0,Elobstacle2
1635.749910231322,403.0,283.0,Elobstacle2
1930.0,664.0,409.82770721605493,Elobstacle2
1914.0,627.0,409.885980666245,Elobstacle2
1819.0,569.0,409.2832145794568,Elobstacle2
1839.0,584.0,409.8216556645507,Elobstacle2
1863.0,602.0,408.9537304676662,Elobstacle2
1888.0,614.0,409.40113002287734,Elobstacle2
1730.0,522.0,408.04919289974237,Elobstacle2
1774.0,541.0,408.6134314822781,Elobstacle2
1795.0,556.0,408.88169676644543,Elobstacle2
1754.0,526.0,408.1798970594672,Elobstacle2
1656.0,463.0,409.99487099571775,Elobstacle2
1669.0,482.0,409.7405161181481,Elobstacle2
1709.0,506.0,409.3668606275379,Elobstacle2
1691.0,488.0,409.7651233582791,Elobstacle2
1636.2817912841379,455.0,367.0,Elobstacle2
1650.0,459.0,405.8425337324828,Elobstacle2
1635.9425302015998,450.0,383.0,Elobstacle2
1635.0335058934688,449.0,392.0,Elobstacle2
1635.2541962841815,452.0,311.0,Elobstacle2
1636.701966643927,450.0,327.0,Elobstacle2
1636.4383030461272,454.0,350.0,Elobstacle2
1636.2720872368404,450.0,293.0,Elobstacle2
1636.3774547326523,450.0,271.0,Elobstacle2
1920.0,698.0,408.9590183835813,Elobstacle2
1890.0,691.0,409.7839248576463,Elobstacle2
1825.0,629.0,409.31125691921807,Elobstacle2
1843.0,660.0,409.72104872507555,Elobstacle2
1799.0,623.0,409.9315339809765,Elobstacle2
1867.0,679.0,408.97807889148174,Elobstacle2
1718.0,558.0,409.2942093829613,Elobstacle2
1734.0,581.0,409.9803928664111,Elobstacle2
1761.0,590.0,409.9687111452283,Elobstacle2
1778.0,607.0,409.127257667277,Elobstacle2
1650.0,510.0,408.051168915112,Elobstacle2
1658.0,518.0,409.859573665195,Elobstacle2
1677.0,536.0,408.37522680091973,Elobstacle2
1693.0,556.0,409.5384653982222,Elobstacle2
1637.3757516377336,502.0,389.0,Elobstacle2
1636.71757059839,505.0,394.0,Elobstacle2
1635.6852753064404,501.0,349.0,Elobstacle2
1636.7646717162556,501.0,374.0,Elobstacle2
1635.4491791750042,501.0,276.0,Elobstacle2
1635.7055072989658,503.0,317.0,Elobstacle2
1635.1656747131306,502.0,296.0,Elobstacle2
1635.45016656358,501.0,335.0,Elobstacle2
1347.8078408914819,331.1767876599672,-132.0,Elobstacle4
1348.6604265144313,330.6845471210502,-204.0,Elobstacle4
1345.545836099189,331.3280561973264,-164.0,Elobstacle4
1347.3107802203856,330.30906523384897,-134.0,Elobstacle4
1346.3934949116986,331.99336069212245,-269.0,Elobstacle4
1346.5145636013326,331.92346165157176,-234.0,Elobstacle4
1901.0,751.0,408.27709975449415,Elobstacle2
1921.0,774.0,409.8317290160736,Elobstacle2
1875.0,731.0,409.8059293272793,Elobstacle2
1806.0,679.0,409.88600125158473,Elobstacle2
1830.0,692.0,409.9784257080454,Elobstacle2
1785.0,665.0,409.4329082948998,Elobstacle2
1850.0,720.0,409.7840159060517,Elobstacle2
1704.0,603.0,409.7889131189324,Elobstacle2
1743.0,636.0,409.75324440343076,Elobstacle2
1760.0,654.0,409.9781210039197,Elobstacle2
1721.0,625.0,409.4757298828091,Elobstacle2
1635.5427586302553,572.0,395.0,Elobstacle2
1651.0,564.0,409.2541159053206,Elobstacle2
1662.0,578.0,409.8857667362398,Elobstacle2
1682.0,597.0,407.90572509232425,Elobstacle2
1635.4758268020082,553.0,343.0,Elobstacle2
1637.4751585783454,555.0,359.0,Elobstacle2
1637.0767317218097,554.0,376.0,Elobstacle2
1635.7297101241443,555.0,395.0,Elobstacle2
1635.3220865487403,553.0,285.0,Elobstacle2
1635.6308841045802,558.0,302.0,Elobstacle2
1635.1389197080969,553.0,322.0,Elobstacle2
1349.7365149746595,355.46667900320915,-115.45308719973484,Elobstacle4
1362.7365149746595,377.9833395016046,-115.26431486642731,Elobstacle4
1387.4285352875909,390.2855073098207,-131.0,Elobstacle4
1307.4374766298467,340.2025954786895,-130.0,Elobstacle4
1302.6323291183494,339.87983585091285,-130.0,Elobstacle4
1319.1839560914018,346.5480947161671,-115.90931110521362,Elobstacle4
1337.138438763306,339.6461709275204,-115.18905617029232,Elobstacle4
1302.646572119317,339.90450545224104,-158.0,Elobstacle4
1303.056001891252,338.6136586193636,-263.0,Elobstacle4
1304.8654728210256,337.7477542045505,-227.0,Elobstacle4
1302.2926157286372,341.29143499992006,-193.0,Elobstacle4
1882.0,793.0,409.34739679955067,Elobstacle2
1903.0,817.0,409.7504224612469,Elobstacle2
1858.0,778.0,408.9193482694177,Elobstacle2
1922.0,852.0,409.0185280845959,Elobstacle2
1782.0,740.0,409.737618601658,Elobstacle2
1811.0,744.0,409.1239274435553,Elobstacle2
1769.0,708.0,408.79858106090325,Elobstacle2
1833.0,764.0,409.0956696384837,Elobstacle2
1689.0,649.0,407.6498558629514,Elobstacle2
1725.0,677.0,409.84978498646643,Elobstacle2
1747.0,692.0,408.9665289930388,Elobstacle2
1706.0,666.0,407.9258140784361,Elobstacle2
1665.0,639.0,409.6016270280767,Elobstacle2
1635.3378238489704,607.0,390.0,Elobstacle2
1650.0,618.0,400.29893139304136,Elobstacle2
1650.0,622.0,407.64589100025984,Elobstacle2
1636.9837498701959,608.0,342.0,Elobstacle2
1636.209354175305,607.0,360.0,Elobstacle2
1635.6623503872456,607.0,379.0,Elobstacle2
1635.169023653852,609.0,327.0,Elobstacle2
1639.139526249083,611.0,265.0,Elobstacle2
1635.5882375773,607.0,280.0,Elobstacle2
1635.5705780267806,609.0,305.0,Elobstacle2
1401.6025403784438,443.3012701892219,-115.23209839583427,Elobstacle4
1340.5858798800484,389.61731409782016,-115.46216076546867,Elobstacle4
1352.2198544762641,411.7679491924311,-115.3642181714837,Elobstacle4
1369.9781847254617,416.52627944162884,-115.13275974917731,Elobstacle4
1390.1025403784438,423.38268590217984,-116.26832250720554,Elobstacle4
1284.1769145362398,367.9141201199515,-115.32754679141979,Elobstacle4
1293.7031939778685,362.4141201199515,-116.397806102053,Elobstacle4
1310.8275496308509,364.0743741577959,-115.12471904716713,Elobstacle4
1323.6935750346352,384.3589838486224,-115.62758037820286,Elobstacle4
1272.0001604148606,356.82336331044894,-134.0,Elobstacle4
1272.0997526028077,358.9958620400105,-183.0,Elobstacle4
1270.2762569084314,357.8374748499675,-146.0,Elobstacle4
1271.3708356893362,357.73334091138145,-213.0,Elobstacle4
1271.0019583853764,357.0944266791642,-247.0,Elobstacle4
1927.0,917.0,409.2212844646648,Elobstacle2
1855.0,857.0,409.0884677336471,Elobstacle2
1884.0,864.0,409.5684397333758,Elobstacle2
1834.0,836.0,409.42636478714246,Elobstacle2
1905.0,887.0,409.86941095521956,Elobstacle2
1766.0,778.0,409.61291071573385,Elobstacle2
1791.0,789.0,409.96157586116897,Elobstacle2
1815.0,806.0,409.50998355093316,Elobstacle2
1749.0,757.0,408.5131309083132,Elobstacle2
1699.0,742.0,409.8533653911958,Elobstacle2
1724.0,744.0,409.99110021164677,Elobstacle2
1665.0,699.0,409.0992714463465,Elobstacle2
1685.0,711.0,409.5134584893902,Elobstacle2
1635.8887797175523,666.0,395.0,Elobstacle2
1652.0,676.0,407.8422256058444,Elobstacle2
1635.7586713049443,663.0,384.0,Elobstacle2
1650.0,674.0,406.83659587520253,Elobstacle2
1637.1341056448991,664.0,301.0,Elobstacle2
1636.136075459475,665.0,323.0,Elobstacle2
1635.472135618821,665.0,345.0,Elobstacle2
1635.544974969786,663.0,368.0,Elobstacle2
1635.6681537401173,665.0,268.0,Elobstacle2
1635.7686442805593,666.0,282.0,Elobstacle2
1392.9160068989706,470.25575286112627,-115.16904077008425,Elobstacle4
1329.6051177665154,430.5980762113533,-115.35302960325649,Elobstacle4
1345.2653718043598,437.7224318643355,-117.08512476587438,Elobstacle4
1360.925625842204,444.8467875173176,-115.48873987405332,Elobstacle4
1376.1217782649107,459.1672955930064,-115.39536640480617,Elobstacle4
1270.9544826719043,379.01219633130484,-117.50864295134195,Elobstacle4
1287.1147367097487,387.0025773880714,-116.64723593439105,Elobstacle4
1300.8108891324553,398.7250092524069,-115.86433075624488,Elobstacle4
1316.2390923627308,409.4474411167423,-116.03564280083363,Elobstacle4
1245.0988769597484,372.2289735773828,-130.0,Elobstacle4
1242.4408149728472,375.62507516640244,-169.0,Elobstacle4
1242.9553482774118,374.5162729920945,-136.0,Elobstacle4
1253.8660254037845,385.4141201199515,-115.05050080191833,Elobstacle4
1242.7307757516282,374.12730196745315,-240.0,Elobstacle4
1243.6699434848224,373.75398819817474,-274.0,Elobstacle4
1242.3768762494901,375.5143300489767,-198.0,Elobstacle4
1930.0,985.0,409.043341220167,Elobstacle2
1912.0,952.0,407.96838860349817,Elobstacle2
1835.0,894.0,409.6778662114593,Elobstacle2
1858.0,916.0,409.5435982095039,Elobstacle2
1816.0,873.0,409.53691346000517,Elobstacle2
1883.0,932.0,409.99154889507963,Elobstacle2
1746.0,822.0,409.92963443467454,Elobstacle2
1767.0,841.0,409.7137524912871,Elobstacle2
1723.0,813.0,409.4824339429832,Elobstacle2
1785.0,867.0,409.76876595444804,Elobstacle2
1650.0,742.0,407.62355621436666,Elobstacle2
1688.0,770.0,409.9148434525836,Elobstacle2
1706.0,785.0,409.8084045023295,Elobstacle2
1669.0,748.0,409.8329237193823,Elobstacle2
1636.8524298277089,721.0,388.0,Elobstacle2
1636.8747717027943,722.0,363.0,Elobstacle2
1635.3661843172083,721.0,386.0,Elobstacle2
1650.0,733.0,400.95246007809857,Elobstacle2
1635.586208167239,722.0,285.0,Elobstacle2
1635.1867818535832,723.0,307.0,Elobstacle2
1635.7665283061021,720.0,319.0,Elobstacle2
1635.084772827151,720.0,344.0,Elobstacle2
1636.1284783936273,721.0,266.0,Elobstacle2
1319.0525588832577,456.3205080756888,-115.18525354327035,Elobstacle4
1331.418584287042,475.73909236273084,-115.57621759621495,Elobstacle4
1348.5788383248864,485.4615242270663,-117.06420254583445,Elobstacle4
1371.4214062477035,505.0260124447284,-130.0,Elobstacle4
1262.9019237886466,409.0647552145625,-115.61869148535905,Elobstacle4
1274.8660254037845,421.78718707889794,-115.42002321818916,Elobstacle4
1289.562177826491,435.2416697508023,-115.26426273911927,Elobstacle4
1304.856406460551,443.7320508075689,-115.56338635581007,Elobstacle4
1243.1794919243112,408.9045011767181,-115.34038150941802,Elobstacle4
1216.3902790242864,390.50422333909546,-131.0,Elobstacle4
1225.287187078898,401.9141201199515,-120.28534813131333,Elobstacle4
1227.6532124826824,404.01219633130484,-115.49567279481231,Elobstacle4
1213.5337062741667,391.5564942003714,-188.0,Elobstacle4
1212.1271459882644,391.12026032128017,-265.0,Elobstacle4
1215.7997033541112,389.4813162726381,-228.0,Elobstacle4
1215.603222168567,389.1410008765444,-158.0,Elobstacle4
1926.0,1065.0,408.53892805893315,Elobstacle2
1910.0,1024.0,409.33477479126304,Elobstacle2
1881.0,1007.0,409.7489301352986,Elobstacle2
1811.0,943.0,409.557741498843,Elobstacle2
1837.0,958.0,409.86389657405573,Elobstacle2
1860.0,979.0,409.3951468932929,Elobstacle2
1785.0,935.0,409.14108790910075,Elobstacle2
1720.0,876.0,409.8547993185918,Elobstacle2
1749.0,882.0,409.10887552303893,Elobstacle2
1705.0,849.0,409.7490567881113,Elobstacle2
1764.0,913.0,408.7862889172514,Elobstacle2
1644.9626106119958,789.0,395.0,Elobstacle2
1650.0,794.0,409.952510051171,Elobstacle2
1667.0,812.0,408.82536311140666,Elobstacle2
1685.0,833.0,408.69963100691757,Elobstacle2
1635.4862209941523,781.0,394.0,Elobstacle2
1635.01151050885,781.0,346.0,Elobstacle2
1635.4587400782682,780.0,367.0,Elobstacle2
1635.5597255808286,785.0,380.0,Elobstacle2
1636.8712097928299,783.0,283.0,Elobstacle2
1635.9154057555813,780.0,304.0,Elobstacle2
1635.8102563064213,783.0,326.0,Elobstacle2
1635.224274335238,780.0,265.0,Elobstacle2
1305.3397459621556,496.56921938165306,-117.22521067308045,Elobstacle4
1322.5,506.29165124598853,-115.66649710543447,Elobstacle4
1249.787187078898,444.34936490538905,-117.25741210676688,Elobstacle4
1261.8852632902513,459.30384757729337,-115.1427843451911,Elobstacle4
1278.9115427318802,466.79422863405995,-115.89994267301864,Elobstacle4
1290.643593539449,483.11473670974874,-116.26758373393443,Elobstacle4
1206.6006535994247,411.5480947161671,-116.38819108322902,Elobstacle4
1236.8230854637602,429.8948822334847,-115.11977654329365,Elobstacle4
1197.9403995615803,416.5480947161671,-116.25202992497039,Elobstacle4
1220.5288568297003,419.67245036914926,-115.07094256686696,Elobstacle4
1185.3182054412523,406.6858131967617,-215.0,Elobstacle4
1186.3046429383567,406.39437306023757,-182.0,Elobstacle4
1186.0386859889443,407.9337221112293,-258.0,Elobstacle4
1188.10718768627,407.5164721465401,-133.0,Elobstacle4
1186.0006929159963,407.8679161785477,-144.0,Elobstacle4
1905.0,1104.0,408.65007503869174,Elobstacle2
1926.0,1129.0,409.719986024726,Elobstacle2
1882.0,1074.0,409.7654082288524,Elobstacle2
1853.0,1060.0,409.23902240412474,Elobstacle2
1776.0,1007.0,409.9566420148226,Elobstacle2
1807.0,1018.0,409.30599282835226,Elobstacle2
1759.0,979.0,409.5764064239356,Elobstacle2
1830.0,1032.0,409.9867293321978,Elobstacle2
1699.0,915.0,409.9971469890899,Elobstacle2
1724.0,930.0,409.596208054087,Elobstacle2
1745.0,950.0,408.87362169946016,Elobstacle2
1684.0,890.0,409.7335592260207,Elobstacle2
1637.5244457757487,857.0,395.0,Elobstacle2
1636.2908209779027,844.0,395.0,Elobstacle2
1665.0,873.0,409.9115185840201,Elobstacle2
1650.0,858.0,405.979494135222,Elobstacle2
1635.439103874351,845.0,321.0,Elobstacle2
1638.1848436283067,844.0,340.0,Elobstacle2
1635.170181803803,847.0,362.0,Elobstacle2
1635.0898689413953,845.0,381.0,Elobstacle2
1635.3927401569638,842.0,283.0,Elobstacle2
1637.7400013645438,844.0,300.0,Elobstacle2
1293.555136271329,524.157676649773,-115.36670708486743,Elobstacle4
1237.0384757729337,478.2679491924311,-116.00855826853261,Elobstacle4
1251.9666790032093,488.12435565298216,-115.10068658597267,Elobstacle4
1260.5025773880714,510.9089653438087,-115.39618076083427,Elobstacle4
1277.8948822334846,517.0333209967908,-115.11738016326873,Elobstacle4
1181.7538660821072,430.51219633130484,-115.743609834545,Elobstacle4
1198.1461709275204,434.9045011767181,-115.88615970645702,Elobstacle4
1209.048094716167,459.78718707889794,-116.35445747958767,Elobstacle4
1223.8423233502272,467.4115427318801,-115.2517215387013,Elobstacle4
1159.0459485813158,423.1809294858516,-249.0,Elobstacle4
1159.8330142439092,422.5441672023566,-214.0,Elobstacle4
1162.9535091873665,419.9490229891864,-142.0,Elobstacle4
1159.8617364089,424.59391545142387,-177.0,Elobstacle4
1162.7770578051143,419.64340023005974,-130.0,Elobstacle4
1170.361561236694,434.780145523736,-115.92642534333984,Elobstacle4
1927.0,1198.0,409.3202940973026,Elobstacle2
1877.0,1150.0,408.6856302403374,Elobstacle2
1897.0,1178.0,409.66628455896483,Elobstacle2
1827.0,1102.0,409.3416836263699,Elobstacle2
1856.0,1124.0,407.35485835925004,Elobstacle2
1761.0,1036.0,409.568812217099,Elobstacle2
1784.0,1055.0,409.84843594279084,Elobstacle2
1741.0,1011.0,408.893692169509,Elobstacle2
1796.0,1092.0,409.85187262756835,Elobstacle2
1661.0,933.0,409.8232288405251,Elobstacle2
1674.0,964.0,409.37748720191536,Elobstacle2
1691.0,985.0,409.95350739373765,Elobstacle2
1718.0,995.0,408.72171398422716,Elobstacle2
1650.0,925.0,409.30902827009083,Elobstacle2
1638.0087036992518,914.0,395.0,Elobstacle2
1636.1287264913517,907.0,376.0,Elobstacle2
1636.7993447801023,908.0,393.0,Elobstacle2
1635.516317776948,908.0,300.0,Elobstacle2
1635.799905552181,907.0,314.0,Elobstacle2
1636.4686746234202,909.0,334.0,Elobstacle2
1635.3018514550126,907.0,357.0,Elobstacle2
1635.3220662062026,910.0,279.0,Elobstacle2
1266.9762979464426,544.1217782649107,-116.31311174362139,Elobstacle4
1224.8878406783226,507.2224318643355,-116.36967500688107,Elobstacle4
1233.923739063185,530.8730669589464,-115.0510812107809,Elobstacle4
1251.548094716167,533.3993464005753,-115.53423183096847,Elobstacle4
1178.8974596215562,457.5647552145625,-117.30235282125226,Elobstacle4
1185.7634850253405,467.4570600599758,-115.20294433623397,Elobstacle4
1198.4955358329094,485.5096189432334,-115.57848337781255,Elobstacle4
1213.2897644669695,493.1339745962156,-116.52375366475857,Elobstacle4
1154.495176098653,442.7859067158709,-181.0,Elobstacle4
1155.5932807829063,440.9972151424396,-256.0,Elobstacle4
1154.6987213091597,444.9777909105511,-218.0,Elobstacle4
1153.4438854506277,442.2381691161256,-142.0,Elobstacle4
1156.1840284033797,441.8108473831154,-130.0,Elobstacle4
1164.8966447300136,448.32762138538,-130.0,Elobstacle4
1848.0,1197.0,409.19110956036707,Elobstacle2
1799.0,1147.0,409.5908638417591,Elobstacle2
1819.0,1176.0,409.0894692168981,Elobstacle2
1730.0,1083.0,409.9417219283573,Elobstacle2
1755.0,1102.0,408.70549939254306,Elobstacle2
1712.0,1060.0,408.87536940693866,Elobstacle2
1764.0,1143.0,409.9417581110628,Elobstacle2
1650.0,991.0,408.3734859333822,Elobstacle2
1653.0,998.0,409.8794259674587,Elobstacle2
1666.0,1026.0,409.9158751903641,Elobstacle2
1693.0,1036.0,409.309935573856,Elobstacle2
1637.3654564647727,976.0,392.0,Elobstacle2
1635.1707311689481,974.0,348.0,Elobstacle2
1637.340651253203,976.0,360.0,Elobstacle2
1636.1168574045905,976.0,388.0,Elobstacle2
1635.78902268494,975.0,271.0,Elobstacle2
1635.451154140424,976.0,292.0,Elobstacle2
1635.9474007150666,975.0,311.0,Elobstacle2
1635.2578830446316,974.0,326.0,Elobstacle2
1231.018121311233,560.2634390713001,-132.0,Elobstacle4
1218.6308816944602,546.6306055077337,-130.0,Elobstacle4
1248.1169253698206,573.4563867633301,-131.0,Elobstacle4
1200.0511610869223,523.8712965889655,-131.0,Elobstacle4
1205.8774983385742,529.7450635153687,-130.0,Elobstacle4
1202.0111326960898,527.3585086063256,-198.0,Elobstacle4
1199.8670139187448,522.822913467704,-153.0,Elobstacle4
1199.0979878551354,522.1122103341635,-264.0,Elobstacle4
1199.1360460220653,522.0902374412417,-224.0,Elobstacle4
1768.0,1199.0,408.2342447136532,Elobstacle2
1684.0,1101.0,409.927655844077,Elobstacle2
1699.0,1132.0,409.7902748272633,Elobstacle2
1725.0,1147.0,409.88295417906403,Elobstacle2
1747.0,1172.0,409.81894946724367,Elobstacle2
1637.6313057141956,1062.0,395.0,Elobstacle2
1666.0,1079.0,409.65265060358854,Elobstacle2
1650.0,1061.0,407.14344028863917,Elobstacle2
1635.4362798004724,1048.0,394.0,Elobstacle2
1635.6968165321837,1045.0,321.0,Elobstacle2
1635.2653219648962,1046.0,342.0,Elobstacle2
1635.073610871756,1046.0,362.0,Elobstacle2
1637.6039671951226,1048.0,376.0,Elobstacle2
1635.6636689652041,1045.0,298.0,Elobstacle2
1635.4732312516417,1046.0,275.0,Elobstacle2
1651.0,1152.0,409.48859808527345,Elobstacle2
1675.0,1170.0,409.3928374297634,Elobstacle2
1695.0,1189.0,409.96148694381316,Elobstacle2
1650.0,1139.0,403.9600349080464,Elobstacle2
1636.4572005536738,1121.0,392.0,Elobstacle2
1635.657136606544,1121.0,366.0,Elobstacle2
1635.1002404448245,1122.0,382.0,Elobstacle2
1637.1116772438627,1124.0,290.0,Elobstacle2
1635.9342315568676,1120.0,311.0,Elobstacle2
1635.0079941224672,1119.0,324.0,Elobstacle2
1637.518537346057,1122.0,348.0,Elobstacle2
1635.6091209334295,1121.0,271.0,Elobstacle2
1635.468970198618,1199.0,336.0,Elobstacle2
1635.6736322085872,1200.0,378.0,Elobstacle2
1635.0556185853113,1199.0,387.0,Elobstacle2
1636.8827491471138,1200.0,350.0,Elobstacle2
1635.252615284382,1199.0,312.0,Elobstacle2
1635.8449477429092,1199.0,296.0,Elobstacle2
1718.7926971649945,-531.8475533205301,14.0,Elobstacle1
1716.495029331313,-531.827230747383,61.0,Elobstacle1
1717.3076307704182,-530.4197637685494,36.0,Elobstacle1
1713.8761103394047,-530.3633315022753,76.0,Elobstacle1
1714.9359188933458,-530.5276892405533,-87.0,Elobstacle1
1717.3915479840723,-532.2744148908707,-61.0,Elobstacle1
1714.0303675928378,-530.096150101893,-31.0,Elobstacle1
1714.0784268464633,-530.0129090328401,-14.0,Elobstacle1
1716.3556126699582,-530.0687074882715,-205.0,Elobstacle1
1714.860505518918,-530.6583090366324,-169.0,Elobstacle1
1716.508007580624,-531.8047517601832,-141.0,Elobstacle1
1718.5282155570335,-532.305648903186,-117.0,Elobstacle1
1716.3256337147977,-530.1206325617671,-255.0,Elobstacle1
1714.716563844625,-530.9076233298345,-223.0,Elobstacle1
1754.439708952528,-466.1051177665153,93.40577863735945,Elobstacle1
1733.1550992617015,-454.97114317029974,94.02516358348547,Elobstacle1
1707.1647182049348,-469.98780366869516,93.709261544864,Elobstacle1
1662.1576766497728,-465.9422863405995,94.91984700489004,Elobstacle1
1687.4781847254617,-462.0858798800485,94.59316377580274,Elobstacle1
1639.069219381653,-469.93266739736606,94.67765645178918,Elobstacle1
1605.1961524227065,-444.6025403784439,94.14515626336677,Elobstacle1
1621.7487113059642,-459.93266739736606,93.64714842897823,Elobstacle1
1573.2744951648945,-445.89247261077435,80.0,Elobstacle1
1597.1339745962155,-444.56664199358164,90.68998146716643,Elobstacle1
1569.2911091625203,-446.7918995530451,8.0,Elobstacle1
1568.5885072782435,-446.0088417141061,31.0,Elobstacle1
1567.5044021535984,-445.88656687073694,56.0,Elobstacle1
1572.1374620684296,-445.8618717037389,75.0,Elobstacle1
1569.6313857540613,-446.2025232078698,-74.0,Elobstacle1
1570.9905484264468,-445.84838440354685,-20.0,Elobstacle1
1569.4531642023826,-446.5112119903808,-99.0,Elobstacle1
1568.3958671113594,-446.342504270728,-42.0,Elobstacle1
1569.4693468343046,-446.48318284969184,-156.0,Elobstacle1
1568.3750779808568,-446.3785121010038,-213.0,Elobstacle1
1568.6011114543685,-445.98701064066984,-192.0,Elobstacle1
1569.8393620908569,-445.8422976257676,-125.0,Elobstacle1
1569.9403058384,-445.66745792631673,-247.0,Elobstacle1
1326.0,-454.85689824096175,-126.32508365149286,El球体
1285.0,-455.5876263745116,-91.9175338161552,El球体
1261.0,-456.56770331861384,-119.14112165015003,El球体
1274.0,-456.82317633028254,-104.50130011086998,El球体
1286.0,-455.96223296792755,-90.99034996158841,El球体
1241.0,-457.29903878257767,-145.21808363681257,El球体
1250.0,-456.9396885195395,-132.71935478359669,El球体
1229.0,-457.67110722527366,-190.0939427589983,El球体
1232.0,-457.42227401591146,-160.93239901093904,El球体
