E:\pythonWorkSpace\venv\Scripts\python.exe E:/pythonWorkSpace/laser.py
2021-01-22-11-27-08欧式聚类0
[[1, 0, 0], [0, 1, 0], [0, 0, 1]]
[1880.0, 0.0, -167.0]
[155.0, 70.0, 122.0]
10589600.0
2021-01-22-11-27-08欧式聚类1
[[1, 0, 0], [0, 1, 0], [0, 0, 1]]
[1286.5, -418.4591428072623, -136.94565518912464]
[134.5, 131.297427908302, 93.43132108232658]
13199606.34714219
2021-01-22-11-27-08欧式聚类2
[[1, 0, 0], [0, 1, 0], [0, 0, 1]]
[1790.0, 600.0, 330.0]
[155.0, 615.0, 80.0]
61008000.0
2021-01-22-11-27-08欧式聚类3
[[1, 0, 0], [0, 1, 0], [0, 0, 1]]
[1286.316987298108, 449.0, -205.0]
[135.41952767655164, 126.95190528383293, 90.0]
12378072.276845982
2021-01-22-11-27-08欧式聚类4
[[1, 0, 0], [0, 1, 0], [0, 0, 1]]
[1644.5538475772933, -352.8349364905389, -94.0]
[191.95765814495917, 178.76760388790498, 189.0]
51885505.618896
<module 'matplotlib.pyplot' from 'E:\\pythonWorkSpace\\venv\\lib\\site-packages\\matplotlib\\pyplot.py'>
