1854.0,514.0,395.0,Elobstacle2
1881.0,516.0,395.0,Elobstacle2
1911.0,509.0,395.0,Elobstacle2
1750.0,514.0,395.0,Elobstacle2
1775.0,515.0,395.0,Elobstacle2
1801.0,514.0,395.0,Elobstacle2
1827.0,514.0,395.0,Elobstacle2
1655.0,513.0,395.0,Elobstacle2
1678.0,513.0,395.0,Elobstacle2
1702.0,512.0,395.0,Elobstacle2
1725.0,515.0,395.0,Elobstacle2
1650.0,486.0,350.0,Elobstacle2
1650.0,486.0,363.0,Elobstacle2
1650.0,486.0,387.0,Elobstacle2
1650.0,486.0,395.0,Elobstacle2
1650.0,486.0,268.0,Elobstacle2
1650.0,486.0,291.0,Elobstacle2
1650.0,486.0,309.0,Elobstacle2
1650.0,486.0,326.0,Elobstacle2
1308.0096189432334,511.1935750346352,-130.0,Elobstacle4
1327.7320508075688,511.3538290724796,-130.0,Elobstacle4
1350.88268590218,501.4519052838329,-130.0,Elobstacle4
1231.3519422934605,510.4185842870421,-130.0,Elobstacle4
1250.574374157796,509.71281292110206,-130.0,Elobstacle4
1269.430780618347,510.3730669589464,-130.0,Elobstacle4
1288.287187078898,511.03332099679085,-130.0,Elobstacle4
1197.8974596215562,490.47372055837116,-157.0,Elobstacle4
1197.3974596215562,489.60769515458674,-130.0,Elobstacle4
1200.3974596215562,494.80384757729337,-130.0,Elobstacle4
1213.361561236694,509.25833024919774,-130.0,Elobstacle4
1197.3974596215562,489.60769515458674,-266.0,Elobstacle4
1197.3974596215562,489.60769515458674,-232.0,Elobstacle4
1197.3974596215562,489.60769515458674,-195.0,Elobstacle4
1732.0377851638814,-510.9063879557373,80.0,Elobstacle1
1653.863448015713,-462.3083117443839,80.0,Elobstacle1
1672.2820323027552,-476.4063879557373,80.0,Elobstacle1
1692.3345911860126,-485.6743371481684,80.0,Elobstacle1
1709.4852262806237,-505.9685657822283,80.0,Elobstacle1
1581.0192378864667,-414.47818472546174,80.0,Elobstacle1
1598.0717967697244,-428.9422863405995,80.0,Elobstacle1
1616.7583302491978,-438.57626093681506,80.0,Elobstacle1
1635.3108891324553,-450.4422863405995,80.0,Elobstacle1
1510.8711801799273,-373.9781847254617,80.0,Elobstacle1
1528.191688255616,-383.97818472546174,80.0,Elobstacle1
1545.512196331305,-393.97818472546174,80.0,Elobstacle1
1562.698729810778,-406.2102355330306,80.0,Elobstacle1
1467.596189432334,-370.93266739736606,61.0,Elobstacle1
1474.096189432334,-359.6743371481683,80.0,Elobstacle1
1477.096189432334,-354.4781847254617,80.0,Elobstacle1
1494.0506721042384,-363.11215932167727,80.0,Elobstacle1
1468.096189432334,-370.0666419935816,-44.0,Elobstacle1
1469.596189432334,-367.4685657822283,-16.0,Elobstacle1
1467.596189432334,-370.93266739736606,9.0,Elobstacle1
1468.096189432334,-370.0666419935816,37.0,Elobstacle1
1467.596189432334,-370.93266739736606,-161.0,Elobstacle1
1468.096189432334,-370.0666419935816,-128.0,Elobstacle1
1469.596189432334,-367.4685657822283,-99.0,Elobstacle1
1467.596189432334,-370.93266739736606,-69.0,Elobstacle1
1467.596189432334,-370.93266739736606,-255.0,Elobstacle1
1469.596189432334,-367.4685657822283,-220.0,Elobstacle1
1467.596189432334,-370.93266739736606,-187.0,Elobstacle1
1357.0,-381.80809183650007,-139.04419270932647,El球体
1381.0,-399.43079649003073,-155.4865778201927,El球体
1406.0,-418.070538509281,-173.27116812843178,El球体
1290.0,-328.5931864662805,-97.69693541786043,El球体
1290.0,-331.5212045583459,-94.55702043354334,El球体
1311.0,-347.87510831897214,-107.87510831897215,El球体
1334.0,-364.13856428626275,-124.13856428626275,El球体
1270.0,-317.1411579202789,-185.39060349302326,El球体
1272.0,-317.69114319755033,-156.38013929389416,El球体
1276.0,-322.0314489533908,-132.21754499999057,El球体
1282.0,-324.6606791561702,-115.6928161008641,El球体
1301.0,-423.90874363068014,-68.06822737386128,El球体
1339.0,-441.6355061494825,-109.23344805873538,El球体
1271.0,-374.40940073393597,-86.52541918488663,El球体
1276.0,-377.41030699466916,-79.66497097368399,El球体
1281.0,-381.00970366087375,-72.87504123040645,El球体
1289.0,-390.48552873684054,-61.623921394328434,El球体
1232.0,-366.75511712121556,-142.717531637182,El球体
1240.0,-369.2899389564932,-127.48819457527847,El球体
1248.0,-377.0765395971104,-111.30810421132949,El球体
1256.0,-379.5948455231803,-100.70041934723527,El球体
1227.0,-362.62171464221785,-197.54230228336422,El球体
1227.0,-362.32429824370087,-163.46175865098004,El球体
1287.0,-472.6045376146893,-72.14471444409998,El球体
1245.0,-434.88310163937047,-103.43307969108221,El球体
1256.0,-444.5317246677129,-94.44770906148962,El球体
1266.0,-453.8599941892412,-86.97043054219506,El球体
1276.0,-462.58969300533084,-79.664970973684,El球体
1209.0,-402.25003300689065,-141.9350729444607,El球体
1216.0,-408.97739833715065,-132.25586682552347,El球体
1233.0,-425.75227902134543,-114.25114992594479,El球体
1235.0,-425.92659050684074,-112.2587605297613,El球体
1183.0,-405.271922344761,-173.74830194417163,El球体
1196.0,-399.4939033455901,-159.49390334559013,El球体
1202.0,-405.2083608390755,-148.27922745371725,El球体
1878.0,418.0,395.0,Elobstacle2
1906.0,414.0,395.0,Elobstacle2
1775.0,420.0,395.0,Elobstacle2
1800.0,419.0,395.0,Elobstacle2
1825.0,420.0,395.0,Elobstacle2
1852.0,415.0,395.0,Elobstacle2
1679.0,427.0,395.0,Elobstacle2
1703.0,423.0,395.0,Elobstacle2
1726.0,424.0,395.0,Elobstacle2
1750.0,423.0,395.0,Elobstacle2
1650.0,400.0,369.0,Elobstacle2
1650.0,400.0,386.0,Elobstacle2
1650.0,400.0,395.0,Elobstacle2
1657.0,426.0,395.0,Elobstacle2
1650.0,408.0,291.0,Elobstacle2
1650.0,400.0,312.0,Elobstacle2
1650.0,404.0,331.0,Elobstacle2
1650.0,401.0,350.0,Elobstacle2
1650.0,400.0,270.0,Elobstacle2
1333.3730669589463,441.12435565298216,-130.0,Elobstacle4
1352.5954988232818,440.4185842870421,-130.0,Elobstacle4
1371.8179306876173,439.71281292110206,-130.0,Elobstacle4
1391.9063879557373,438.507041555162,-130.0,Elobstacle4
1256.9833395016046,444.8134665205268,-130.0,Elobstacle4
1275.3397459621556,444.60769515458674,-130.0,Elobstacle4
1294.562177826491,443.9019237886467,-130.0,Elobstacle4
1314.150635094611,441.8301270189222,-130.0,Elobstacle4
1182.8256628518316,448.3686027918559,-130.0,Elobstacle4
1200.6820693123827,447.29680602213136,-130.0,Elobstacle4
1219.0384757729337,447.0910346561913,-130.0,Elobstacle4
1237.7609076372692,445.51923788646684,-130.0,Elobstacle4
1165.8974596215562,435.0480947161671,-272.0,Elobstacle4
1165.8974596215562,435.0480947161671,-237.0,Elobstacle4
1165.8974596215562,435.0480947161671,-195.0,Elobstacle4
1165.8974596215562,435.0480947161671,-163.0,Elobstacle4
1165.8974596215562,435.0480947161671,-130.0,Elobstacle4
1168.3974596215562,439.3782217350893,-130.0,Elobstacle4
1824.0,612.0,395.0,Elobstacle2
1852.0,612.0,395.0,Elobstacle2
1880.0,614.0,395.0,Elobstacle2
1909.0,615.0,395.0,Elobstacle2
1721.0,604.0,395.0,Elobstacle2
1746.0,606.0,395.0,Elobstacle2
1771.0,609.0,395.0,Elobstacle2
1798.0,608.0,395.0,Elobstacle2
1650.0,573.0,395.0,Elobstacle2
1650.0,597.0,395.0,Elobstacle2
1672.0,603.0,395.0,Elobstacle2
1696.0,604.0,395.0,Elobstacle2
1650.0,573.0,325.0,Elobstacle2
1650.0,575.0,343.0,Elobstacle2
1650.0,573.0,363.0,Elobstacle2
1650.0,573.0,382.0,Elobstacle2
1650.0,574.0,267.0,Elobstacle2
1650.0,574.0,286.0,Elobstacle2
1650.0,573.0,305.0,Elobstacle2
1234.8974596215562,554.5596004384197,-137.0,Elobstacle4
1234.8974596215562,554.5596004384197,-130.0,Elobstacle4
1247.8256628518316,560.951905283833,-130.0,Elobstacle4
1234.8974596215562,554.5596004384197,-277.0,Elobstacle4
1234.8974596215562,554.5596004384197,-240.0,Elobstacle4
1234.8974596215562,554.5596004384197,-206.0,Elobstacle4
1234.8974596215562,554.5596004384197,-171.0,Elobstacle4
1732.0377851638814,-510.9063879557373,80.0,Elobstacle1
1666.7820323027552,-485.93266739736606,80.0,Elobstacle1
1669.3801085141083,-487.43266739736606,80.0,Elobstacle1
1690.1647182049348,-499.43266739736606,80.0,Elobstacle1
1709.4852262806237,-505.9685657822283,80.0,Elobstacle1
1666.7820323027552,-485.93266739736606,-22.0,Elobstacle1
1666.7820323027552,-485.93266739736606,3.0,Elobstacle1
1666.7820323027552,-485.93266739736606,34.0,Elobstacle1
1666.7820323027552,-485.93266739736606,53.0,Elobstacle1
1666.7820323027552,-485.93266739736606,-98.0,Elobstacle1
1666.7820323027552,-485.93266739736606,-67.0,Elobstacle1
1666.7820323027552,-485.93266739736606,-125.0,Elobstacle1
1666.7820323027552,-485.93266739736606,-42.0,Elobstacle1
1666.7820323027552,-485.93266739736606,-237.0,Elobstacle1
1666.7820323027552,-485.93266739736606,-208.0,Elobstacle1
1666.7820323027552,-485.93266739736606,-183.0,Elobstacle1
1666.7820323027552,-485.93266739736606,-152.0,Elobstacle1
1666.7820323027552,-485.93266739736606,-267.0,Elobstacle1
1287.0,-488.8291723621255,-81.70175468532099,El球体
1281.0,-490.18540818712506,-90.16677408883369,El球体
1255.0,-489.34494631739153,-125.82179017134206,El球体
1263.0,-489.05662083251053,-113.31279643593628,El球体
1275.0,-489.42106184614624,-97.26720014315038,El球体
1239.0,-489.86129229187173,-162.58162351682392,El球体
1238.0,-489.4484796521002,-194.76173004806094,El球体
1246.0,-489.75285983585525,-142.91174653991465,El球体
1930.0,643.0,395.0,Elobstacle2
1834.0,581.0,395.0,Elobstacle2
1859.0,592.0,395.0,Elobstacle2
1883.0,607.0,395.0,Elobstacle2
1907.0,623.0,395.0,Elobstacle2
1747.0,524.0,395.0,Elobstacle2
1789.0,554.0,395.0,Elobstacle2
1812.0,565.0,395.0,Elobstacle2
1769.0,535.0,395.0,Elobstacle2
1727.0,509.0,395.0,Elobstacle2
1667.0,472.0,395.0,Elobstacle2
1686.0,486.0,395.0,Elobstacle2
1706.0,498.0,395.0,Elobstacle2
1650.0,459.0,354.0,Elobstacle2
1650.0,459.0,374.0,Elobstacle2
1650.0,460.0,392.0,Elobstacle2
1650.0,459.0,395.0,Elobstacle2
1650.0,459.0,299.0,Elobstacle2
1650.0,459.0,317.0,Elobstacle2
1650.0,459.0,332.0,Elobstacle2
1650.0,459.0,278.0,Elobstacle2
1898.0,315.0,395.0,Elobstacle2
1925.0,314.0,395.0,Elobstacle2
1794.0,329.0,395.0,Elobstacle2
1819.0,326.0,395.0,Elobstacle2
1845.0,321.0,395.0,Elobstacle2
1871.0,319.0,395.0,Elobstacle2
1700.0,334.0,395.0,Elobstacle2
1723.0,332.0,395.0,Elobstacle2
1746.0,332.0,395.0,Elobstacle2
1770.0,329.0,395.0,Elobstacle2
1650.0,316.0,385.0,Elobstacle2
1650.0,338.0,395.0,Elobstacle2
1655.0,341.0,395.0,Elobstacle2
1677.0,339.0,395.0,Elobstacle2
1650.0,316.0,308.0,Elobstacle2
1650.0,316.0,328.0,Elobstacle2
1650.0,316.0,346.0,Elobstacle2
1650.0,317.0,365.0,Elobstacle2
1650.0,338.0,265.0,Elobstacle2
1650.0,316.0,287.0,Elobstacle2
1354.2724133595216,371.3230854637602,-130.0,Elobstacle4
1894.0,742.0,395.0,Elobstacle2
1920.0,756.0,395.0,Elobstacle2
1802.0,674.0,395.0,Elobstacle2
1278.5166604983954,378.11027254265815,-130.0,Elobstacle4
1825.0,688.0,395.0,Elobstacle2
1297.2390923627308,376.5384757729337,-130.0,Elobstacle4
1847.0,707.0,395.0,Elobstacle2
1315.9615242270663,374.96667900320915,-130.0,Elobstacle4
1870.0,725.0,395.0,Elobstacle2
1334.6839560914018,373.3948822334847,-130.0,Elobstacle4
1716.0,618.0,395.0,Elobstacle2
1260.29422863406,380.5480947161671,-207.0,Elobstacle4
1739.0,627.0,395.0,Elobstacle2
1261.1602540378444,380.0480947161671,-167.0,Elobstacle4
1757.0,648.0,395.0,Elobstacle2
1260.29422863406,380.5480947161671,-132.0,Elobstacle4
1781.0,657.0,395.0,Elobstacle2
1260.29422863406,380.5480947161671,-130.0,Elobstacle4
1659.0,572.0,395.0,Elobstacle2
1677.0,589.0,395.0,Elobstacle2
1696.0,604.0,395.0,Elobstacle2
1650.0,563.0,395.0,Elobstacle2
1650.0,563.0,327.0,Elobstacle2
1650.0,563.0,346.0,Elobstacle2
1650.0,563.0,366.0,Elobstacle2
1260.29422863406,380.5480947161671,-274.0,Elobstacle4
1650.0,563.0,383.0,Elobstacle2
1260.29422863406,380.5480947161671,-236.0,Elobstacle4
1650.0,563.0,269.0,Elobstacle2
1650.0,563.0,287.0,Elobstacle2
1650.0,563.0,303.0,Elobstacle2
1903.0,719.0,395.0,Elobstacle2
1790.0,705.0,395.0,Elobstacle2
1817.0,709.0,395.0,Elobstacle2
1845.0,712.0,395.0,Elobstacle2
1874.0,715.0,395.0,Elobstacle2
1687.0,694.0,395.0,Elobstacle2
1712.0,696.0,395.0,Elobstacle2
1354.2724133595216,371.3230854637602,-130.0,Elobstacle4
1737.0,700.0,395.0,Elobstacle2
1368.370489570875,389.74166975080226,-130.0,Elobstacle4
1763.0,703.0,395.0,Elobstacle2
1650.0,662.0,372.0,Elobstacle2
1650.0,662.0,390.0,Elobstacle2
1313.987803668695,349.5480947161671,-151.0,Elobstacle4
1650.0,662.0,395.0,Elobstacle2
1313.987803668695,349.5480947161671,-130.0,Elobstacle4
1662.0,692.0,395.0,Elobstacle2
1323.2820323027552,347.6461709275204,-130.0,Elobstacle4
1650.0,662.0,296.0,Elobstacle2
1342.0044641670906,346.0743741577959,-130.0,Elobstacle4
1650.0,663.0,316.0,Elobstacle2
1313.987803668695,349.5480947161671,-181.0,Elobstacle4
1650.0,662.0,335.0,Elobstacle2
1650.0,662.0,357.0,Elobstacle2
1313.987803668695,349.5480947161671,-256.0,Elobstacle4
1313.987803668695,349.5480947161671,-221.0,Elobstacle4
1650.0,662.0,277.0,Elobstacle2
1853.0,839.0,395.0,Elobstacle2
1877.0,857.0,395.0,Elobstacle2
1901.0,877.0,395.0,Elobstacle2
1926.0,897.0,395.0,Elobstacle2
1764.0,768.0,395.0,Elobstacle2
1785.0,786.0,395.0,Elobstacle2
1808.0,802.0,395.0,Elobstacle2
1829.0,823.0,395.0,Elobstacle2
1683.0,703.0,395.0,Elobstacle2
1703.0,718.0,395.0,Elobstacle2
1723.0,734.0,395.0,Elobstacle2
1743.0,752.0,395.0,Elobstacle2
1650.0,674.0,395.0,Elobstacle2
1664.0,687.0,395.0,Elobstacle2
1650.0,675.0,370.0,Elobstacle2
1650.0,674.0,389.0,Elobstacle2
1650.0,674.0,293.0,Elobstacle2
1650.0,674.0,312.0,Elobstacle2
1650.0,674.0,334.0,Elobstacle2
1650.0,674.0,352.0,Elobstacle2
1650.0,674.0,274.0,Elobstacle2
1912.0,213.0,395.0,Elobstacle2
1809.0,232.0,395.0,Elobstacle2
1834.0,227.0,395.0,Elobstacle2
1859.0,226.0,395.0,Elobstacle2
1885.0,222.0,395.0,Elobstacle2
1715.0,246.0,395.0,Elobstacle2
1738.0,241.0,395.0,Elobstacle2
1761.0,239.0,395.0,Elobstacle2
1785.0,234.0,395.0,Elobstacle2
1337.8993464005753,426.96410161513774,-130.0,Elobstacle4
1650.0,245.0,395.0,Elobstacle2
1352.5954988232818,440.4185842870421,-130.0,Elobstacle4
1650.0,250.0,395.0,Elobstacle2
1366.1935750346352,457.97114317029974,-130.0,Elobstacle4
1671.0,250.0,395.0,Elobstacle2
1382.487803668695,468.1935750346352,-130.0,Elobstacle4
1693.0,246.0,395.0,Elobstacle2
1277.7846096908265,380.84232335022705,-130.0,Elobstacle4
1650.0,231.0,322.0,Elobstacle2
1291.980762113533,393.43078061834694,-130.0,Elobstacle4
1650.0,231.0,342.0,Elobstacle2
1307.0429399400243,405.51923788646684,-130.0,Elobstacle4
1650.0,257.0,356.0,Elobstacle2
1320.507041555162,420.83974596215563,-130.0,Elobstacle4
1650.0,257.0,375.0,Elobstacle2
1253.3660254037845,384.5480947161671,-130.0,Elobstacle4
1253.3660254037845,384.5480947161671,-194.0,Elobstacle4
1253.3660254037845,384.5480947161671,-156.0,Elobstacle4
1650.0,240.0,282.0,Elobstacle2
1260.29422863406,380.5480947161671,-130.0,Elobstacle4
1650.0,232.0,303.0,Elobstacle2
1254.2320508075688,384.0480947161671,-263.0,Elobstacle4
1254.2320508075688,384.0480947161671,-226.0,Elobstacle4
1899.0,1022.0,395.0,Elobstacle2
1927.0,1039.0,395.0,Elobstacle2
1806.0,936.0,395.0,Elobstacle2
1830.0,954.0,395.0,Elobstacle2
1853.0,975.0,395.0,Elobstacle2
1875.0,999.0,395.0,Elobstacle2
1722.0,858.0,395.0,Elobstacle2
1742.0,878.0,395.0,Elobstacle2
1763.0,896.0,395.0,Elobstacle2
1784.0,916.0,395.0,Elobstacle2
1650.0,793.0,395.0,Elobstacle2
1662.0,808.0,395.0,Elobstacle2
1683.0,822.0,395.0,Elobstacle2
1702.0,840.0,395.0,Elobstacle2
1650.0,793.0,329.0,Elobstacle2
1650.0,793.0,351.0,Elobstacle2
1650.0,793.0,368.0,Elobstacle2
1650.0,793.0,386.0,Elobstacle2
1650.0,793.0,271.0,Elobstacle2
1650.0,793.0,291.0,Elobstacle2
1650.0,793.0,312.0,Elobstacle2
1893.0,822.0,395.0,Elobstacle2
1923.0,828.0,395.0,Elobstacle2
1863.0,817.0,395.0,Elobstacle2
1751.0,797.0,395.0,Elobstacle2
1777.0,804.0,395.0,Elobstacle2
1805.0,808.0,395.0,Elobstacle2
1834.0,812.0,395.0,Elobstacle2
1650.0,778.0,395.0,Elobstacle2
1673.0,785.0,395.0,Elobstacle2
1698.0,790.0,395.0,Elobstacle2
1724.0,794.0,395.0,Elobstacle2
1650.0,753.0,341.0,Elobstacle2
1650.0,753.0,364.0,Elobstacle2
1650.0,753.0,382.0,Elobstacle2
1650.0,753.0,395.0,Elobstacle2
1650.0,753.0,265.0,Elobstacle2
1650.0,753.0,284.0,Elobstacle2
1650.0,753.0,307.0,Elobstacle2
1650.0,753.0,325.0,Elobstacle2
1313.4019237886466,496.5333209967908,-130.0,Elobstacle4
1327.7320508075688,511.3538290724796,-130.0,Elobstacle4
1256.9833395016046,444.8134665205268,-130.0,Elobstacle4
1269.581415712958,460.6339745962156,-130.0,Elobstacle4
1283.7775681356645,473.2224318643355,-130.0,Elobstacle4
1297.6076951545867,487.1769145362398,-130.0,Elobstacle4
1214.8948822334846,407.9141201199515,-130.0,Elobstacle4
1196.2083487540115,417.5480947161671,-130.0,Elobstacle4
1227.492958444838,423.7346281956403,-130.0,Elobstacle4
1240.4570600599757,438.1891108675446,-130.0,Elobstacle4
1196.2083487540115,417.5480947161671,-250.0,Elobstacle4
1196.2083487540115,417.5480947161671,-210.0,Elobstacle4
1196.2083487540115,417.5480947161671,-176.0,Elobstacle4
1196.2083487540115,417.5480947161671,-139.0,Elobstacle4
1895.0,1162.0,395.0,Elobstacle2
1918.0,1191.0,395.0,Elobstacle2
1845.0,1117.0,395.0,Elobstacle2
1869.0,1140.0,395.0,Elobstacle2
1756.0,1027.0,395.0,Elobstacle2
1778.0,1048.0,395.0,Elobstacle2
1799.0,1071.0,395.0,Elobstacle2
1822.0,1093.0,395.0,Elobstacle2
1672.0,952.0,395.0,Elobstacle2
1693.0,969.0,395.0,Elobstacle2
1715.0,986.0,395.0,Elobstacle2
1736.0,1005.0,395.0,Elobstacle2
1650.0,921.0,395.0,Elobstacle2
1656.0,928.0,395.0,Elobstacle2
1650.0,921.0,362.0,Elobstacle2
1650.0,922.0,381.0,Elobstacle2
1650.0,921.0,279.0,Elobstacle2
1650.0,921.0,304.0,Elobstacle2
1650.0,921.0,320.0,Elobstacle2
1650.0,921.0,343.0,Elobstacle2
1921.0,115.0,395.0,Elobstacle2
1819.0,133.0,395.0,Elobstacle2
1844.0,131.0,395.0,Elobstacle2
1869.0,127.0,395.0,Elobstacle2
1894.0,122.0,395.0,Elobstacle2
1726.0,150.0,395.0,Elobstacle2
1748.0,152.0,395.0,Elobstacle2
1771.0,148.0,395.0,Elobstacle2
1795.0,138.0,395.0,Elobstacle2
1650.0,173.0,395.0,Elobstacle2
1660.0,172.0,395.0,Elobstacle2
1682.0,160.0,395.0,Elobstacle2
1703.0,163.0,395.0,Elobstacle2
1650.0,168.0,328.0,Elobstacle2
1650.0,174.0,346.0,Elobstacle2
1650.0,173.0,366.0,Elobstacle2
1650.0,174.0,384.0,Elobstacle2
1231.3519422934605,510.4185842870421,-130.0,Elobstacle4
1650.0,172.0,271.0,Elobstacle2
1243.5839931010294,527.6051177665154,-130.0,Elobstacle4
1650.0,174.0,290.0,Elobstacle2
1256.548094716167,542.0596004384197,-130.0,Elobstacle4
1650.0,173.0,308.0,Elobstacle2
1178.8974596215562,457.5647552145625,-130.0,Elobstacle4
1192.2275866404784,470.6532124826824,-130.0,Elobstacle4
1204.3256628518316,485.60769515458674,-130.0,Elobstacle4
1216.0577136594006,501.9282032302755,-130.0,Elobstacle4
1178.8974596215562,457.5647552145625,-240.0,Elobstacle4
1178.8974596215562,457.5647552145625,-280.0,Elobstacle4
1178.8974596215562,457.5647552145625,-206.0,Elobstacle4
1179.3974596215562,458.43078061834694,-168.0,Elobstacle4
1178.8974596215562,457.5647552145625,-133.0,Elobstacle4
1818.0,913.0,395.0,Elobstacle2
1847.0,920.0,395.0,Elobstacle2
1877.0,928.0,395.0,Elobstacle2
1908.0,935.0,395.0,Elobstacle2
1733.0,895.0,395.0,Elobstacle2
1760.0,902.0,395.0,Elobstacle2
1789.0,907.0,395.0,Elobstacle2
1706.0,890.0,395.0,Elobstacle2
1650.0,846.0,385.0,Elobstacle2
1650.0,846.0,395.0,Elobstacle2
1655.0,877.0,395.0,Elobstacle2
1680.0,884.0,395.0,Elobstacle2
1650.0,846.0,308.0,Elobstacle2
1650.0,846.0,332.0,Elobstacle2
1650.0,846.0,345.0,Elobstacle2
1650.0,847.0,369.0,Elobstacle2
1650.0,846.0,269.0,Elobstacle2
1650.0,846.0,293.0,Elobstacle2
1755.2531754730549,-422.69615242270663,80.0,Elobstacle1
1779.5736835487437,-420.57179676972453,80.0,Elobstacle1
1663.7031939778685,-425.2653718043597,80.0,Elobstacle1
1924.0,15.0,395.0,Elobstacle2
1709.1121593216774,-422.61473670974874,80.0,Elobstacle1
1686.1576766497728,-424.3730669589464,80.0,Elobstacle1
1731.932667397366,-423.0884572681199,80.0,Elobstacle1
1578.11731409782,-425.50446416709053,80.0,Elobstacle1
1824.0,37.0,395.0,Elobstacle2
1598.0717967697244,-428.9422863405995,80.0,Elobstacle1
1848.0,38.0,395.0,Elobstacle2
1620.79422863406,-423.5858798800485,80.0,Elobstacle1
1873.0,31.0,395.0,Elobstacle2
1641.1147367097487,-428.38972745734185,80.0,Elobstacle1
1898.0,23.0,395.0,Elobstacle2
1540.842323350227,-412.06664199358164,80.0,Elobstacle1
1732.0,62.0,395.0,Elobstacle2
1558.6628314259158,-421.20061658979716,80.0,Elobstacle1
1754.0,59.0,395.0,Elobstacle2
1531.6820693123827,-407.93266739736606,68.0,Elobstacle1
1777.0,50.0,395.0,Elobstacle2
1530.8160439085982,-407.43266739736606,80.0,Elobstacle1
1800.0,44.0,395.0,Elobstacle2
1530.8160439085982,-407.43266739736606,-38.0,Elobstacle1
1650.0,84.0,395.0,Elobstacle2
1531.6820693123827,-407.93266739736606,-8.0,Elobstacle1
1667.0,78.0,395.0,Elobstacle2
1530.8160439085982,-407.43266739736606,13.0,Elobstacle1
1688.0,73.0,395.0,Elobstacle2
1530.8160439085982,-407.43266739736606,42.0,Elobstacle1
1710.0,67.0,395.0,Elobstacle2
1530.8160439085982,-407.43266739736606,-62.0,Elobstacle1
1650.0,84.0,335.0,Elobstacle2
1530.8160439085982,-407.43266739736606,-145.0,Elobstacle1
1650.0,84.0,353.0,Elobstacle2
1530.8160439085982,-407.43266739736606,-119.0,Elobstacle1
1650.0,84.0,372.0,Elobstacle2
1530.8160439085982,-407.43266739736606,-88.0,Elobstacle1
1650.0,84.0,390.0,Elobstacle2
1530.8160439085982,-407.43266739736606,-268.0,Elobstacle1
1942.0,12.0,-60.0,Elobstacle3
1530.8160439085982,-407.43266739736606,-234.0,Elobstacle1
1650.0,87.0,277.0,Elobstacle2
1530.8160439085982,-407.43266739736606,-203.0,Elobstacle1
1650.0,85.0,296.0,Elobstacle2
1530.8160439085982,-407.43266739736606,-174.0,Elobstacle1
1650.0,84.0,314.0,Elobstacle2
1290.0,-439.2414391999484,-58.51433410679806,El球体
1844.0,36.0,-60.0,Elobstacle3
1339.0,-441.6355061494825,-109.23344805873538,El球体
1868.0,30.0,-60.0,Elobstacle3
1402.0,-423.76222157658236,-169.663381171355,El球体
1893.0,25.0,-60.0,Elobstacle3
1917.0,19.0,-60.0,Elobstacle3
1277.0,-423.8389446372751,-70.06700902789946,El球体
1753.0,43.0,-60.0,Elobstacle3
1278.0,-443.07819768077127,-71.42561631854757,El球体
1775.0,53.0,-60.0,Elobstacle3
1248.0,-425.65027437327416,-99.19731192895424,El球体
1798.0,43.0,-60.0,Elobstacle3
1263.0,-425.0242517993226,-84.13156466356091,El球体
1821.0,45.0,-60.0,Elobstacle3
1215.0,-426.68030884608316,-132.46713270040462,El球体
1740.0,45.0,-126.0,Elobstacle3
1740.0,49.0,-99.0,Elobstacle3
1740.0,53.0,-72.0,Elobstacle3
1233.0,-425.75227902134543,-114.25114992594479,El球体
1740.0,47.0,-60.0,Elobstacle3
1238.0,-426.18805773508376,-109.27017643548606,El球体
1740.0,52.0,-242.0,Elobstacle3
1206.0,-427.44155081968523,-141.7165398455411,El球体
1740.0,54.0,-213.0,Elobstacle3
1740.0,49.0,-183.0,Elobstacle3
1740.0,48.0,-154.0,Elobstacle3
1177.0,-429.2718385456679,-176.25393406584087,El球体
1740.0,46.0,-272.0,Elobstacle3
1185.0,-428.450488130146,-164.10694332853933,El球体
1192.0,-428.13920386142894,-156.36203561001707,El球体
1696.0,1123.0,395.0,Elobstacle2
1716.0,1146.0,395.0,Elobstacle2
1741.0,1163.0,395.0,Elobstacle2
1761.0,1189.0,395.0,Elobstacle2
1650.0,1061.0,395.0,Elobstacle2
1660.0,1075.0,395.0,Elobstacle2
1678.0,1099.0,395.0,Elobstacle2
1650.0,1061.0,379.0,Elobstacle2
1650.0,1061.0,303.0,Elobstacle2
1650.0,1062.0,326.0,Elobstacle2
1650.0,1061.0,340.0,Elobstacle2
1650.0,1062.0,367.0,Elobstacle2
1650.0,1061.0,267.0,Elobstacle2
1650.0,1061.0,284.0,Elobstacle2
1888.0,1042.0,395.0,Elobstacle2
1921.0,1050.0,395.0,Elobstacle2
1767.0,1008.0,395.0,Elobstacle2
1796.0,1016.0,395.0,Elobstacle2
1826.0,1025.0,395.0,Elobstacle2
1857.0,1033.0,395.0,Elobstacle2
1657.0,978.0,395.0,Elobstacle2
1684.0,984.0,395.0,Elobstacle2
1711.0,992.0,395.0,Elobstacle2
1739.0,999.0,395.0,Elobstacle2
1650.0,944.0,395.0,Elobstacle2
1650.0,944.0,351.0,Elobstacle2
1650.0,944.0,372.0,Elobstacle2
1650.0,944.0,391.0,Elobstacle2
1650.0,944.0,293.0,Elobstacle2
1650.0,944.0,313.0,Elobstacle2
1650.0,944.0,334.0,Elobstacle2
1650.0,945.0,274.0,Elobstacle2
1650.0,0.0,395.0,Elobstacle2
1650.0,2.0,337.0,Elobstacle2
1650.0,1.0,356.0,Elobstacle2
1650.0,0.0,374.0,Elobstacle2
1650.0,0.0,391.0,Elobstacle2
1650.0,0.0,277.0,Elobstacle2
1650.0,0.0,299.0,Elobstacle2
1650.0,0.0,319.0,Elobstacle2
1753.0,-32.0,-60.0,Elobstacle3
1775.0,-40.0,-60.0,Elobstacle3
1798.0,-51.0,-60.0,Elobstacle3
1821.0,-55.0,-60.0,Elobstacle3
1740.0,-25.0,-128.0,Elobstacle3
1740.0,-25.0,-99.0,Elobstacle3
1740.0,-31.0,-72.0,Elobstacle3
1740.0,-31.0,-60.0,Elobstacle3
1740.0,-28.0,-241.0,Elobstacle3
1740.0,-27.0,-212.0,Elobstacle3
1740.0,-34.0,-183.0,Elobstacle3
1740.0,-31.0,-154.0,Elobstacle3
1740.0,-27.0,-272.0,Elobstacle3
1896.0,1161.0,395.0,Elobstacle2
1930.0,1172.0,395.0,Elobstacle2
1832.0,1138.0,395.0,Elobstacle2
1863.0,1150.0,395.0,Elobstacle2
1712.0,1099.0,395.0,Elobstacle2
1741.0,1108.0,395.0,Elobstacle2
1770.0,1119.0,395.0,Elobstacle2
1800.0,1129.0,395.0,Elobstacle2
1650.0,1045.0,395.0,Elobstacle2
1656.0,1081.0,395.0,Elobstacle2
1650.0,1045.0,387.0,Elobstacle2
1684.0,1089.0,395.0,Elobstacle2
1650.0,1045.0,313.0,Elobstacle2
1650.0,1045.0,333.0,Elobstacle2
1650.0,1045.0,348.0,Elobstacle2
1650.0,1045.0,368.0,Elobstacle2
1650.0,1045.0,274.0,Elobstacle2
1650.0,1047.0,294.0,Elobstacle2
1652.0,1187.0,395.0,Elobstacle2
1680.0,1198.0,395.0,Elobstacle2
1716.0,1200.0,395.0,Elobstacle2
1754.0,1199.0,395.0,Elobstacle2
1650.0,1151.0,395.0,Elobstacle2
1650.0,1151.0,351.0,Elobstacle2
1650.0,1152.0,368.0,Elobstacle2
1650.0,1151.0,387.0,Elobstacle2
1650.0,1151.0,269.0,Elobstacle2
1650.0,1151.0,286.0,Elobstacle2
1650.0,1151.0,304.0,Elobstacle2
1650.0,1151.0,329.0,Elobstacle2
1775.138438763306,-330.25386608210715,80.0,Elobstacle1
1799.0929214352104,-326.7634850253406,80.0,Elobstacle1
1706.2749907475932,-335.52885682970026,80.0,Elobstacle1
1729.4974226119286,-329.3064249653648,80.0,Elobstacle1
1683.6865334794732,-338.6532124826824,80.0,Elobstacle1
1752.451905283833,-327.5480947161671,80.0,Elobstacle1
1598.3327044069936,-342.4903810567666,80.0,Elobstacle1
1618.287187078898,-345.9282032302755,80.0,Elobstacle1
1641.2775681356645,-336.10769515458674,80.0,Elobstacle1
1662.2320508075688,-337.8134665205268,80.0,Elobstacle1
1536.0314342177717,-350.39934640057527,80.0,Elobstacle1
1555.6198914858917,-352.47114317029974,80.0,Elobstacle1
1576.4762979464426,-348.3467875173176,80.0,Elobstacle1
1515.6750277572207,-353.65767664977295,80.0,Elobstacle1
1474.096189432334,-359.6743371481683,54.0,Elobstacle1
1474.096189432334,-359.6743371481683,80.0,Elobstacle1
1477.096189432334,-354.4781847254617,80.0,Elobstacle1
1495.8186212966696,-356.0499814951862,80.0,Elobstacle1
1474.096189432334,-359.6743371481683,29.0,Elobstacle1
1474.096189432334,-359.6743371481683,-49.0,Elobstacle1
1474.096189432334,-359.6743371481683,-22.0,Elobstacle1
1476.096189432334,-356.2102355330306,5.0,Elobstacle1
1474.096189432334,-359.6743371481683,-164.0,Elobstacle1
1474.096189432334,-359.6743371481683,-137.0,Elobstacle1
1474.096189432334,-359.6743371481683,-108.0,Elobstacle1
1474.096189432334,-359.6743371481683,-78.0,Elobstacle1
1474.596189432334,-358.8083117443839,-258.0,Elobstacle1
1474.096189432334,-359.6743371481683,-225.0,Elobstacle1
1474.096189432334,-359.6743371481683,-197.0,Elobstacle1
1282.0,-378.78768580229047,-72.6382509528218,El球体
1305.0,-376.0724425478136,-81.3370905745991,El球体
1260.0,-380.6965016581149,-95.71337580559155,El球体
1271.0,-377.6993891201168,-84.99127240516951,El球体
1246.0,-381.7000400005394,-110.90504313598774,El球体
1224.0,-384.12873771015927,-135.70268019695266,El球体
1232.0,-382.717531637182,-126.75511712121553,El球体
1256.0,-379.5948455231803,-100.70041934723527,El球体
1203.0,-386.39110464610076,-167.0987538163692,El球体
1213.0,-384.761955616527,-150.4317699544192,El球体
1775.138438763306,-330.25386608210715,80.0,Elobstacle1
1797.057023050348,-338.2897644669694,80.0,Elobstacle1
1818.8416327411746,-348.5577136594005,80.0,Elobstacle1
1692.9641016151377,-288.58399310102936,80.0,Elobstacle1
1713.0166604983954,-297.85194229346047,80.0,Elobstacle1
1733.4352447854376,-308.48591688967605,80.0,Elobstacle1
1754.3538290724796,-318.25386608210715,80.0,Elobstacle1
1615.6198914858917,-248.5480947161671,80.0,Elobstacle1
1634.8064249653648,-257.3160439085982,80.0,Elobstacle1
1653.992958444838,-266.08399310102936,80.0,Elobstacle1
1673.5455173280957,-276.2179676972449,80.0,Elobstacle1
1543.596189432334,-239.29680602213136,80.0,Elobstacle1
1559.9263164512563,-221.01219633130484,80.0,Elobstacle1
1578.1128499307297,-231.51219633130484,80.0,Elobstacle1
1596.9333580064183,-238.91412011995152,80.0,Elobstacle1
1544.596189432334,-237.5647552145625,-4.0,Elobstacle1
1543.596189432334,-239.29680602213136,20.0,Elobstacle1
1544.096189432334,-238.43078061834694,43.0,Elobstacle1
1543.596189432334,-239.29680602213136,70.0,Elobstacle1
1543.596189432334,-239.29680602213136,-111.0,Elobstacle1
1543.596189432334,-239.29680602213136,-87.0,Elobstacle1
1543.596189432334,-239.29680602213136,-57.0,Elobstacle1
1543.596189432334,-239.29680602213136,-32.0,Elobstacle1
1544.096189432334,-238.43078061834694,-232.0,Elobstacle1
1544.596189432334,-237.5647552145625,-203.0,Elobstacle1
1543.596189432334,-239.29680602213136,-174.0,Elobstacle1
1544.096189432334,-238.43078061834694,-141.0,Elobstacle1
1543.596189432334,-239.29680602213136,-267.0,Elobstacle1
1755.2531754730549,-422.69615242270663,80.0,Elobstacle1
1776.0377851638814,-434.69615242270663,80.0,Elobstacle1
1675.5788383248864,-376.69615242270663,80.0,Elobstacle1
1695.131397208144,-386.8301270189222,80.0,Elobstacle1
1715.0499814951863,-398.3301270189222,80.0,Elobstacle1
1735.4685657822283,-408.9641016151378,80.0,Elobstacle1
1600.2346281956402,-333.19615242270663,80.0,Elobstacle1
1618.287187078898,-345.9282032302755,80.0,Elobstacle1
1637.4737205583713,-354.69615242270663,80.0,Elobstacle1
1656.6602540378444,-363.46410161513774,80.0,Elobstacle1
1528.7205450853164,-293.06217782649105,80.0,Elobstacle1
1546.041053161005,-303.06217782649105,80.0,Elobstacle1
1613.450018504814,-262.3064249653648,80.0,Elobstacle1
1564.361561236694,-311.33012701892216,80.0,Elobstacle1
1634.9403995615803,-255.08399310102934,80.0,Elobstacle1
1582.048094716167,-322.69615242270663,80.0,Elobstacle1
1655.3948822334846,-257.65578987075384,80.0,Elobstacle1
1505.096189432334,-305.98076211353316,32.0,Elobstacle1
1677.2512886940358,-251.7993834102028,80.0,Elobstacle1
1505.596189432334,-305.11473670974874,53.0,Elobstacle1
1551.8807991231606,-272.9474411167423,80.0,Elobstacle1
1505.096189432334,-305.98076211353316,80.0,Elobstacle1
1592.7275866404784,-264.19872981077805,80.0,Elobstacle1
1508.096189432334,-300.7846096908265,80.0,Elobstacle1
1532.6583672588254,-272.2416697508023,80.0,Elobstacle1
1505.096189432334,-305.98076211353316,-77.0,Elobstacle1
1572.3711801799273,-267.4570600599758,80.0,Elobstacle1
1505.096189432334,-305.98076211353316,-46.0,Elobstacle1
1521.596189432334,-277.4019237886467,16.0,Elobstacle1
1505.096189432334,-305.98076211353316,-21.0,Elobstacle1
1521.596189432334,-277.4019237886467,42.0,Elobstacle1
1507.596189432334,-301.65063509461095,4.0,Elobstacle1
1521.596189432334,-277.4019237886467,67.0,Elobstacle1
1505.096189432334,-305.98076211353316,-194.0,Elobstacle1
1521.596189432334,-277.4019237886467,80.0,Elobstacle1
1505.096189432334,-305.98076211353316,-164.0,Elobstacle1
1521.596189432334,-277.4019237886467,-10.0,Elobstacle1
1505.096189432334,-305.98076211353316,-135.0,Elobstacle1
1521.596189432334,-277.4019237886467,-92.0,Elobstacle1
1505.096189432334,-305.98076211353316,-104.0,Elobstacle1
1521.596189432334,-277.4019237886467,-64.0,Elobstacle1
1521.596189432334,-277.4019237886467,-34.0,Elobstacle1
1521.596189432334,-277.4019237886467,-210.0,Elobstacle1
1505.096189432334,-305.98076211353316,-255.0,Elobstacle1
1522.596189432334,-275.6698729810778,-178.0,Elobstacle1
1505.096189432334,-305.98076211353316,-226.0,Elobstacle1
1521.596189432334,-277.4019237886467,-151.0,Elobstacle1
1521.596189432334,-277.4019237886467,-121.0,Elobstacle1
1521.596189432334,-277.4019237886467,-240.0,Elobstacle1
1274.0,-314.96589137109993,-159.5834374947097,El球体
1281.0,-313.571831379319,-139.14605375183578,El球体
1272.0,-315.3995567003667,-189.15135298850413,El球体
1290.0,-312.4217760218543,-120.36841670970054,El球体
1572.0961894323343,-189.93335800641836,69.0,Elobstacle1
1572.0961894323343,-189.93335800641836,80.0,Elobstacle1
1572.0961894323343,-189.93335800641836,-34.0,Elobstacle1
1572.0961894323343,-189.93335800641836,-8.0,Elobstacle1
1572.0961894323343,-189.93335800641836,19.0,Elobstacle1
1572.0961894323343,-189.93335800641836,44.0,Elobstacle1
1572.0961894323343,-189.93335800641836,-114.0,Elobstacle1
1572.0961894323343,-189.93335800641836,-86.0,Elobstacle1
1572.0961894323343,-189.93335800641836,-58.0,Elobstacle1
1572.0961894323343,-189.93335800641836,-144.0,Elobstacle1
1572.0961894323343,-189.93335800641836,-233.0,Elobstacle1
1572.0961894323343,-189.93335800641836,-266.0,Elobstacle1
1572.0961894323343,-189.93335800641836,-205.0,Elobstacle1
1572.5961894323343,-189.06733260263394,-172.0,Elobstacle1
1924.0,0.0,395.0,Elobstacle2
1871.0,0.0,395.0,Elobstacle2
1871.0,0.0,370.0,Elobstacle2
1873.0,0.0,395.0,Elobstacle2
1898.0,0.0,395.0,Elobstacle2
1871.0,0.0,314.0,Elobstacle2
1871.0,0.0,339.0,Elobstacle2
1871.0,0.0,297.0,Elobstacle2
1871.0,0.0,351.0,Elobstacle2
1871.0,0.0,276.0,Elobstacle2
1942.0,-14.0,-60.0,Elobstacle3
1968.0,-7.0,-60.0,Elobstacle3
1993.0,-1.0,-60.0,Elobstacle3
2020.0,6.0,-60.0,Elobstacle3
1893.0,-26.0,-60.0,Elobstacle3
1917.0,-20.0,-60.0,Elobstacle3
1844.0,-39.0,-60.0,Elobstacle3
1868.0,-33.0,-60.0,Elobstacle3
1753.0,-55.0,-60.0,Elobstacle3
1775.0,-55.0,-60.0,Elobstacle3
1798.0,-51.0,-60.0,Elobstacle3
1821.0,-45.0,-60.0,Elobstacle3
1740.0,-55.0,-72.0,Elobstacle3
1740.0,-55.0,-127.0,Elobstacle3
1740.0,-55.0,-100.0,Elobstacle3
1740.0,-55.0,-60.0,Elobstacle3
1740.0,-55.0,-243.0,Elobstacle3
1740.0,-55.0,-215.0,Elobstacle3
1740.0,-52.0,-183.0,Elobstacle3
1740.0,-54.0,-154.0,Elobstacle3
1740.0,-55.0,-275.0,Elobstacle3
1922.0,84.0,395.0,Elobstacle2
1823.0,55.0,395.0,Elobstacle2
1847.0,60.0,395.0,Elobstacle2
1872.0,66.0,395.0,Elobstacle2
1897.0,74.0,395.0,Elobstacle2
1800.0,44.0,395.0,Elobstacle2
1733.0,23.0,395.0,Elobstacle2
1755.0,30.0,395.0,Elobstacle2
1777.0,37.0,395.0,Elobstacle2
1650.0,0.0,395.0,Elobstacle2
1669.0,2.0,395.0,Elobstacle2
1690.0,9.0,395.0,Elobstacle2
1711.0,16.0,395.0,Elobstacle2
1650.0,1.0,356.0,Elobstacle2
1650.0,0.0,335.0,Elobstacle2
1650.0,0.0,374.0,Elobstacle2
1650.0,0.0,391.0,Elobstacle2
1650.0,0.0,277.0,Elobstacle2
1650.0,0.0,299.0,Elobstacle2
1650.0,0.0,319.0,Elobstacle2
1753.0,29.0,-60.0,Elobstacle3
1775.0,36.0,-60.0,Elobstacle3
1798.0,43.0,-60.0,Elobstacle3
1821.0,50.0,-60.0,Elobstacle3
1740.0,25.0,-74.0,Elobstacle3
1740.0,25.0,-126.0,Elobstacle3
1740.0,25.0,-98.0,Elobstacle3
1740.0,25.0,-60.0,Elobstacle3
1740.0,27.0,-242.0,Elobstacle3
1740.0,27.0,-211.0,Elobstacle3
1740.0,27.0,-183.0,Elobstacle3
1740.0,25.0,-155.0,Elobstacle3
1740.0,28.0,-272.0,Elobstacle3
1915.0,184.0,395.0,Elobstacle2
1818.0,146.0,395.0,Elobstacle2
1866.0,164.0,395.0,Elobstacle2
1842.0,155.0,395.0,Elobstacle2
1890.0,174.0,395.0,Elobstacle2
1795.0,138.0,395.0,Elobstacle2
1729.0,113.0,395.0,Elobstacle2
1751.0,121.0,395.0,Elobstacle2
1772.0,135.0,395.0,Elobstacle2
1650.0,84.0,395.0,Elobstacle2
1667.0,90.0,395.0,Elobstacle2
1687.0,97.0,395.0,Elobstacle2
1708.0,105.0,395.0,Elobstacle2
1650.0,84.0,390.0,Elobstacle2
1650.0,84.0,335.0,Elobstacle2
1650.0,84.0,353.0,Elobstacle2
1650.0,84.0,372.0,Elobstacle2
1650.0,85.0,275.0,Elobstacle2
1650.0,85.0,296.0,Elobstacle2
1650.0,84.0,314.0,Elobstacle2
1903.0,283.0,395.0,Elobstacle2
1928.0,295.0,395.0,Elobstacle2
1808.0,241.0,395.0,Elobstacle2
1831.0,251.0,395.0,Elobstacle2
1854.0,264.0,395.0,Elobstacle2
1878.0,275.0,395.0,Elobstacle2
1720.0,208.0,395.0,Elobstacle2
1741.0,218.0,395.0,Elobstacle2
1763.0,224.0,395.0,Elobstacle2
1785.0,234.0,395.0,Elobstacle2
1650.0,173.0,395.0,Elobstacle2
1659.0,181.0,395.0,Elobstacle2
1679.0,189.0,395.0,Elobstacle2
1700.0,194.0,395.0,Elobstacle2
1650.0,173.0,348.0,Elobstacle2
1650.0,173.0,323.0,Elobstacle2
1650.0,173.0,366.0,Elobstacle2
1650.0,174.0,384.0,Elobstacle2
1650.0,173.0,269.0,Elobstacle2
1650.0,174.0,290.0,Elobstacle2
1650.0,173.0,308.0,Elobstacle2
1885.0,385.0,395.0,Elobstacle2
1910.0,395.0,395.0,Elobstacle2
1930.0,431.0,395.0,Elobstacle2
1792.0,340.0,395.0,Elobstacle2
1815.0,348.0,395.0,Elobstacle2
1838.0,359.0,395.0,Elobstacle2
1861.0,373.0,395.0,Elobstacle2
1770.0,329.0,395.0,Elobstacle2
1707.0,296.0,395.0,Elobstacle2
1728.0,305.0,395.0,Elobstacle2
1749.0,315.0,395.0,Elobstacle2
1650.0,264.0,392.0,Elobstacle2
1650.0,264.0,395.0,Elobstacle2
1667.0,276.0,395.0,Elobstacle2
1687.0,285.0,395.0,Elobstacle2
1650.0,264.0,337.0,Elobstacle2
1650.0,265.0,373.0,Elobstacle2
1650.0,264.0,318.0,Elobstacle2
1650.0,264.0,354.0,Elobstacle2
1650.0,264.0,275.0,Elobstacle2
1650.0,264.0,296.0,Elobstacle2
1911.0,509.0,395.0,Elobstacle2
1930.0,545.0,395.0,Elobstacle2
1862.0,484.0,395.0,Elobstacle2
1886.0,497.0,395.0,Elobstacle2
1772.0,432.0,395.0,Elobstacle2
1839.0,470.0,395.0,Elobstacle2
1794.0,444.0,395.0,Elobstacle2
1816.0,458.0,395.0,Elobstacle2
1730.0,408.0,395.0,Elobstacle2
1752.0,417.0,395.0,Elobstacle2
1690.0,382.0,395.0,Elobstacle2
1710.0,394.0,395.0,Elobstacle2
1650.0,360.0,377.0,Elobstacle2
1650.0,360.0,395.0,Elobstacle2
1650.0,364.0,395.0,Elobstacle2
1669.0,376.0,395.0,Elobstacle2
1650.0,360.0,298.0,Elobstacle2
1650.0,360.0,317.0,Elobstacle2
1650.0,360.0,337.0,Elobstacle2
1650.0,363.0,358.0,Elobstacle2
1650.0,360.0,279.0,Elobstacle2
