1488.0,506.4363163476378,394.18595719782235,Elobstacle2
1508.0,506.4363163476378,394.18595719782235,Elobstacle2
1528.0,506.4363163476378,394.18595719782235,Elobstacle2
1412.0,504.43639250150943,394.1685041268256,Elobstacle2
1431.0,503.43643057844525,394.15977759132727,Elobstacle2
1450.0,503.43643057844525,394.15977759132727,Elobstacle2
1469.0,504.43639250150943,394.1685041268256,Elobstacle2
1340.0,504.43639250150943,394.1685041268256,Elobstacle2
1358.0,503.43643057844525,394.15977759132727,Elobstacle2
1376.0,503.43643057844525,394.15977759132727,Elobstacle2
1394.0,503.43643057844525,394.15977759132727,Elobstacle2
1289.0,504.43639250150943,394.1685041268256,Elobstacle2
1306.0,503.43643057844525,394.15977759132727,Elobstacle2
1272.0,505.43635442457355,394.17723066232395,Elobstacle2
1323.0,504.43639250150943,394.1685041268256,Elobstacle2
1250.0,495.4367351939319,394.08996530734026,Elobstacle2
1256.0,504.43639250150943,394.1685041268256,Elobstacle2
1250.0,495.6898047233847,365.09106953847925,Elobstacle2
1250.0,495.52400054891564,384.09034607669855,Elobstacle2
1250.0,496.3879275632546,285.09411569334554,Elobstacle2
1250.0,496.2046703177888,306.09331607769315,Elobstacle2
1250.0,495.0301776847571,326.08382800347823,Elobstacle2
1250.0,494.8556469747897,346.08306646476166,Elobstacle2
1250.0,495.5537698146596,266.08611261962795,Elobstacle2
1306.853462387655,505.19105313886973,-124.79458585001662,Elobstacle4
1326.0587703934034,504.4556223798351,-124.0101841652877,Elobstacle4
1349.203697535152,494.5438121268236,-123.74871693704472,Elobstacle4
1269.6767998346816,504.7991847412761,-126.45054496222212,Elobstacle4
1232.9982346307538,505.27004625934535,-128.01934833167996,Elobstacle4
1251.3375172327176,505.03461550031074,-127.23494664695104,Elobstacle4
1288.514179785691,505.42648389790435,-125.57898753474554,Elobstacle4
1200.80152810306,495.5037147169955,-134.1830206927384,Elobstacle4
1200.6272166175647,495.2017983677748,-130.19824190037144,Elobstacle4
1215.0268800835283,504.1427471027171,-128.89090575915657,Elobstacle4
1200.8324615540066,495.5572930256881,-169.3113023541925,Elobstacle4
1200.4833868496012,494.95267790202087,-241.64741081603177,Elobstacle4
1200.4707424291737,494.9307771234083,-275.7794977793941,Elobstacle4
1200.4524533986546,494.89909959332823,-206.51912915457768,Elobstacle4
1722.3283126830945,-513.7236876071521,64.83868798511742,Elobstacle1
1682.9835479855162,-489.8708190751996,65.01233616278435,Elobstacle1
1663.5573675749804,-477.5179505432472,65.18598434045128,Elobstacle1
1702.4097283960523,-502.2236876071521,64.83868798511742,Elobstacle1
1644.6235910409505,-464.3122134793423,65.53328069578515,Elobstacle1
1589.316747547974,-430.10647641543744,65.88057705111902,Elobstacle1
1607.5032810274474,-440.60647641543744,65.88057705111902,Elobstacle1
1626.063436034199,-452.45934494738987,65.70692887345209,Elobstacle1
1571.7414002942348,-416.5478708195801,66.40152158411979,Elobstacle1
1536.2343587390728,-396.0478708195801,66.40152158411979,Elobstacle1
1554.0472706912676,-405.1950022876277,66.57516976178673,Elobstacle1
1519.525036889118,-382.9892652237228,66.92246611712059,Elobstacle1
1470.4622431875453,-365.9685166761171,59.10348964471109,Elobstacle1
1476.3425490491238,-355.7835281598179,67.26976247245446,Elobstacle1
1485.3764246142464,-362.13639669177036,67.09611429478753,Elobstacle1
1502.204528813429,-372.9892652237228,66.92246611712059,Elobstacle1
1470.6632299023574,-365.62039747441594,33.78870310873819,Elobstacle1
1470.7464476331427,-365.4762601366053,-18.98413364689901,Elobstacle1
1470.4550304714487,-365.9810094668566,-44.472568360538865,Elobstacle1
1470.5454609183305,-365.8243793383064,6.330652889073917,Elobstacle1
1470.9164894527614,-365.18173906561424,-72.74177815554842,Elobstacle1
1470.6536129475621,-365.63705452873535,-104.31270756492844,Elobstacle1
1472.5613386631996,-362.3327766623457,-160.50383079961367,Elobstacle1
1470.4490198747017,-365.99142012580626,-130.7859500315805,Elobstacle1
1475.600181772371,-357.06934600103045,-194.97210215504094,Elobstacle1
1389.0,-398.0749090165776,-200.2383205661808,El球体
1295.0,-328.29677654807745,-135.7401938561192,El球体
1317.0,-345.39398770013077,-149.5852424592156,El球体
1340.0,-362.4752149867093,-165.05671230122695,El球体
1364.0,-379.8615498298394,-181.89475461879874,El球体
1290.0,-324.4110467407926,-132.59359190087,El球体
1275.0,-313.3296592157251,-193.10507777565508,El球体
1279.0,-316.1554082885198,-168.04406153741786,El球体
1283.0,-320.568593118555,-150.25558331043374,El球体
1275.0,-313.6407626746815,-228.7540031880285,El球体
1336.0,-445.0687478932011,-137.1950696788526,El球体
1285.0,-391.45321631923923,-95.50510429943242,El球体
1275.0,-383.06182452082777,-108.5131969551219,El球体
1288.0,-394.8426854110511,-91.64414031120953,El球体
1304.0,-418.0976876983361,-101.01660122795334,El球体
1241.0,-365.0072829146728,-160.4843351294445,El球体
1250.0,-371.21382405972474,-142.85158946687937,El球体
1257.0,-380.54659678898304,-129.10853583307497,El球体
1267.0,-376.16288532109223,-120.1205953700833,El球体
1229.0,-358.462138598238,-202.44410070888085,El球体
1234.0,-361.9762979464426,-176.5,El球体
1265.0,-459.8601910214284,-120.47254515102512,El球体
1254.0,-449.7557524693332,-128.24674199162598,El球体
1276.0,-469.48496447161057,-112.8802888634679,El球体
1287.0,-480.0,-106.07695154586736,El球体
1233.0,-430.3246746926552,-144.8125695207209,El球体
1244.0,-441.2240763979089,-135.98284941274943,El球体
1223.0,-421.95437181534004,-154.03411368693065,El球体
1213.0,-413.598037355837,-164.44766883788776,El球体
1209.0,-409.1296001056941,-169.43111529585912,El球体
1192.0,-404.2669902237541,-190.57135096357572,El球体
1186.0,-401.0723007362568,-211.6559591122055,El球体
1199.0,-400.7419192591345,-184.44366367848664,El球体
1514.0,424.4394386563757,393.47038128695567,Elobstacle2
1437.0,430.4392101947608,393.52274049994594,Elobstacle2
1456.0,428.43928634863244,393.5052874289492,Elobstacle2
1475.0,427.4393244255682,393.4965608934508,Elobstacle2
1494.0,427.4393244255682,393.4965608934508,Elobstacle2
1383.0,432.4391340408891,393.5401935709427,Elobstacle2
1419.0,430.4392101947608,393.52274049994594,Elobstacle2
1401.0,430.4392101947608,393.52274049994594,Elobstacle2
1365.0,434.43905788701744,393.5576466419394,Elobstacle2
1314.0,436.43898173314574,393.5750997129362,Elobstacle2
1298.0,435.4390198100816,393.5663731774378,Elobstacle2
1331.0,435.4390198100816,393.5663731774378,Elobstacle2
1348.0,434.43905788701744,393.5576466419394,Elobstacle2
1250.0,430.4392101947608,393.52274049994594,Elobstacle2
1265.0,438.4389055792741,393.59255278393294,Elobstacle2
1250.0,436.43898173314574,393.5750997129362,Elobstacle2
1281.0,438.4389055792741,393.59255278393294,Elobstacle2
1250.0,429.91920772410714,338.51610819591815,Elobstacle2
1250.0,434.10231266182967,317.551813953564,Elobstacle2
1250.0,430.7620920082006,356.5241493465716,Elobstacle2
1250.0,431.58752322129726,376.5321143433534,Elobstacle2
1250.0,430.28572221503885,296.51770742722294,Elobstacle2
1250.0,430.46897946050467,275.51850704287534,Elobstacle2
1391.2882844192416,433.4364548256133,-126.53770070496978,Elobstacle4
1334.538385805781,435.1427471027171,-128.89090575915657,Elobstacle4
1352.8776684077447,434.9073163436825,-128.10650407442762,Elobstacle4
1372.0829764134933,434.1718855846479,-127.3221023896987,Elobstacle4
1296.6258671433302,437.4763385364492,-130.37255338586675,Elobstacle4
1259.579373884664,439.3099299701812,-131.85420101257694,Elobstacle4
1277.9186564866277,439.0744992111466,-131.069799327848,Elobstacle4
1314.9651497452942,437.2409077774146,-129.5881517011378,Elobstacle4
1223.398906029782,440.64352140391327,-133.33584863928712,Elobstacle4
1186.8505101201615,443.3398427533081,-134.73034052324965,Elobstacle4
1204.6916953730795,442.24168207861067,-134.0330945812684,Elobstacle4
1240.8721632279614,440.90809064487865,-132.5514469545582,Elobstacle4
1169.2213430534052,440.80522969856605,-284.25889366677177,Elobstacle4
1166.0588992070495,435.32771628059436,-200.4913832843175,Elobstacle4
1169.7451809767208,441.7125435966799,-135.60189795072623,Elobstacle4
1167.3474945843304,437.5596289444436,-241.42252164882672,Elobstacle4
1165.7604021843538,434.81070427137735,-136.2991438927075,Elobstacle4
1165.8100763992338,434.89674253537584,-160.38212813240472,Elobstacle4
1520.0,585.4333082697073,394.8753535021939,Elobstacle2
1459.0,582.4334225005148,394.84917389569875,Elobstacle2
1479.0,583.4333844235789,394.85790043119715,Elobstacle2
1499.0,585.4333082697073,394.8753535021939,Elobstacle2
1439.0,582.4334225005148,394.84917389569875,Elobstacle2
1383.0,577.433612885194,394.80554121820694,Elobstacle2
1402.0,578.4335748082581,394.8142677537053,Elobstacle2
1420.0,581.4334605774507,394.8404473602004,Elobstacle2
1365.0,576.4336509621297,394.79681468270854,Elobstacle2
1311.0,574.4337271160014,394.7793616117118,Elobstacle2
1329.0,574.4337271160014,394.7793616117118,Elobstacle2
1347.0,575.4336890390656,394.78808814721015,Elobstacle2
1277.0,572.4338032698731,394.761908540715,Elobstacle2
1294.0,573.4337651929372,394.7706350762134,Elobstacle2
1250.0,561.4342221161672,394.66591665023293,Elobstacle2
1260.0,571.4338413468089,394.7531820052167,Elobstacle2
1250.0,560.8095012195331,351.6588274229752,Elobstacle2
1250.0,560.9578523230055,334.65947473088426,Elobstacle2
1250.0,561.6262058971314,372.66675434282115,Elobstacle2
1250.0,561.4604017226623,391.6660308810404,Elobstacle2
1250.0,561.4988975239046,272.6618355009056,Elobstacle2
1250.0,562.1236184205387,315.6689247281634,Elobstacle2
1250.0,563.3068375890688,294.67845087931414,Elobstacle2
1238.0777698822592,560.0680593937901,-148.74074013208602,Elobstacle4
1238.1836663889408,560.2514775237064,-139.68783210651264,Elobstacle4
1238.1269923637246,560.1533152325627,-253.12939041835648,Elobstacle4
1238.5070005190764,560.8115086649226,-215.92156361797126,Elobstacle4
1238.4324891967563,560.6824512689248,-179.79708725842545,Elobstacle4
1661.3674618500954,-493.3109785225339,62.58126167544734,Elobstacle1
1682.3723617597825,-492.92942467105695,64.49139162978358,Elobstacle1
1703.7508831967477,-493.90073935153254,66.22787340645286,Elobstacle1
1725.248186982941,-492.6663169681032,68.31165153845603,Elobstacle1
1636.2002612565548,-492.901848634824,16.761564742583772,Elobstacle1
1623.4614905280876,-492.9660467625001,53.19945160403546,Elobstacle1
1622.0745205913024,-493.3683491615827,59.10829812210872,Elobstacle1
1640.2437795911806,-495.8982694379156,60.32383536577723,Elobstacle1
1666.2706174834616,-492.81846384812616,-68.91670976947833,Elobstacle1
1698.6807931397716,-492.6823929291652,-161.48863855262587,Elobstacle1
1682.4757053116166,-492.7504283886457,-115.2026741610521,Elobstacle1
1651.1920273255914,-492.9353481080653,-25.585168636941177,Elobstacle1
1734.5572858957696,-492.54248467839994,-263.90864486589555,Elobstacle1
1716.099202727045,-492.512822536963,-211.7138339562485,Elobstacle1
1287.0,-495.51844692598047,-116.74248462516348,El球体
1263.0,-494.60601229986923,-149.5852424592156,El球体
1274.0,-495.66042558696057,-134.33957441303943,El球体
1286.0,-494.88912653493065,-117.51963058662045,El球体
1247.0,-494.68643411977615,-181.330564036376,El球体
1242.0,-494.897215106593,-206.07480328177923,El球体
1254.0,-494.57355516108373,-165.19168748282527,El球体
1524.0,388.4408094260656,393.15622600901423,Elobstacle2
1460.0,347.4423705804345,392.7984380535809,Elobstacle2
1476.0,356.44202788801203,392.87697687306627,Elobstacle2
1492.0,365.4416851955896,392.9555156925516,Elobstacle2
1508.0,376.44126634929546,393.05150758303375,Elobstacle2
1415.0,316.4435509654452,392.5279154531313,Elobstacle2
1430.0,325.4432082730227,392.6064542726167,Elobstacle2
1400.0,308.4438555809318,392.4581031691443,Elobstacle2
1445.0,336.4427894267286,392.7024461630988,Elobstacle2
1371.0,290.44454096577675,392.3010255301736,Elobstacle2
1343.0,271.4452644275575,392.13522135570446,Elobstacle2
1357.0,280.44492173513504,392.21376017518986,Elobstacle2
1385.0,300.44416019641847,392.38829088515735,Elobstacle2
1316.0,252.44598788933826,391.96941718123537,Elobstacle2
1302.0,247.44617827401737,391.9257845037435,Elobstacle2
1289.0,237.44655904337566,391.83851914875976,Elobstacle2
1329.0,264.44553096610827,392.07413560721585,Elobstacle2
1263.0,220.44720635128476,391.6901680452874,Elobstacle2
1276.0,228.44690173579812,391.7599803292744,Elobstacle2
1250.0,210.44758712064305,391.60290269030367,Elobstacle2
1250.0,213.44747288983552,391.6290822967988,Elobstacle2
1250.0,211.15443649601139,310.6059869221058,Elobstacle2
1250.0,210.98863232154224,329.60526346032503,Elobstacle2
1250.0,209.82286622400898,348.59581346304594,Elobstacle2
1250.0,209.61342937204802,372.594899616586,Elobstacle2
1250.0,210.50353599288212,270.5987834640406,Elobstacle2
1250.0,210.3202787474163,291.59798384838814,Elobstacle2
1516.0,482.43723019409765,393.9765203458614,Elobstacle2
1530.0,501.4365067323169,394.1423245203305,Elobstacle2
1500.0,470.43768711732764,393.8718019198809,Elobstacle2
1439.0,424.4394386563757,393.47038128695567,Elobstacle2
1455.0,431.4391721178249,393.53146703544434,Elobstacle2
1469.0,446.4386009637875,393.66236506791995,Elobstacle2
1485.0,456.43822019442916,393.7496304229037,Elobstacle2
1396.0,389.4407713491297,393.16495254451263,Elobstacle2
1380.0,385.44092365687305,393.1300464025191,Elobstacle2
1409.0,404.4402001950923,393.2958505769882,Elobstacle2
1424.0,413.43985750266984,393.3743893964736,Elobstacle2
1327.0,339.44267519592114,392.7286257695939,Elobstacle2
1354.0,359.4419136572046,392.9031564795614,Elobstacle2
1339.0,354.44210404188374,392.85952380206953,Elobstacle2
1366.0,375.44130442623134,393.04278104753536,Elobstacle2
1274.0,305.4439698117393,392.4319235626492,Elobstacle2
1287.0,314.44362711931683,392.51046238213456,Elobstacle2
1300.0,323.44328442689437,392.5890012016199,Elobstacle2
1313.0,332.44294173447196,392.6675400211053,Elobstacle2
1250.0,284.6454797438543,369.2495420867074,Elobstacle2
1250.0,284.4447694273917,392.24866631718334,Elobstacle2
1262.0,294.4443886580334,392.3359316721671,Elobstacle2
1250.0,284.4622224983885,390.248742471055,Elobstacle2
1250.0,284.80255738282506,351.2502274715523,Elobstacle2
1250.0,285.32614951272745,291.25251208770203,Elobstacle2
1250.0,284.14293034419745,312.2429859365513,Elobstacle2
1477.0,352.4421801957554,392.8420707310728,Elobstacle2
1250.0,283.9945792407251,329.2423386286422,Elobstacle2
1496.0,349.44229442656285,392.81589112457766,Elobstacle2
1458.0,355.4420659649479,392.8682503375679,Elobstacle2
1515.0,348.44233250349873,392.80716458907926,Elobstacle2
1250.0,284.50944483512916,270.2445851678561,Elobstacle2
1404.0,360.44187558026874,392.91188301505974,Elobstacle2
1357.0271568012001,368.09444106656457,-132.9872256682965,Elobstacle4
1387.0,360.44187558026874,392.91188301505974,Elobstacle2
1313.8524391909352,343.313636563147,-145.78783063201917,Elobstacle4
1422.0,357.44198981107627,392.88570340856467,Elobstacle2
1313.4602383485708,342.6343247774004,-136.82207834919345,Elobstacle4
1440.0,356.44202788801203,392.87697687306627,Elobstacle2
1327.4693939316126,344.8988940183658,-136.03767666446453,Elobstacle4
1319.0,368.44157096478216,392.98169529904675,Elobstacle2
1343.9690362598835,351.47711283764534,-134.8174962659973,Elobstacle4
1370.0,361.4418375033329,392.92060955055814,Elobstacle2
1317.4583384675789,345.55923731726944,-188.62420264996422,Elobstacle4
1336.0,365.4416851955896,392.9555156925516,Elobstacle2
1323.5862222602123,350.1730433889885,-269.3159731953956,Elobstacle4
1353.0,363.4417613494613,392.9380626215549,Elobstacle2
1319.8931672408212,347.7764844602557,-224.48721178126706,Elobstacle4
1271.0,372.4414186570388,393.0166014410403,Elobstacle2
1303.0,369.4415328878463,392.99042183454515,Elobstacle2
1255.0,374.44134250316716,393.034054512037,Elobstacle2
1287.0,370.4414948109105,392.9991483700435,Elobstacle2
1250.0,367.8692092811383,343.97483453340396,Elobstacle2
1250.0,366.4416471186538,392.96424222805,Elobstacle2
1250.0,366.7121697191034,361.9654226130607,Elobstacle2
1250.0,367.53760093220006,381.9733876098425,Elobstacle2
1250.0,366.5761348103782,262.96046569420935,Elobstacle2
1250.0,371.05235229579665,323.0018137555515,Elobstacle2
1250.0,369.40148986960327,282.9858837619879,Elobstacle2
1250.0,373.23553338739083,302.0200664422007,Elobstacle2
1475.0,543.434907501012,394.5088390112622,Elobstacle2
1489.0,558.4343363469746,394.6397370437378,Elobstacle2
1301.6413809405701,370.1634632593312,-135.25327497973558,Elobstacle4
1520.0,585.4333082697073,394.8753535021939,Elobstacle2
1283.4322676329134,372.6243538496915,-135.86336517896922,Elobstacle4
1505.0,570.4338794237448,394.7444554697183,Elobstacle2
1320.3485915972724,368.5653025846338,-134.55602903775434,Elobstacle4
1430.0,507.4362782707019,394.19468373332074,Elobstacle2
1339.055802253975,366.96714190993634,-133.85878309577305,Elobstacle4
1444.0,520.4357832705361,394.3081286947996,Elobstacle2
1261.940024858935,375.39869739655563,-166.7079192919458,Elobstacle4
1414.0,499.43658288618855,394.12487144933374,Elobstacle2
1256.302561698798,375.6343247774004,-136.82207834919345,Elobstacle4
1460.0,531.435364424242,394.4041205852817,Elobstacle2
1265.223154325257,375.0852444400517,-136.4734553782028,Elobstacle4
1401.0,484.437154040226,393.9939734168581,Elobstacle2
1273.950242968872,374.2010053729505,-223.4910170831753,Elobstacle4
1386.0,475.43749673264847,393.9154345973728,Elobstacle2
1360.0,450.4384486560442,393.6972712099134,Elobstacle2
1372.0,466.43783942507093,393.8368957778874,Elobstacle2
1319.0,422.4395148102474,393.45292821595893,Elobstacle2
1287.0443758394626,372.88070878587126,-285.2550883648635,Elobstacle4
1331.0,435.4390198100816,393.5663731774378,Elobstacle2
1347.0,440.43882942540245,393.6100058549297,Elobstacle2
1306.0,412.43989557960566,393.3656628609752,Elobstacle2
1255.0,374.44134250316716,393.034054512037,Elobstacle2
1269.0,378.4411901954238,393.0689606540305,Elobstacle2
1281.0,391.44069519525806,393.18240561550937,Elobstacle2
1294.0,398.44042865670724,393.243491363998,Elobstacle2
1250.0,363.70355741441244,362.93920492962974,Elobstacle2
1250.0,363.5203001689466,383.93840531397734,Elobstacle2
1250.0,362.4417994263971,392.92933608605654,Elobstacle2
1250.0,363.8693615888816,343.9399283914105,Elobstacle2
1250.0,362.23595223368494,301.92407455171855,Elobstacle2
1250.0,363.0526569112833,322.93200147156455,Elobstacle2
1250.0,362.5762871181215,262.9255595522159,Elobstacle2
1250.0,362.3755768016589,285.92468378269183,Elobstacle2
1334.538385805781,435.1427471027171,-128.89090575915657,Elobstacle4
1349.804074675529,443.58369583765943,-127.58356961794168,Elobstacle4
1363.2301232715843,458.8382941509159,-125.84045476298851,Elobstacle4
1378.6259814356395,469.5047027171838,-124.35880713627833,Elobstacle4
1275.8133679495274,395.4280325002966,-134.4688732950067,Elobstacle4
1528.0,669.4301098070977,395.6083824840573,Elobstacle2
1292.9186970929684,397.0553316569248,-133.59731586753009,Elobstacle4
1507.0,666.4302240379052,395.58220287756217,Elobstacle2
1305.4787202852392,412.8099299701812,-131.85420101257694,Elobstacle4
1426.0,657.4305667303277,395.5036640580768,Elobstacle2
1320.7444091549871,421.25087870512357,-130.54686487136206,Elobstacle4
1446.0,659.430490576456,395.52111712907356,Elobstacle2
1265.223154325257,375.0852444400517,-136.4734553782028,Elobstacle4
1466.0,661.4304144225844,395.53857020007035,Elobstacle2
1256.302561698798,375.6343247774004,-136.82207834919345,Elobstacle4
1486.0,665.430262114841,395.5734763420638,Elobstacle2
1254.4453093007996,378.4174692615884,-153.75738821675313,Elobstacle4
1369.0,650.4308332688785,395.4425783095882,Elobstacle2
1257.3159167877802,381.3895072776263,-199.58234432897342,Elobstacle4
1387.0,654.4306809611351,395.4774844515817,Elobstacle2
1350.0,650.4308332688785,395.4425783095882,Elobstacle2
1406.0,656.4306048072634,395.4949375225784,Elobstacle2
1279.0,641.4311759613009,395.36403949010287,Elobstacle2
1263.574534194535,386.2297506112609,-283.26269896868007,Elobstacle4
1314.0,645.4310236535575,395.39894563209634,Elobstacle2
1261.7006857254605,382.98414985713845,-240.426326950735,Elobstacle4
1296.0,644.4310617304934,395.39021909659795,Elobstacle2
1332.0,647.4309474996859,395.4163987030931,Elobstacle2
1250.0,628.4316709614667,395.250594528624,Elobstacle2
1262.0,639.4312521151726,395.3465864191061,Elobstacle2
1250.0,628.5974751359357,376.25131799040474,Elobstacle2
1250.0,628.4753036389585,390.2507849133031,Elobstacle2
1250.0,629.1210672658382,316.25360260655447,Elobstacle2
1250.0,629.7806943044658,355.2608441415555,Elobstacle2
1250.0,634.2954075911265,296.2979968227629,Elobstacle2
1250.0,629.9377719434365,337.2615295264004,Elobstacle2
1250.0,628.4439871562139,279.24628491768175,Elobstacle2
1502.0,677.4298051916111,395.6781947680443,Elobstacle2
1519.0,689.4293482683811,395.7829131940248,Elobstacle2
1487.0,662.4303763456485,395.5472967355687,Elobstacle2
1442.0,622.4318994230816,395.1982353156337,Elobstacle2
1459.0,632.4315186537234,395.28550067061747,Elobstacle2
1471.0,650.4308332688785,395.4425783095882,Elobstacle2
1386.0,570.4338794237448,394.7444554697183,Elobstacle2
1400.0,582.4334225005148,394.84917389569875,Elobstacle2
1413.0,597.4328513464774,394.98007192817437,Elobstacle2
1428.0,608.4324325001833,395.0760638186565,Elobstacle2
1333.0,522.4357071166645,394.32558176579636,Elobstacle2
1345.0,536.4351740395629,394.4477532627736,Elobstacle2
1360.0,544.4348694240763,394.5175655467606,Elobstacle2
1372.0,559.4342982700389,394.6484635792362,Elobstacle2
1308.0,498.43662096312437,394.11614491383534,Elobstacle2
1282.0,479.4373444249051,393.95034073936625,Elobstacle2
1294.0,491.4368875016752,394.05505916534673,Elobstacle2
1321.0,509.43620211683026,394.2121368043175,Elobstacle2
1250.0,445.49972478921194,386.65390507097237,Elobstacle2
1250.0,446.4386009637875,393.66236506791995,Elobstacle2
1258.0,457.4381821174934,393.75835695840203,Elobstacle2
1270.0,468.4377632711993,393.8543488488842,Elobstacle2
1250.0,445.8400596736485,347.6553900714697,Elobstacle2
1250.0,446.1978476290818,306.65695122583867,Elobstacle2
1250.0,445.9796842416225,331.6559993024429,Elobstacle2
1250.0,445.6393493571859,370.6545143019456,Elobstacle2
1250.0,445.5294940549559,268.6496716139018,Elobstacle2
1250.0,446.36365180355097,287.6576746876194,Elobstacle2
1306.853462387655,505.19105313886973,-124.79458585001662,Elobstacle4
1268.567705995673,462.87817786175174,-129.67530744388546,Elobstacle4
1254.9038986391865,451.2117692954838,-131.15695507059567,Elobstacle4
1282.2315133521595,474.5445864280197,-128.19365981717527,Elobstacle4
1293.9255111406458,490.7991847412761,-126.45054496222212,Elobstacle4
1240.8721632279614,440.90809064487865,-132.5514469545582,Elobstacle4
1198.9071262885936,412.2225145243889,-136.56061112095045,Elobstacle4
1494.0,274.44515019675,392.1614009621996,Elobstacle2
1214.0426458640345,418.4380034280056,-135.42758646523092,Elobstacle4
1225.368715597782,436.0553316569248,-133.59731586753009,Elobstacle4
1476.0,274.44515019675,392.1614009621996,Elobstacle2
1202.8054262444266,414.97456811103496,-220.50243298890007,Elobstacle4
1513.0,270.4453025044933,392.1264948202061,Elobstacle2
1457.0,281.4448836581992,392.2224867106882,Elobstacle2
1404.0,289.4445790427126,392.2922989946752,Elobstacle2
1196.5468088376715,410.1343247774004,-136.82207834919345,Elobstacle4
1422.0,284.4447694273917,392.24866631718334,Elobstacle2
1204.8100083276227,418.446606127073,-266.3273891011204,Elobstacle4
1440.0,279.44495981207086,392.20503363969146,Elobstacle2
1198.0720343357557,412.77609283308146,-171.68889278240454,Elobstacle4
1337.0,299.4441982733543,392.37956434965895,Elobstacle2
1354.0,294.4443886580334,392.3359316721671,Elobstacle2
1370.0,294.4443886580334,392.3359316721671,Elobstacle2
1387.0,291.44450288884093,392.30975206567194,Elobstacle2
1273.0,309.443817503996,392.4668297046427,Elobstacle2
1289.0,306.44393173480347,392.44065009814756,Elobstacle2
1305.0,302.4440840425468,392.4057439561541,Elobstacle2
1321.0,300.44416019641847,392.38829088515735,Elobstacle2
1250.0,303.51385824959794,384.41477510713906,Elobstacle2
1250.0,307.67951011632374,365.45040471091335,Elobstacle2
1250.0,303.44404596561094,392.4144704916524,Elobstacle2
1526.0,815.4245505744667,396.8824566668199,Elobstacle2
1258.0,310.4437794270602,392.4755562401411,Elobstacle2
1464.0,754.4268732675523,396.3501380014191,Elobstacle2
1250.0,309.38632141475625,284.4622154782138,Elobstacle2
1479.0,769.4263021135148,396.4810360338947,Elobstacle2
1250.0,306.02864769013036,325.4344747173497,Elobstacle2
1496.0,781.4258451902849,396.5857544598752,Elobstacle2
1250.0,303.19456609540697,306.4090185726353,Elobstacle2
1512.0,796.4252740362474,396.7166524923508,Elobstacle2
1250.0,303.8541931340345,345.4162601076364,Elobstacle2
1451.0,736.4275586523972,396.19306036244836,Elobstacle2
1250.0,304.5610425094028,264.4193443394385,Elobstacle2
1407.0,696.4290817298303,395.8439989425134,Elobstacle2
1421.0,710.4285486527288,395.9661704394906,Elobstacle2
1437.0,721.4281298064345,396.06216232997275,Elobstacle2
1354.0,641.4311759613009,395.36403949010287,Elobstacle2
1367.0,655.4306428841993,395.4862109870801,Elobstacle2
1380.0,669.4301098070977,395.6083824840573,Elobstacle2
1395.0,679.4297290377394,395.69564783904104,Elobstacle2
1328.0,616.4321278846966,395.14587610264346,Elobstacle2
1303.0,592.4330417311565,394.9364392506825,Elobstacle2
1316.0,603.4326228848623,395.03243114116464,Elobstacle2
1342.0,626.4317471153383,395.2331414576272,Elobstacle2
1279.0,567.4339936545522,394.7182758632232,Elobstacle2
1256.0,543.434907501012,394.5088390112622,Elobstacle2
1267.0,556.4344125008463,394.62228397274106,Elobstacle2
1291.0,579.4335367313223,394.8229942892036,Elobstacle2
1250.0,535.5312040069808,383.4394455735693,Elobstacle2
1250.0,535.4352121164987,394.4390267272752,Elobstacle2
1250.0,536.8540477434849,346.44958095569336,Elobstacle2
1250.0,536.6795170335174,366.4488194169768,Elobstacle2
1469.0,745.4272159599748,396.2715991819337,Elobstacle2
1250.0,536.0111634593914,328.4415398050399,Elobstacle2
1250.0,535.5696998082232,264.43525019343457,Elobstacle2
1490.0,748.4271017291672,396.29777878842884,Elobstacle2
1250.0,535.403895633754,283.4345267316538,Elobstacle2
1512.0,751.4269874983597,396.323958394924,Elobstacle2
1250.0,535.2293649237865,303.43376519293724,Elobstacle2
1389.0,731.4277490370763,396.1494276849565,Elobstacle2
1408.0,735.427596729333,396.18433382695,Elobstacle2
1428.0,738.4274824985255,396.2105134334451,Elobstacle2
1449.0,740.4274063446538,396.22796650444184,Elobstacle2
1314.0,718.428244037242,396.0359827234776,Elobstacle2
1332.0,722.4280917294988,396.07088886547115,Elobstacle2
1350.0,726.4279394217555,396.1057950074646,Elobstacle2
1369.0,729.4278251909479,396.13197461395976,Elobstacle2
1260.0,711.4285105757929,395.974896974989,Elobstacle2
1295.0,717.4282821141779,396.0272561879793,Elobstacle2
1250.0,698.4290055759586,395.8614520135102,Elobstacle2
1278.0,713.4284344219212,395.99235004598575,Elobstacle2
1254.286251345419,540.141972801521,-124.44596287902598,Elobstacle4
1250.0,698.9700507768579,333.86381278353156,Elobstacle2
1227.8246620362304,516.3091556689851,-127.40925813244637,Elobstacle4
1250.0,698.4464586469554,393.86152816738183,Elobstacle2
1239.3884905304094,530.3382941509159,-125.84045476298851,Elobstacle4
1250.0,698.786793531392,354.8630131678791,Elobstacle2
1200.6272166175647,495.2017983677748,-130.19824190037144,Elobstacle4
1250.0,698.6384424279196,371.86236585997005,Elobstacle2
1215.0268800835283,504.1427471027171,-128.89090575915657,Elobstacle4
1188.6728802404639,474.4962803918671,-132.2899797263152,Elobstacle4
1250.0,699.4674633002652,276.86598316887375,Elobstacle2
1190.6652696366473,477.9472000545184,-131.9413567553246,Elobstacle4
1250.0,699.2754795193009,298.86514547628553,Elobstacle2
1250.0,700.1270903388927,315.8732247038748,Elobstacle2
1188.5913691078079,474.35509896872423,-233.69004591831043,Elobstacle4
1188.5604356568613,474.3015206600316,-198.56176425685638,Elobstacle4
1188.529502205915,474.247942351339,-163.43348259540232,Elobstacle4
1188.7966140442495,474.71059362663755,-272.8031063721315,Elobstacle4
1489.0,197.4480821208088,391.4894577288248,Elobstacle2
1507.0,195.44815827468045,391.47200465782805,Elobstacle2
1526.0,189.44838673629545,391.41964544483784,Elobstacle2
1418.0,214.4474348128997,391.6378088322972,Elobstacle2
1453.0,206.44773942838634,391.5679965483102,Elobstacle2
1471.0,200.44796789000134,391.5156373353199,Elobstacle2
1436.0,206.44773942838634,391.5679965483102,Elobstacle2
1352.0,224.4470540435414,391.72507418728094,Elobstacle2
1385.0,217.44732058209223,391.6639884387923,Elobstacle2
1368.0,223.44709212047724,391.71634765178254,Elobstacle2
1401.0,218.4472825051564,391.67271497429067,Elobstacle2
1288.0,242.44636865869654,391.88215182625163,Elobstacle2
1304.0,236.44659712031148,391.8297926132614,Elobstacle2
1320.0,231.44678750499065,391.78615993576955,Elobstacle2
1336.0,227.44693981273394,391.751253793776,Elobstacle2
1250.0,240.4464448125682,391.8646987552549,Elobstacle2
1273.0,243.44633058176066,391.89087836175,Elobstacle2
1250.0,241.52494555511777,382.87376798317575,Elobstacle2
1258.0,246.4462163509532,391.9170579682451,Elobstacle2
1250.0,244.03100846015172,324.8934295164505,Elobstacle2
1777.0693763653096,-400.9093840491918,86.89200654881759,Elobstacle1
1250.0,240.68206127102428,364.8657268325223,Elobstacle2
1755.5720725791166,-402.1438064326211,84.80822841681442,Elobstacle1
1250.0,241.21437993642513,303.86804952560783,Elobstacle2
1713.0698688832363,-403.7597826675273,80.81432033047503,Elobstacle1
1250.0,241.85655390405594,344.8752149067372,Elobstacle2
1671.314908241913,-408.08149596633837,76.47311588880177,Elobstacle1
1691.9461866243216,-406.34707358290905,78.55689402080492,Elobstacle1
1734.0747687929234,-403.3782288160504,82.72445028481124,Elobstacle1
1250.0,240.58093250429266,261.8609222214143,Elobstacle2
1651.1760337360101,-408.96304981781526,74.56298593446553,Elobstacle1
1250.0,242.3888725694568,283.87753759982274,Elobstacle2
1591.6254356220868,-412.1077113722459,68.83259607145683,Elobstacle1
1611.3906886007112,-409.87328898881657,70.91637420345998,Elobstacle1
1631.0371592301076,-409.84460366929216,72.65285598012929,Elobstacle1
1515.0264430901202,-416.781058246201,61.36572443177883,Elobstacle1
1533.92567066496,-414.04663586277167,63.44950256378198,Elobstacle1
1553.1985197670783,-412.66508201129477,65.35963251811822,Elobstacle1
1571.8601826434626,-414.3421337556752,66.74881793945366,Elobstacle1
1510.1991037172943,-415.14225530531314,-7.858629082721421,Elobstacle1
1496.2459978645084,-417.3097435657254,59.62924265510952,Elobstacle1
1488.7066084084988,-416.3683491615827,59.10829812210872,Elobstacle1
1497.1130366334935,-415.80798836571097,32.51848879077909,Elobstacle1
1573.4632678845626,-411.56550866922606,-204.82017968516303,Elobstacle1
1556.737235523407,-412.53584652778915,-152.625368775516,Elobstacle1
1540.0980272510847,-413.35580065317174,-101.41536561888118,Elobstacle1
1525.711814319332,-414.2734523794718,-56.11420898031962,Elobstacle1
1591.4026220048368,-410.49363587794124,-260.9542216068589,Elobstacle1
1341.0,-433.73824766711124,-139.3228427917682,El球体
1399.0,-423.6234666314353,-196.47703843195305,El球体
1288.0,-428.4405333230392,-89.29474991856127,El球体
1265.0,-430.24378940023007,-112.53685425390921,El球体
1278.0,-429.67428744499006,-99.42238851181625,El球体
1513.0,839.4236367280068,397.09189351878086,Elobstacle2
1290.0,-437.11829141808806,-88.19702754478685,El球体
1241.0,-431.5761504129771,-136.91106279595982,El球体
1448.0,825.4241698051085,396.96972202180365,Elobstacle2
1249.0,-429.99328615922207,-128.61121556541158,El球体
1469.0,830.4239794204293,397.0133546992955,Elobstacle2
1216.0,-431.85417288438373,-162.45550941247618,El球体
1427.0,821.4243221128518,396.9348158798101,Elobstacle2
1227.0,-431.44853972259267,-151.10236899314015,El球体
1491.0,834.423827112686,397.048260841289,Elobstacle2
1348.0,803.4250074976967,396.7777382408394,Elobstacle2
1195.0,-433.1452037580049,-185.27746739995004,El球体
1407.0,816.4245124975309,396.8911832023183,Elobstacle2
1184.0,-433.576803670804,-199.76914460641518,El球体
1367.0,808.4248171130175,396.8213709183313,Elobstacle2
1208.0,-432.6696967693728,-171.0066828318987,El球体
1387.0,811.42470288221,396.8475505248264,Elobstacle2
1292.0,790.4255024978625,396.66429327936055,Elobstacle2
1310.0,795.4253121131833,396.7079259568524,Elobstacle2
1274.0,786.4256548056057,396.6293871373671,Elobstacle2
1329.0,799.42515980544,396.74283209884595,Elobstacle2
1250.0,771.6705689535977,368.4995552590947,Elobstacle2
1250.0,771.4262259596431,396.49848910489146,Elobstacle2
1256.0,782.425807113349,396.59448099537354,Elobstacle2
1511.0,929.4202098037822,397.87728171363455,Elobstacle2
1250.0,771.5047647791285,387.4988317973139,Elobstacle2
1481.0,893.421580573472,397.56312643569305,Elobstacle2
1250.0,770.9760357729765,333.4921614163503,Elobstacle2
1495.0,912.4208571116912,397.7289306101622,Elobstacle2
1250.0,772.3250591159757,293.5024110292818,Elobstacle2
1530.0,941.4197528805523,397.982000139615,Elobstacle2
1250.0,771.1680195539408,311.49299910893853,Elobstacle2
1422.0,829.4240174973651,397.0046281637971,Elobstacle2
1250.0,770.8102315985075,352.49143795456956,Elobstacle2
1436.0,845.4234082663918,397.14425273177113,Elobstacle2
1453.0,857.4229513431619,397.2489711577516,Elobstacle2
1250.0,772.4995898259432,273.5031725679984,Elobstacle2
1467.0,875.422265958317,397.40604879672236,Elobstacle2
1410.0,811.42470288221,396.8475505248264,Elobstacle2
1369.0,767.4263782673866,396.46358296289793,Elobstacle2
1383.0,780.4258832672207,396.5770279243768,Elobstacle2
1397.0,794.4253501901192,396.699199421354,Elobstacle2
1318.0,711.4285105757929,395.974896974989,Elobstacle2
1328.0,729.4278251909479,396.13197461395976,Elobstacle2
1343.0,739.4274444215897,396.2192399689435,Elobstacle2
1355.0,754.4268732675523,396.3501380014191,Elobstacle2
1268.0,662.4303763456485,395.5472967355687,Elobstacle2
1283.0,669.4301098070977,395.6083824840573,Elobstacle2
1294.0,684.4295386530603,395.7392805165329,Elobstacle2
1305.0,699.4289674990229,395.87017854900853,Elobstacle2
1250.0,634.4663486418452,391.30310604935755,Elobstacle2
1250.0,633.4314805767875,395.29422720611586,Elobstacle2
1259.0,645.4310236535575,395.39894563209634,Elobstacle2
1250.0,632.6496820411827,370.2864525940132,Elobstacle2
1250.0,633.14709456459,313.2886229793554,Elobstacle2
1250.0,634.2954075911265,296.2979968227629,Elobstacle2
1250.0,632.9725638546225,333.28786144063884,Elobstacle2
1250.0,633.7892685322208,354.29578836048483,Elobstacle2
1250.0,633.4874294490266,274.29010797985273,Elobstacle2
1498.0,118.45109019873928,390.80006142445325,Elobstacle2
1516.0,114.45124250648257,390.7651552824598,Elobstacle2
1993.0,-10.0,-60.0,Elobstacle3
2020.0,-17.0,-60.0,Elobstacle3
1428.0,139.45029058308688,390.98331866991913,Elobstacle2
1445.0,135.45044289083017,390.9484125279256,Elobstacle2
1463.0,131.45059519857352,390.9135063859321,Elobstacle2
1480.0,124.45086173712428,390.8524206374435,Elobstacle2
1362.0,157.44960519824195,391.1403963088899,Elobstacle2
1379.0,153.44975750598525,391.10549016689635,Elobstacle2
1395.0,144.4501001984077,391.026951347411,Elobstacle2
1411.0,145.4500621214719,391.03567788290934,Elobstacle2
1315.0,168.44918635194784,391.23638819937196,Elobstacle2
1331.0,160.44949096743449,391.16657591538495,Elobstacle2
1346.0,162.44941481356284,391.18402898638175,Elobstacle2
1300.0,170.4491101980762,391.2538412703687,Elobstacle2
1250.0,178.44880558258956,391.3236535543557,Elobstacle2
1255.0,182.44865327484627,391.3585596963492,Elobstacle2
1270.0,177.44884365952538,391.31492701885736,Elobstacle2
1285.0,173.44899596726867,391.28002087686383,Elobstacle2
1250.0,180.72797856466588,359.342325087299,Elobstacle2
1250.0,178.57097707956683,377.32418663145734,Elobstacle2
1250.0,182.07700190766502,319.3525747002305,Elobstacle2
1250.0,177.8938969699425,340.3168689425846,Elobstacle2
1250.0,180.26033530700255,298.33592124488615,Elobstacle2
1250.0,178.43494217084168,278.319229712606,Elobstacle2
1493.0,1039.416021340841,398.83720061845565,Elobstacle2
1505.0,1063.4151074943811,399.0466374704166,Elobstacle2
1521.0,1083.4143459556647,399.2211681803841,Elobstacle2
1463.0,1001.4174682644025,398.5055922695175,Elobstacle2
1511.0,929.4202098037822,397.87728171363455,Elobstacle2
1434.0,965.4188390340923,398.191436991576,Elobstacle2
1466.0,917.4206667270121,397.77256328765407,Elobstacle2
1445.0,988.4179632645682,398.3921473080386,Elobstacle2
1488.0,923.4204382653973,397.8249225006443,Elobstacle2
1478.0,1020.4167448026218,398.67139644398657,Elobstacle2
1423.0,905.4211236502422,397.66784486167353,Elobstacle2
1376.0,902.4212378810496,397.64166525517845,Elobstacle2
1382.0,893.421580573472,397.56312643569305,Elobstacle2
1389.0,919.4205905731405,397.7900163586508,Elobstacle2
1402.0,900.4213140349212,397.6242121841817,Elobstacle2
1403.0,935.4199813421673,397.92964092662476,Elobstacle2
1444.0,911.4208951886271,397.7202040746638,Elobstacle2
1420.0,948.4194863420014,398.04308588810363,Elobstacle2
1303.0,873.4223421121886,397.3885957257256,Elobstacle2
1362.0,888.4217709581512,397.5194937582012,Elobstacle2
1342.0,883.4219613428304,397.47586108070936,Elobstacle2
1326.0,838.4236748049426,397.0831669832825,Elobstacle2
1322.0,878.4221517275095,397.43222840321744,Elobstacle2
1338.0,854.4230655739693,397.2227915512565,Elobstacle2
1362.0,888.4217709581512,397.5194937582012,Elobstacle2
1352.0,867.4225705738036,397.33623651273535,Elobstacle2
1266.0,862.4227609584827,397.2926038352435,Elobstacle2
1280.0,776.4260355749641,396.54212178238333,Elobstacle2
1285.0,866.4226086507394,397.32750997723696,Elobstacle2
1289.0,795.4253121131833,396.7079259568524,Elobstacle2
1250.0,846.423370189456,397.15297926726953,Elobstacle2
1299.0,812.4246648052742,396.85627706032477,Elobstacle2
1250.0,854.4230655739693,397.2227915512565,Elobstacle2
1313.0,824.4242078820442,396.96099548630525,Elobstacle2
1250.0,846.5891743639252,378.1537027290502,Elobstacle2
1250.0,740.4274063446538,396.22796650444184,Elobstacle2
1250.0,848.0603692039015,324.16448541908335,Elobstacle2
1255.0,752.426949421424,396.3326849304224,Elobstacle2
1250.0,846.8858765708699,344.15499734486843,Elobstacle2
1266.0,766.4264163443223,396.4548564273996,Elobstacle2
1250.0,846.7287989318991,362.1543119600235,Elobstacle2
1250.0,740.5321247706344,384.2284234276718,Elobstacle2
1250.0,741.1604353265172,312.2311649670515,Elobstacle2
1250.0,846.2000699257471,308.1476415790599,Elobstacle2
1250.0,739.9772161579872,333.2216388159007,Elobstacle2
1250.0,846.5578578811804,267.14920273342887,Elobstacle2
1250.0,739.8375915900133,349.2210295849274,Elobstacle2
1250.0,846.383327171213,287.1484411947123,Elobstacle2
1250.0,739.6979670220393,365.2204203539542,Elobstacle2
1250.0,741.3349660364847,292.23192650576806,Elobstacle2
1250.0,740.4920817523913,274.2238853551146,Elobstacle2
1495.0,1199.4099290311085,400.2334462981955,Elobstacle2
1435.0,1116.4130894167824,399.50914385183046,Elobstacle2
1451.0,1134.4124040319375,399.6662214908012,Elobstacle2
1464.0,1157.4115282624134,399.86693180726377,Elobstacle2
1479.0,1178.410728646761,400.05018905272965,Elobstacle2
1503.0,43.45394596892652,390.14557126207524,Elobstacle2
1406.0,1078.4145363403436,399.1775355028923,Elobstacle2
1521.0,36.45421250747734,390.0844855135866,Elobstacle2
1381.0,1038.416059417777,398.8284740829573,Elobstacle2
1485.0,49.45371750731147,390.19793047506545,Elobstacle2
1391.0,1061.4151836482529,399.0291843994199,Elobstacle2
1451.0,58.453374814889,390.27646929455085,Elobstacle2
1421.0,1096.4138509554987,399.334613141863,Elobstacle2
1468.0,53.453565199568175,390.232836617059,Elobstacle2
1329.0,969.418686726349,398.22634313356946,Elobstacle2
1434.0,61.45326058408159,390.3026489010459,Elobstacle2
1340.0,988.4179632645682,398.3921473080386,Elobstacle2
1401.0,74.45276558391583,390.4160938625248,Elobstacle2
1352.0,1006.4172778797233,398.5492249470093,Elobstacle2
1369.0,83.45242289149337,390.4946326820102,Elobstacle2
1367.0,1021.416706725686,398.68012297948496,Elobstacle2
1385.0,77.45265135310831,390.44227346901994,Elobstacle2
1316.0,953.4192959573223,398.0867185655955,Elobstacle2
1418.0,70.45291789165913,390.38118772053133,Elobstacle2
1281.0,904.421161727178,397.6591183261752,Elobstacle2
1323.0,100.45177558358421,390.64298378548256,Elobstacle2
1292.0,921.4205144192688,397.80746942964754,Elobstacle2
1354.0,88.45223250681414,390.5382653595021,Elobstacle2
1303.0,938.4198671113597,397.9558205331199,Elobstacle2
1338.0,91.45211827600667,390.56444496599715,Elobstacle2
1250.0,859.4228751892902,397.26642422874835,Elobstacle2
1308.0,104.45162327584086,390.67788992747603,Elobstacle2
1256.0,876.4222278813811,397.4147753322207,Elobstacle2
1250.0,122.45093789099599,390.8349675664468,Elobstacle2
1269.0,889.4217328812153,397.5282202936996,Elobstacle2
1263.0,118.45109019873928,390.80006142445325,Elobstacle2
1250.0,859.4577813312837,393.2665765364917,Elobstacle2
1278.0,110.45139481422592,390.7302491404663,Elobstacle2
1250.0,860.1384511001569,315.2695465374863,Elobstacle2
1293.0,110.45139481422592,390.7302491404663,Elobstacle2
1250.0,859.9551938546911,336.2687469218339,Elobstacle2
1250.0,116.97475848251338,330.78489296960623,Elobstacle2
1250.0,859.8068427512187,353.26809961392485,Elobstacle2
1250.0,124.81737622805599,348.8540198687483,Elobstacle2
1250.0,859.6323120412512,373.2673380752083,Elobstacle2
1250.0,117.63438552114098,369.7921345046073,Elobstacle2
1250.0,859.4439179195358,280.2621526947419,Elobstacle2
1250.0,114.45996904198097,389.7651933593956,Elobstacle2
1250.0,859.3304729580569,293.2616576945762,Elobstacle2
1250.0,117.15801572797926,309.78569258525863,Elobstacle2
1250.0,114.54209752071517,265.76118836394,Elobstacle2
1250.0,117.34999950894348,287.78653027784685,Elobstacle2
1373.0,1190.410271723531,400.15490747871013,Elobstacle2
1345.0,1152.4117186470926,399.82329912977195,Elobstacle2
1322.0,1111.4132798014614,399.4655111743386,Elobstacle2
1332.0,1133.4124421088732,399.6574949553028,Elobstacle2
1505.0,1022.4166686487501,398.6888495149833,Elobstacle2
1362.0,1168.4111094161192,399.9629236977459,Elobstacle2
1529.0,1029.4164021101992,398.7499352634719,Elobstacle2
1274.0,1039.416021340841,398.83720061845565,Elobstacle2
1415.0,992.417810956825,398.4270534500321,Elobstacle2
1287.0,1055.4154121098677,398.97682518642966,Elobstacle2
1437.0,999.4175444182742,398.4881391985207,Elobstacle2
1298.0,1074.4146886480871,399.14262936089875,Elobstacle2
1459.0,1007.4172398027875,398.5579514825077,Elobstacle2
1310.0,1092.4140032632422,399.2997069998695,Elobstacle2
1482.0,1014.4169732642367,398.6190372309963,Elobstacle2
1253.0,1003.417392110531,398.5230453405142,Elobstacle2
1332.0,965.4188390340923,398.191436991576,Elobstacle2
1264.0,1020.4167448026218,398.67139644398657,Elobstacle2
1353.0,971.4186105724774,398.24379620456625,Elobstacle2
1250.0,995.5224151519981,386.45368997975714,Elobstacle2
1373.0,978.4183440339266,398.30488195305486,Elobstacle2
1250.0,995.4176967260175,398.4532330565272,Elobstacle2
1394.0,985.4180774953759,398.36596770154347,Elobstacle2
1250.0,995.1856699268103,310.44785729138175,Elobstacle2
1255.0,939.4198290344239,397.9645470686183,Elobstacle2
1250.0,995.0198657523412,329.447133829601,Elobstacle2
1274.0,945.419600572809,398.0169062816085,Elobstacle2
1250.0,994.854061577872,348.44641036782025,Elobstacle2
1293.0,952.4193340342581,398.0779920300971,Elobstacle2
1250.0,994.7144370098981,364.445801136847,Elobstacle2
1313.0,958.4191055726432,398.1303512430874,Elobstacle2
1250.0,995.3689271722761,289.44865690703415,Elobstacle2
1250.0,925.4203621115255,397.842375571641,Elobstacle2
1250.0,995.552184417742,268.44945652268655,Elobstacle2
1250.0,925.8217827444507,351.84412711068916,Elobstacle2
1250.0,925.6385254989849,372.84332749503676,Elobstacle2
1250.0,925.4901743955126,389.84268018712766,Elobstacle2
1250.0,925.3366864157906,292.83764711440466,Elobstacle2
1250.0,925.1621557058231,312.8368855756881,Elobstacle2
1250.0,925.4937640547614,274.8383324992496,Elobstacle2
1250.0,925.9875869189199,332.8448505724699,Elobstacle2
1259.0,1181.4106144159534,400.0763686592248,Elobstacle2
1272.0,1199.4099290311085,400.2334462981955,Elobstacle2
1250.0,1151.4117567240282,399.81457259427356,Elobstacle2
1253.0,1156.411566339349,399.8582052717654,Elobstacle2
1250.0,1151.7171854664714,364.81590528702753,Elobstacle2
1250.0,1151.5513812920021,383.8151818252468,Elobstacle2
1250.0,1152.362949093351,290.8187229802789,Elobstacle2
1250.0,1151.2320891378113,305.8094252907431,Elobstacle2
1250.0,1151.0226522858502,329.80851144428317,Elobstacle2
1250.0,1151.8829896409407,345.8166287488083,Elobstacle2
1250.0,1151.5462444157527,269.8107960604329,Elobstacle2
1388.0,5.455392892488021,389.813962913137,Elobstacle2
1404.0,-0.5443786458970408,389.7616037001468,Elobstacle2
1372.0,13.455088277001323,389.883775197124,Elobstacle2
1312.0,37.45417443054146,390.09321204908497,Elobstacle2
1342.0,21.45478366151474,389.953587481111,Elobstacle2
1327.0,31.454402892156395,390.04085283609476,Elobstacle2
1357.0,20.454821738450505,389.9448609456126,Elobstacle2
1254.0,58.453374814889,390.27646929455085,Elobstacle2
1297.0,41.454022122798165,390.1281181910785,Elobstacle2
1268.0,50.4536794303757,390.20665701056384,Elobstacle2
1283.0,44.45390789199064,390.1542977975736,Elobstacle2
1250.0,60.59292322899125,374.29453159652087,Elobstacle2
1250.0,56.45345096876076,390.2590162235541,Elobstacle2
1250.0,57.92464580873707,336.26979891358724,Elobstacle2
1250.0,60.7587274034604,355.29525505830156,Elobstacle2
1250.0,52.46591947125114,274.21980047061834,Elobstacle2
1250.0,57.28247184110626,295.2626335324578,Elobstacle2
1250.0,56.0992526725762,316.253107381307,Elobstacle2
1449.0,1098.4137748016271,399.3520662128597,Elobstacle2
1472.0,1108.4133940322688,399.43933156784345,Elobstacle2
1496.0,1116.4130894167824,399.50914385183046,Elobstacle2
1520.0,1126.412708647424,399.5964092068142,Elobstacle2
1361.0,1064.4150694174455,399.055364005915,Elobstacle2
1382.0,1073.4147267250228,399.13390282540036,Elobstacle2
1404.0,1081.4144221095362,399.20371510938736,Elobstacle2
1426.0,1090.4140794171137,399.2822539288727,Elobstacle2
1279.0,1033.4162498024562,398.7848414054654,Elobstacle2
1299.0,1041.4159451869693,398.85465368945245,Elobstacle2
1320.0,1047.4157167253543,398.90701290244266,Elobstacle2
1340.0,1056.415374032932,398.985551721928,Elobstacle2
1250.0,1008.4172017258518,398.5666780180061,Elobstacle2
1260.0,1025.4165544179427,398.71502912147844,Elobstacle2
1250.0,1009.5916943588834,378.576166092221,Elobstacle2
1250.0,1008.4346547968485,396.56675417187773,Elobstacle2
1250.0,1008.2724402816282,300.5616830222189,Elobstacle2
1250.0,1009.0891449592266,321.56960994206486,Elobstacle2
1250.0,1009.9233027078217,340.5776130157825,Elobstacle2
1250.0,1008.8011692877802,354.5683534031825,Elobstacle2
1250.0,1010.4294417667272,282.5798214780606,Elobstacle2
1677.7982530185925,-320.85201341014294,90.36497010215618,Elobstacle1
1697.5635059972167,-318.6175910267136,92.44874823415935,Elobstacle1
1718.1947843796254,-316.8831686432843,94.53252636616253,Elobstacle1
1738.4697157143507,-321.76595745156965,95.5744154321641,Elobstacle1
1618.5024940827197,-327.5552805604309,84.11363570614668,Elobstacle1
1637.8941255340656,-323.9679896450491,86.37106201581679,Elobstacle1
1657.65937851269,-321.7335672616198,88.45484014781997,Elobstacle1
1599.2296449806015,-328.9368344119078,82.20350575181047,Elobstacle1
1542.6507446053097,-334.93436449829085,76.29946771113484,Elobstacle1
1561.5499721801496,-332.1999421148615,78.38324584313798,Elobstacle1
1524.243920906976,-336.81591834976774,74.3893377567986,Elobstacle1
1580.3304174057616,-331.6712567953371,80.11972761980729,Elobstacle1
1477.8185585592928,-353.2270046957505,50.52803067124691,Elobstacle1
1477.819760678642,-353.22492256396055,67.79070700545523,Elobstacle1
1487.803895037587,-341.9318945846739,70.39542967045921,Elobstacle1
1505.8370972086423,-338.6974722012446,72.47920780246235,Elobstacle1
1477.6376976655292,-353.540264952851,-51.07841182797864,Elobstacle1
1477.9291148272232,-353.03551562259963,-25.58997711433878,Elobstacle1
1477.728128112411,-353.3836348243007,-0.2751905783658657,Elobstacle1
1478.511949150611,-352.02601696209695,25.386892312940915,Elobstacle1
1478.7591981042679,-351.5977692122449,-167.4569706223873,Elobstacle1
1478.529670732961,-351.99532228107614,-136.0596893906742,Elobstacle1
1478.5606156281544,-351.9417241503661,-107.61683141799773,Elobstacle1
1477.6935768591693,-353.4434793503805,-80.50607755366732,Elobstacle1
1481.7646920795469,-346.3921009452195,-264.89345261890776,Elobstacle1
1478.8126730592091,-351.5051478733543,-231.40998901649266,Elobstacle1
1477.7434454560623,-353.3571044068598,-196.24712495039765,Elobstacle1
1281.0,-371.8215181615603,-106.6809122778219,El球体
1290.0,-371.9400711958193,-96.77790302534983,El球体
1315.0,-369.5262686588147,-125.99760453119299,El球体
1235.0,-378.1350196778552,-156.4152687547429,El球体
1241.0,-377.5553437100226,-149.38274872261462,El球体
1253.0,-375.70672555773535,-136.28361213961836,El球体
1262.0,-375.4002015353404,-126.11997867840195,El球体
1207.0,-380.38927725033716,-204.43307596159738,El球体
1213.0,-380.16283142591584,-187.0,El球体
1225.0,-378.98780669118025,-168.98780669118025,El球体
1602.7585664982446,-246.82456304742698,95.0534708991633,Elobstacle1
1621.5562862034517,-254.26595745156965,95.5744154321641,Elobstacle1
1547.792934581294,-256.02783019771493,88.8021365031538,Elobstacle1
1529.522167711783,-263.673726708954,86.02376566048292,Elobstacle1
1565.8261367523494,-252.79340781428562,90.88591463515698,Elobstacle1
1584.3517427999109,-248.70611689890382,93.14334094482706,Elobstacle1
1525.582936699734,-270.4966749645736,84.63458023914748,Elobstacle1
1525.66495231117,-270.3546197585529,14.599067149301959,Elobstacle1
1525.7244378628582,-270.25158776071265,36.95943042623827,Elobstacle1
1525.6102752368795,-270.4493232292333,61.28940920919899,Elobstacle1
1525.547183327143,-270.55860162244335,-12.858983070362314,Elobstacle1
1525.6862802515682,-270.3176786821623,-95.05948555168818,Elobstacle1
1525.2248212702557,-271.1169490834047,-66.79027575667864,Elobstacle1
1525.7481700419553,-270.2104824207422,-38.173769606335235,Elobstacle1
1525.7670937436546,-270.17770560793144,-182.35767497574204,Elobstacle1
1526.083445203795,-269.62976880591975,-214.73976396046734,Elobstacle1
1525.6243904611813,-270.4248749435823,-151.94520149704113,Elobstacle1
1525.6553353563747,-270.3712768128723,-123.50234352436466,Elobstacle1
1525.7337446097624,-270.23546800222135,-245.32588561683514,Elobstacle1
1585.95092294533,-165.9362556365825,-237.29060508596223,Elobstacle1
1284.0,-308.1123435523249,-175.7925105474398,El球体
1279.0,-308.42619381372447,-200.2385568122623,El球体
1290.0,-306.7779030253498,-161.9400711958193,El球体
1284.0,-308.1123435523249,-244.20748945256025,El球体
1388.0,1173.41091903144,400.0065563752378,Elobstacle2
1411.0,1183.410538262082,400.0938217302215,Elobstacle2
1435.0,1192.4101955696592,400.17236054970687,Elobstacle2
1462.0,1199.4099290311085,400.2334462981955,Elobstacle2
1302.0,1134.4124040319375,399.6662214908012,Elobstacle2
1324.0,1143.4120613395148,399.74476031028655,Elobstacle2
1345.0,1152.4117186470926,399.82329912977195,Elobstacle2
1366.0,1163.4112998007984,399.91929102025404,Elobstacle2
1250.0,1096.4138509554987,399.334613141863,Elobstacle2
1250.0,1098.4137748016271,399.3520662128597,Elobstacle2
1262.0,1116.4130894167824,399.50914385183046,Elobstacle2
1282.0,1125.4127467243597,399.5876826713158,Elobstacle2
1250.0,1100.085679958066,322.36372467241694,Elobstacle2
1250.0,1096.9025369434078,343.3367454502694,Elobstacle2
1250.0,1096.771638910932,358.33617429623195,Elobstacle2
1250.0,1096.5883816654664,379.33537468057955,Elobstacle2
1250.0,1097.4086760023133,285.3389539125475,Elobstacle2
1250.0,1097.2777779698379,300.33838275851,Elobstacle2
1577.0651231084723,-181.32691241990702,-148.02039591718517,Elobstacle1
1780.0389350960038,-345.76595745156965,95.5744154321641,Elobstacle1
1576.2266249959819,-182.77923375279127,-126.99213674859493,Elobstacle1
1759.2543254051773,-333.76595745156965,95.5744154321641,Elobstacle1
1576.7688974693808,-181.83999027731807,-242.55953596765832,Elobstacle1
1801.1971663141087,-359.1188259835221,95.40076725449717,Elobstacle1
1698.6325471402668,-298.76595745156965,95.5744154321641,Elobstacle1
1576.4525460092405,-182.38792707932978,-210.17744698293302,Elobstacle1
1718.5511314273087,-310.26595745156965,95.5744154321641,Elobstacle1
1576.309842726767,-182.6350964149806,-179.7649735042321,Elobstacle1
1738.4697157143507,-321.76595745156965,95.5744154321641,Elobstacle1
1678.7139628532245,-287.26595745156965,95.5744154321641,Elobstacle1
1640.4900627374816,-267.4716945154745,95.22711907683023,Elobstacle1
1603.1321880255227,-248.1774315793794,94.87982272149637,Elobstacle1
1621.3187215049961,-258.6774315793794,94.87982272149637,Elobstacle1
1659.542621620739,-278.4716945154745,95.22711907683023,Elobstacle1
1584.8268721968218,-239.8831686432843,94.53252636616253,Elobstacle1
1546.7563033894967,-233.82332809061853,92.10145187882549,Elobstacle1
1548.233515019015,-231.2647224947612,92.62239641182629,Elobstacle1
1566.5215563681209,-231.5889057071892,94.18523001082866,Elobstacle1
1547.8790059475846,-231.8787502182225,-7.014430581374853,Elobstacle1
1546.6932114797603,-233.9326064838285,17.953059599264193,Elobstacle1
1546.984628641454,-233.42785715357718,43.44149431290407,Elobstacle1
1547.0441141931424,-233.32482515573696,65.80185758984035,Elobstacle1
1546.9464710301643,-233.49394807502676,-88.57742166502238,Elobstacle1
1546.9774159253577,-233.44034994431672,-60.13456369234591,Elobstacle1
1547.4079300114768,-232.69467767378435,-116.84663146003193,Elobstacle1
1546.689605121712,-233.9388528791983,-33.83496940336078,Elobstacle1
1546.9071112995248,-233.5621211282663,-237.85901397715713,Elobstacle1
1548.6471994342423,-230.54820006928782,-205.76714003477633,Elobstacle1
1547.3460402210899,-232.8018739352044,-173.73234740538487,Elobstacle1
1546.9714053286107,-233.4507606032664,-146.44794536338753,Elobstacle1
1250.0,1191.4102336465953,400.16363401420847,Elobstacle2
1250.0,1190.410271723531,400.15490747871013,Elobstacle2
1250.0,1190.9076842469383,343.1570778640524,Elobstacle2
1250.0,1190.759333143466,360.1564305561433,Elobstacle2
1250.0,1190.593528968997,379.1557070943625,Elobstacle2
1250.0,1190.41386138278,285.15055979083206,Elobstacle2
1250.0,1190.2480572083107,304.1498363290513,Elobstacle2
1993.0,8.0,-60.0,Elobstacle3
1250.0,1190.09097956934,322.1491509442064,Elobstacle2
1942.0,-5.0,-60.0,Elobstacle3
1968.0,2.0,-60.0,Elobstacle3
2020.0,15.0,-60.0,Elobstacle3
1917.0,-12.0,-60.0,Elobstacle3
1845.0,-31.0,-60.0,Elobstacle3
1868.0,-25.0,-60.0,Elobstacle3
1893.0,-18.0,-60.0,Elobstacle3
1798.0,-43.0,-60.0,Elobstacle3
1753.0,-55.0,-60.0,Elobstacle3
1775.0,-49.0,-60.0,Elobstacle3
1821.0,-37.0,-60.0,Elobstacle3
1740.0,-55.0,-74.0,Elobstacle3
1740.0,-55.0,-60.0,Elobstacle3
1740.0,-54.0,-128.0,Elobstacle3
1740.0,-54.0,-100.0,Elobstacle3
1740.0,-55.0,-157.0,Elobstacle3
1740.0,-55.0,-243.0,Elobstacle3
1740.0,-54.0,-212.0,Elobstacle3
1740.0,-53.0,-184.0,Elobstacle3
1740.0,-53.0,-275.0,Elobstacle3
1753.2806589845989,-428.1126511994797,80.6406721528081,Elobstacle1
1774.0652686754254,-440.1126511994797,80.6406721528081,Elobstacle1
1673.6063218364304,-382.1126511994797,80.6406721528081,Elobstacle1
1713.0698688832363,-403.7597826675273,80.81432033047503,Elobstacle1
1732.9884531702785,-415.2597826675273,80.81432033047503,Elobstacle1
1693.1512845961943,-392.2597826675273,80.81432033047503,Elobstacle1
1598.6357332344626,-339.9655197314322,80.46702397514116,Elobstacle1
1616.9410490631637,-348.2597826675273,80.81432033047503,Elobstacle1
1635.5012040699153,-360.1126511994797,80.6406721528081,Elobstacle1
1654.5537629531727,-371.1126511994797,80.6406721528081,Elobstacle1
1527.2480285968604,-297.6126511994798,80.6406721528081,Elobstacle1
1580.3304174057616,-331.6712567953371,80.11972761980729,Elobstacle1
1544.9421581998274,-308.9655197314322,80.46702397514116,Elobstacle1
1562.2626662755163,-318.9655197314322,80.46702397514116,Elobstacle1
1508.3451946639723,-300.3533199782789,26.768865018179923,Elobstacle1
1508.3488010220206,-300.3470735829091,78.55689402080492,Elobstacle1
1509.3336087750326,-298.6413365190042,78.90419037613879,Elobstacle1
1508.5497877368327,-299.99895438120797,53.24210748483199,Elobstacle1
1509.1527478812693,-298.95459677610467,-22.70225212308678,Elobstacle1
1508.5984542143763,-299.9146615694772,-79.76161624610666,Elobstacle1
1508.6293991095697,-299.86106343876713,-51.31875827343018,Elobstacle1
1508.5461813787845,-300.0052007765778,1.4540784822070094,Elobstacle1
1509.5772513706415,-298.2193351645219,-165.72770156181443,Elobstacle1
1508.4806852303493,-300.1186434333676,-107.21966646577093,Elobstacle1
1508.2427430235966,-300.5307714247284,-196.66111957351612,Elobstacle1
1508.942144211662,-299.3193730321252,-135.48887626078047,Elobstacle1
1508.2962179785377,-300.43815008583783,-260.61413796762145,Elobstacle1
1508.2117981284032,-300.58436955543846,-225.1039775461926,Elobstacle1
1775.0,44.0,-60.0,Elobstacle3
1798.0,51.0,-60.0,Elobstacle3
1753.0,37.0,-60.0,Elobstacle3
1740.0,32.0,-126.0,Elobstacle3
1740.0,32.0,-60.0,Elobstacle3
1740.0,32.0,-102.0,Elobstacle3
1740.0,32.0,-75.0,Elobstacle3
1740.0,32.0,-241.0,Elobstacle3
1740.0,34.0,-212.0,Elobstacle3
1740.0,33.0,-183.0,Elobstacle3
1740.0,32.0,-154.0,Elobstacle3
1740.0,33.0,-274.0,Elobstacle3
1503.0,35.4542505844131,390.07575897808823,Elobstacle2
1521.0,42.453984045862285,390.13684472657684,Elobstacle2
1436.0,9.455240584744615,389.84886905513054,Elobstacle2
1452.0,22.45474558457886,389.96231401660935,Elobstacle2
1469.0,22.45474558457886,389.96231401660935,Elobstacle2
1486.0,28.45451712296392,390.0146732295996,Elobstacle2
1379.0,-0.5443786458970408,389.7616037001468,Elobstacle2
1420.0,3.455469046359667,389.79650984214027,Elobstacle2
1404.0,-0.5443786458970408,389.7616037001468,Elobstacle2
1388.0,-0.5443786458970408,389.7616037001468,Elobstacle2
1379.0,-0.26512950994913353,357.7628221620933,Elobstacle2
1380.0,-0.45711329091329844,379.7619844695051,Elobstacle2
1380.0,-0.11677840647678295,340.7634694700024,Elobstacle2
1380.0,0.04902576799236158,321.7641929317831,Elobstacle2
1381.0,0.42426679442246495,278.7658302400238,Elobstacle2
1382.0,0.5900709688914958,259.7665537018045,Elobstacle2
1381.0,0.22355647795984623,301.7649544704997,Elobstacle2
1515.0,126.45078558325264,390.86987370844025,Elobstacle2
1498.0,118.45109019873928,390.80006142445325,Elobstacle2
1482.0,106.45154712196921,390.69534299847277,Elobstacle2
1433.0,84.45238481455749,390.50335921750855,Elobstacle2
1449.0,91.45211827600667,390.56444496599715,Elobstacle2
1465.0,99.45181366052003,390.63425724998416,Elobstacle2
1401.0,74.45276558391583,390.4160938625248,Elobstacle2
1371.0,57.45341289182488,390.26774275905245,Elobstacle2
1386.0,64.45314635327406,390.32882850754106,Elobstacle2
1417.0,77.45265135310831,390.44227346901994,Elobstacle2
1312.0,31.454402892156395,390.04085283609476,Elobstacle2
1326.0,39.45409827666981,390.11066512008176,Elobstacle2
1341.0,44.45390789199064,390.1542977975736,Elobstacle2
1356.0,50.4536794303757,390.20665701056384,Elobstacle2
1298.0,25.454631353771447,389.9884936231045,Elobstacle2
1256.0,6.455354815552141,389.8226894486354,Elobstacle2
1270.0,13.455088277001323,389.883775197124,Elobstacle2
1284.0,19.454859815386385,389.9361344101143,Elobstacle2
1250.0,5.5688378539668975,376.8144579133028,Elobstacle2
1250.0,4.455430969423787,389.80523637763866,Elobstacle2
1250.0,3.909248892275059,337.79848984280335,Elobstacle2
1250.0,4.743406640870035,356.806492916521,Elobstacle2
1250.0,4.467747164170987,273.8009267666964,Elobstacle2
1250.0,7.2669226169008425,296.82623060366745,Elobstacle2
1250.0,4.092506137740884,316.79928945845575,Elobstacle2
1506.0,202.4478917361297,391.53309040631666,Elobstacle2
1490.0,191.4483105824238,391.4370985158346,Elobstacle2
1523.0,210.44758712064305,391.60290269030367,Elobstacle2
1426.0,159.4495290443703,391.1578493798866,Elobstacle2
1441.0,170.4491101980762,391.2538412703687,Elobstacle2
1457.0,177.44884365952538,391.31492701885736,Elobstacle2
1473.0,186.44850096710292,391.3934658383427,Elobstacle2
1395.0,144.4501001984077,391.026951347411,Elobstacle2
1365.0,130.45063327550935,390.9047798504338,Elobstacle2
1380.0,136.45040481389435,390.957139063424,Elobstacle2
1410.0,153.44975750598525,391.10549016689635,Elobstacle2
1322.0,106.45154712196921,390.69534299847277,Elobstacle2
1336.0,115.45120442954675,390.77388181795817,Elobstacle2
1308.0,99.45181366052003,390.63425724998416,Elobstacle2
1351.0,121.45097596793181,390.8262410309484,Elobstacle2
1280.0,85.45234673762172,390.51208575300694,Elobstacle2
1253.0,72.45284173778748,390.39864079152807,Elobstacle2
1266.0,84.45238481455749,390.50335921750855,Elobstacle2
1294.0,92.45208019907085,390.57317150149555,Elobstacle2
1250.0,70.60999553062982,372.38187310537626,Elobstacle2
1250.0,70.45291789165913,390.38118772053133,Elobstacle2
1250.0,71.95029233813057,333.3920846413719,Elobstacle2
1250.0,70.77579970509896,353.382596567157,Elobstacle2
1250.0,70.482687157403,272.37695426346073,Elobstacle2
1250.0,71.29066529950296,294.3848431063709,Elobstacle2
1250.0,72.10736997710126,315.39277002621685,Elobstacle2
1526.0,298.4442363502901,392.3708378141606,Elobstacle2
1477.0,269.44534058142915,392.1177682847077,Elobstacle2
1493.0,279.44495981207086,392.20503363969146,Elobstacle2
1510.0,287.4446551965842,392.27484592367847,Elobstacle2
1415.0,233.44671135111895,391.8036130067663,Elobstacle2
1430.0,242.44636865869654,391.88215182625163,Elobstacle2
1445.0,254.44591173546655,391.9868702522321,Elobstacle2
1461.0,261.4456451969158,392.0479560007208,Elobstacle2
1385.0,217.44732058209223,391.6639884387923,Elobstacle2
1356.0,200.44796789000134,391.5156373353199,Elobstacle2
1370.0,211.44754904370723,391.61162922580206,Elobstacle2
1400.0,224.4470540435414,391.72507418728094,Elobstacle2
1314.0,175.44891981339703,391.29747394786057,Elobstacle2
1342.0,191.4483105824238,391.4370985158346,Elobstacle2
1300.0,170.4491101980762,391.2538412703687,Elobstacle2
1328.0,183.44861519791039,391.3672862318476,Elobstacle2
1250.0,139.45029058308688,390.98331866991913,Elobstacle2
1260.0,145.4500621214719,391.03567788290934,Elobstacle2
1273.0,155.4496813521136,391.1229432378931,Elobstacle2
1287.0,160.44949096743449,391.16657591538495,Elobstacle2
1250.0,140.0262419259796,324.98583174768385,Elobstacle2
1250.0,138.8342962219512,346.97626751959723,Elobstacle2
1250.0,138.67721858298046,364.9755821347523,Elobstacle2
1250.0,139.50264979607715,384.9835471315341,Elobstacle2
1250.0,138.56736328075039,262.9707394467084,Elobstacle2
1250.0,139.20081071288286,304.977866750902,Elobstacle2
1250.0,139.37534142285034,284.9786282896186,Elobstacle2
